
% ---------------------------------------------------------------------------------------
% Source Definition
% ---------------------------------------------------------------------------------------

        ChfRayDir=  0.0E+00  -3.490658433100967E-04  9.999999390765167E-01
        ChfRayPos=  0.0E+00  7.714355605011924E+00  -2.209999999390765E+04
          zSource=1.0E+22

        BaseUnits=  mm
        WaveUnits=  mm

           IndRef=1.0E+00
           Extinc=0.0E+00
          Wavelen=1.0E-03
             Flux=1.0E+00

         Aperture=8.0E+03
         Obscratn=0.0E+00

         GridType=  Circular
         nGridpts=  128
            xGrid=  -1.0E+00  -8.256168163029683E-26  -2.881946477916146E-29
            yGrid=  -8.256168666024237E-26  9.999999390765167E-01  3.490658433100967E-04

% ---------------------------------------------------------------------------------------
% Element Definitions
% ---------------------------------------------------------------------------------------

             nElt=  7


             iElt=  1
          EltName=  m1
          Element=  Reflector
          Surface=  FreeForm
            KrElt=-5.153424657534246E+04
            KcElt=0.0E+00
           psiElt=  0.0E+00  -1.253332335643043E-01  -9.921147013144779E-01
           VptElt=  0.0E+00  0.0E+00  0.0E+00
           RptElt=  0.0E+00  2.664576622073748E-15  -1.184961853013586E-16
       FFZernType=  BornWolf
      nFFZernCoef=  16
      FFZernModes=  1  3  4  5  9 10
                   11 12 13 19 20 21
                   22 23 24 25
       FFZernCoef=  1.197033345381584E+00  8.001048840672405E+00  -4.819152400977031E+00  1.803807588237849E+00  4.001252456159111E+00  4.686403726064767E-02
                    4.454202695146058E-04  2.894345076153592E-02  6.090427484587182E-01  4.853572152725304E-04  -2.037059141355803E-04  5.655567335241816E-05
                    -5.985985960057223E-06  -5.597372659639521E-08  -4.856161587539289E-06  2.268505602452859E-03
              lFF=  7.992027277230728E+03
      MonZernType=  BornWolf
     nMonZernCoef=  1
     MonZernModes=  1  
      MonZernCoef=  0.0E+00
             lMon=  7.992027277230728E+03
         nGridMat=  256
         GridFile=  flat.txt
        GridSrfdx=3.125E+01
              pFF=  0.0E+00  0.0E+00  0.0E+00
              xFF=  1.0E+00  0.0E+00  0.0E+00
              yFF=  0.0E+00  9.921147013144779E-01  -1.253332335643043E-01
              zFF=  0.0E+00  1.253332335643043E-01  9.921147013144779E-01
             pMon=  0.0E+00  0.0E+00  0.0E+00
             xMon=  1.0E+00  0.0E+00  0.0E+00
             yMon=  0.0E+00  9.921147013144779E-01  -1.253332335643043E-01
             zMon=  0.0E+00  1.253332335643043E-01  9.921147013144779E-01
            pData=  0.0E+00  0.0E+00  0.0E+00
            xData=  1.0E+00  0.0E+00  0.0E+00
            yData=  0.0E+00  9.921147013144779E-01  -1.253332335643043E-01
            zData=  0.0E+00  1.253332335643043E-01  9.921147013144779E-01
           IndRef=1.0E+00
           Extinc=0.0E+00
            nCoat=  0
             xObs=  -1.0E+00  0.0E+00  0.0E+00
             nObs=  0
           ApType=  Circular
            ApVec=  4.05E+03  0.0E+00  0.0E+00
         PropType=  Geometric
             zElt=5.15342465753E+04
          nECoord=  6
             TElt=  -1.0E+00  0.0E+00  0.0E+00  0.0E+00  0.0E+00  0.0E+00
                    0.0E+00  9.92114701314E-01  1.25333233564E-01  0.0E+00  0.0E+00  0.0E+00
                    0.0E+00  -1.25333233564E-01  9.92114701314E-01  0.0E+00  0.0E+00  0.0E+00
                    0.0E+00  0.0E+00  0.0E+00  -1.0E+00  0.0E+00  0.0E+00
                    0.0E+00  0.0E+00  0.0E+00  0.0E+00  9.92114701314E-01  1.25333233564E-01
                    0.0E+00  0.0E+00  0.0E+00  0.0E+00  -1.25333233564E-01  9.92114701314E-01

             iElt=  2
          EltName=  m2
          Element=  Reflector
          Surface=  Zernike
            KrElt=-8.870967741935485E+03
            KcElt=0.0E+00
           psiElt=  0.0E+00  -1.034817834603057E-01  -9.946313490393687E-01
           VptElt=  0.0E+00  -5.471177517626807E+03  -2.130882954482988E+04
           RptElt=  0.0E+00  -5.478901018988601E+03  -2.130802936919462E+04
         ZernType=  BornWolf
        nZernCoef=  16
        ZernModes=  1  3  4  5  9 10 11 12 13 19 20 21 22 23 24 25
         ZernCoef=  2.281226317817701E-02  2.648855555400775E-01  -2.834786712998551E-01  3.461391042046717E-02  1.322154671603264E-01  2.164785369384526E-03
                    1.678661481097936E-05  9.43096499583604E-04  1.180425978572936E-02  -1.515404064748394E-04  -6.759565779598963E-06  4.111039403578995E-06
                    -2.141021035984196E-07  -1.181856552133203E-07  -2.148065703638688E-06  2.612543439193223E-06
             lMon=6.813690285782741E+02
             pMon=  0.0E+00  -5.471177517626807E+03  -2.130882954482988E+04
             xMon=  1.0E+00  0.0E+00  0.0E+00
             yMon=  0.0E+00  9.946313490393687E-01  -1.034817834603057E-01
             zMon=  0.0E+00  1.034817834603057E-01  9.946313490393687E-01
           IndRef=1.0E+00
           Extinc=0.0E+00
            nCoat=  0
             xObs=  -1.0E+00  0.0E+00  0.0E+00
             nObs=  0
           ApType=  Circular
            ApVec=  6.15E+02  0.0E+00  0.0E+00
         PropType=  Geometric
             zElt=8.87096774194E+03
          nECoord=  6
             TElt=  -1.0E+00  0.0E+00  0.0E+00  0.0E+00  0.0E+00  0.0E+00
                    0.0E+00  9.94631349039E-01  1.0348178346E-01  0.0E+00  0.0E+00  0.0E+00
                    0.0E+00  -1.0348178346E-01  9.94631349039E-01  0.0E+00  0.0E+00  0.0E+00
                    0.0E+00  0.0E+00  0.0E+00  -1.0E+00  0.0E+00  0.0E+00
                    0.0E+00  0.0E+00  0.0E+00  0.0E+00  9.94631349039E-01  1.0348178346E-01
                    0.0E+00  0.0E+00  0.0E+00  0.0E+00  -1.0348178346E-01  9.94631349039E-01

             iElt=  3
          EltName=  lens_s1
          Element=  Refractor
          Surface=  FreeForm
            KrElt=-1.178141044931459E+03
            KcElt=0.0E+00
           psiElt=  0.0E+00  4.397848758392087E-02  -9.990324782657624E-01
           VptElt=  0.0E+00  -6.565848734547728E+03  3.55814880770777E+03
           RptElt=  0.0E+00  -6.625200796130088E+03  3.554028148023747E+03
       FFZernType=  BornWolf
      nFFZernCoef=   7
      FFZernModes=  1  4  9 10 11 12
                   13
       FFZernCoef=  -3.982615101969725E-03  -1.705468054646671E-03  8.837009300771345E-05  -4.122252015103961E-04  4.90052402921808E-03  -2.014553029541305E-04
                    3.982615103995399E-03
              lFF=8.627680116988223E+01
      MonZernType=  BornWolf
     nMonZernCoef=   1
      MonZernCoef=0.0E+00
             lMon=8.627680116988223E+01
         nGridMat=  256
         GridFile=  flat.txt
        GridSrfdx=7.15E-01
              pFF=  0.0E+00  -6.565848734547728E+03  3.55814880770777E+03
              xFF=  1.0E+00  0.0E+00  0.0E+00
              yFF=  0.0E+00  9.990324782657622E-01  4.397848758392087E-02
              zFF=  0.0E+00  -4.397848758392087E-02  9.990324782657622E-01
             pMon=  0.0E+00  -6.565848734547728E+03  3.55814880770777E+03
             xMon=  1.0E+00  0.0E+00  0.0E+00
             yMon=  0.0E+00  9.990324782657622E-01  4.397848758392087E-02
             zMon=  0.0E+00  -4.397848758392087E-02  9.990324782657622E-01
            pData=  0.0E+00  0.0E+00  0.0E+00
            xData=  1.0E+00  0.0E+00  0.0E+00
            yData=  0.0E+00  9.921147013144779E-01  -1.253332335643043E-01
            zData=  0.0E+00  1.253332335643043E-01  9.921147013144779E-01
           IndRef=1.45041571277E+00
           Extinc=0.0E+00
            nCoat=  0
             xObs=  -1.0E+00  0.0E+00  0.0E+00
             nObs=  0
           ApType=  Circular
            ApVec=  9.0E+01  0.0E+00  0.0E+00
         PropType=  Geometric
             zElt=1.17814104493E+03
          nECoord=  6
             TElt=  -1.0E+00  0.0E+00  0.0E+00  0.0E+00  0.0E+00  0.0E+00
                    0.0E+00  9.990324782659999E-01  -4.39784875839E-02  0.0E+00  0.0E+00  0.0E+00
                    0.0E+00  4.39784875839E-02  9.990324782659999E-01  0.0E+00  0.0E+00  0.0E+00
                    0.0E+00  0.0E+00  0.0E+00  -1.0E+00  0.0E+00  0.0E+00
                    0.0E+00  0.0E+00  0.0E+00  0.0E+00  9.990324782659999E-01  -4.39784875839E-02
                    0.0E+00  0.0E+00  0.0E+00  0.0E+00  4.39784875839E-02  9.990324782659999E-01

             iElt=  4
          EltName=  lens_s2
          Element=  Refractor
          Surface=  Conic
            KrElt=-1.0E+18
            KcElt=0.0E+00
           psiElt=  0.0E+00  -4.397848758392087E-02  9.990324782657624E-01
           VptElt=  0.0E+00  -6.566728304299406E+03  3.578129457273085E+03
           RptElt=  0.0E+00  -6.626514095845032E+03  3.57549762222429E+03
           IndRef=1.0E+00
           Extinc=0.0E+00
            nCoat=  0
             xObs=  1.0E+00  0.0E+00  0.0E+00
             nObs=  0
           ApType=  Circular
            ApVec=  9.0E+01  0.0E+00  0.0E+00
         PropType=  Geometric
             zElt=1.0E+18
          nECoord=  6
             TElt=  -1.0E+00  0.0E+00  0.0E+00  0.0E+00  0.0E+00  0.0E+00
                    0.0E+00  9.990324782659999E-01  -4.39784875839E-02  0.0E+00  0.0E+00  0.0E+00
                    0.0E+00  4.39784875839E-02  9.990324782659999E-01  0.0E+00  0.0E+00  0.0E+00
                    0.0E+00  0.0E+00  0.0E+00  -1.0E+00  0.0E+00  0.0E+00
                    0.0E+00  0.0E+00  0.0E+00  0.0E+00  9.990324782659999E-01  -4.39784875839E-02
                    0.0E+00  0.0E+00  0.0E+00  0.0E+00  4.39784875839E-02  9.990324782659999E-01

             iElt=  5
          EltName=  fpa
          Element=  Return
          Surface=  Flat
            KrElt=-1.0E+20
            KcElt=0.0E+00
           psiElt=  0.0E+00  -4.397848758392087E-02  9.990324782657624E-01
           VptElt=  0.0E+00  -6.571126153057798E+03  3.678032705099662E+03
           RptElt=  0.0E+00  -6.63339065198377E+03  3.67529175467762E+03
           IndRef=1.0E+00
           Extinc=0.0E+00
            nCoat=  0
             nObs=  0
           ApType=  None
         PropType=  Geometric
             zElt=1.0E+20
          nECoord=  6
             TElt=  -1.0E+00  0.0E+00  0.0E+00  0.0E+00  0.0E+00  0.0E+00
                    0.0E+00  9.990324782659999E-01  -4.39784875839E-02  0.0E+00  0.0E+00  0.0E+00
                    0.0E+00  4.39784875839E-02  9.990324782659999E-01  0.0E+00  0.0E+00  0.0E+00
                    0.0E+00  0.0E+00  0.0E+00  -1.0E+00  0.0E+00  0.0E+00
                    0.0E+00  0.0E+00  0.0E+00  0.0E+00  9.990324782659999E-01  -4.39784875839E-02
                    0.0E+00  0.0E+00  0.0E+00  0.0E+00  4.39784875839E-02  9.990324782659999E-01

             iElt=  6
          EltName=  exitpupil
          Element=  Return
          Surface=  Conic
            KrElt=-2.548001852124474E+03
            KcElt=0.0E+00
           psiElt=  -2.378631529918106E-24  -6.874402194112693E-02  9.976343315300241E-01
           VptElt=  0.0E+00  -6.458229779520717E+03  1.133317697534683E+03
           RptElt=  0.0E+00  -6.458229779520717E+03  1.133317697534683E+03
           IndRef=1.0E+00
           Extinc=0.0E+00
            nCoat=  0
             nObs=  0
           ApType=  None
         PropType=  FarField
             zElt=2.548001852125085E+03
          nECoord=  6
             TElt=  -1.0E+00  0.0E+00  0.0E+00  0.0E+00  0.0E+00  0.0E+00
                    0.0E+00  9.990324782659999E-01  -4.39784875839E-02  0.0E+00  0.0E+00  0.0E+00
                    0.0E+00  4.39784875839E-02  9.990324782659999E-01  0.0E+00  0.0E+00  0.0E+00
                    0.0E+00  0.0E+00  0.0E+00  -1.0E+00  0.0E+00  0.0E+00
                    0.0E+00  0.0E+00  0.0E+00  0.0E+00  9.990324782659999E-01  -4.39784875839E-02
                    0.0E+00  0.0E+00  0.0E+00  0.0E+00  4.39784875839E-02  9.990324782659999E-01

             iElt=  7
          EltName=
          Element=  FocalPlane
          Surface=  Flat
            KrElt=-1.0E+20
            KcElt=0.0E+00
           psiElt=  0.0E+00  -4.397848758392087E-02  9.990324782657624E-01
           VptElt=  0.0E+00  -6.571126153057798E+03  3.678032705099662E+03
           RptElt=  0.0E+00  -6.63339065198377E+03  3.67529175467762E+03
           IndRef=1.0E+00
           Extinc=0.0E+00
            nCoat=  0
             xObs=  1.0E+00  0.0E+00  0.0E+00
             nObs=  0
           ApType=  Rectangular
            ApVec=  -6.6E+01  6.6E+01  -6.6E+01  6.6E+01
         PropType=  Geometric
             zElt=1.0E+20
          nECoord=  6
             TElt=  -1.0E+00  0.0E+00  0.0E+00  0.0E+00  0.0E+00  0.0E+00
                    0.0E+00  9.990324782659999E-01  -4.39784875839E-02  0.0E+00  0.0E+00  0.0E+00
                    0.0E+00  4.39784875839E-02  9.990324782659999E-01  0.0E+00  0.0E+00  0.0E+00
                    0.0E+00  0.0E+00  0.0E+00  -1.0E+00  0.0E+00  0.0E+00
                    0.0E+00  0.0E+00  0.0E+00  0.0E+00  9.990324782659999E-01  -4.39784875839E-02
                    0.0E+00  0.0E+00  0.0E+00  0.0E+00  4.39784875839E-02  9.990324782659999E-01

% ---------------------------------------------------------------------------------------
% Output Coordinate System Definition
% ---------------------------------------------------------------------------------------

         nOutCord=  5
             Tout=  1.0E+00  0.0E+00  0.0E+00  0.0E+00  0.0E+00  0.0E+00  0.0E+00
                    0.0E+00  9.990324782659999E-01  4.39784875839E-02  0.0E+00  0.0E+00  0.0E+00  0.0E+00
                    0.0E+00  0.0E+00  0.0E+00  1.0E+00  0.0E+00  0.0E+00  0.0E+00
                    0.0E+00  0.0E+00  0.0E+00  0.0E+00  9.990324782659999E-01  4.39784875839E-02  0.0E+00
                    0.0E+00  0.0E+00  0.0E+00  0.0E+00  0.0E+00  0.0E+00  1.0E+00
