% MACOS prescription emitted by macos.design.Telescope (family=tma)
% Source Definition
        ChfRayDir=  0.0000000000000000E+00  0.0000000000000000E+00  1.0000000000000000E+00
        ChfRayPos=  0.0000000000000000E+00  0.0000000000000000E+00  -1.8666715218610850E+01
          zSource=1.0E+22
        BaseUnits=  m
        WaveUnits=  m
           IndRef=1.0E+00
           Extinc=0.0E+00
          Wavelen=4.9999999999999998E-07
             Flux=1.0E+00
         Aperture=6.0000000000000000E+00
         Obscratn=0.0E+00
         ApStop=  0.0000000000000000E+00  0.0000000000000000E+00  0.0000000000000000E+00
         GridType=  Hex
         nGridpts=  255
            xGrid=  -1.0  0.0000000000000000E+00  0.0000000000000000E+00
            yGrid=  0.0000000000000000E+00  1.0000000000000000E+00  0.0000000000000000E+00

             nSeg=  19
            width=  1.2E+00
              gap=  2.5E-02
         SegXgrid=  -1.0E+00  -0.0E+00  0.0E+00
         SegCoord=    0    0    0
                      1    2    1
                     -1    1    2
                     -2   -1    1
                     -1   -2   -1
                      1   -1   -2
                      2    1   -1
                      2    4    2
                      0    3    3
                     -2    2    4
                     -3    0    3
                     -4   -2    2
                     -3   -3    0
                     -2   -4   -2
                      0   -3   -3
                      2   -2   -4
                      3    0   -3
                      4    2   -2
                      3    3    0
% Element Definitions
             nElt=  47
    iElt=  1
 EltName=  Seg1
 Element=  Segment
 Surface=  FreeForm
    fElt=  3.84E+01
    eElt=  0.0E+00
   KrElt=  -3.84E+01
   KcElt=  -0.0E+00
  psiElt=  -0.0E+00  -9.758289975914947E-02  -9.952273999818312E-01
  VptElt=  0.0E+00  0.0E+00  0.0E+00
  RptElt=  0.0E+00  -7.414122505489118E-06  -7.561507069908657E-05
 FFZernType=  BornWolf
nFFZernCoef=   15
FFZernModes=    3    4    5    9   10   11
  12   13   19   20   21   22
  23   24   25
 FFZernCoef=  2.194530644557005E-03  1.844991463749379E-04  -1.306221092687606E-04  -3.30191323285365E-04  5.932762204496642E-05  2.083374039517029E-06
              1.751961163569184E-07  -5.471437816354341E-05  1.195364461708694E-07  8.707846039994075E-09  -5.64106012814184E-08  1.407108284102034E-09
              -2.233813085482016E-09  -4.528467147741682E-09  -6.995068316708596E-08
     lFF=  3.468810688698434E+00
MonZernType=  ANSI
nMonZernCoef=    1
MonZernModes=    1
 MonZernCoef=  0d0
    lMon=  6.928203288557364E-01
     pFF=  0.0E+00  0.0E+00  0.0E+00
     xFF=  -1.0E+00  0.0E+00  0.0E+00
     yFF=  0.0E+00  9.952273999818312E-01  -9.758289975914947E-02
     zFF=  -0.0E+00  -9.758289975914947E-02  -9.952273999818312E-01
    pMon=  0.0E+00  -7.414122505489118E-06  -7.561507069908657E-05
    xMon=  -8.660254771300531E-01  4.975732434445936E-01  -4.920102000661411E-02
    yMon=  4.999998729616479E-01  8.618224300915071E-01  -8.521869530511178E-02
    zMon=  -0.0E+00  -9.840206501490059E-02  -9.95146739732791E-01
  IndRef=  1d0
    zElt=  0d0
 PropType= 1
  nECoord= 6
    TElt=  -8.660254771300531E-01  4.999998729616479E-01  -0.0E+00  0.0E+00  0.0E+00  0.0E+00
            4.975732434445936E-01  8.618224300915071E-01  -9.840206501490059E-02  0.0E+00  0.0E+00  0.0E+00
            -4.920102000661411E-02  -8.521869530511178E-02  -9.95146739732791E-01  0.0E+00  0.0E+00  0.0E+00
            0.0E+00  0.0E+00  0.0E+00  -8.660254771300531E-01  4.999998729616479E-01  -0.0E+00
            0.0E+00  0.0E+00  0.0E+00  4.975732434445936E-01  8.618224300915071E-01  -9.840206501490059E-02
            0.0E+00  0.0E+00  0.0E+00  -4.920102000661411E-02  -8.521869530511178E-02  -9.95146739732791E-01
           ApType=  Polygonal
             xObs=  -9.9522739998E-01  -0.0000000000E+00  -9.7582899759E-02
        PolyApVec=  6
  -6.0000000000E-01  3.4005848666E-01  -8.1320750086E-02
  -5.5511151231E-17  6.8478742950E-01  -1.1540822532E-01
  6.0000000000E-01  3.4005848666E-01  -8.1320750086E-02
  6.0000000000E-01  -3.4939939902E-01  -1.3145799616E-02
  1.6653345369E-16  -6.9412834186E-01  2.0941675619E-02
  -6.0000000000E-01  -3.4939939902E-01  -1.3145799616E-02

    iElt=  2
 EltName=  Seg2
 Element=  Segment
 Surface=  FreeForm
    fElt=  3.84E+01
    eElt=  0.0E+00
   KrElt=  -3.84E+01
   KcElt=  -0.0E+00
  psiElt=  -0.0E+00  -9.758289975914947E-02  -9.952273999818312E-01
  VptElt=  0.0E+00  0.0E+00  0.0E+00
  RptElt=  -6.0E-01  1.03235387642134E+00  -1.20960014723515E-01
 FFZernType=  BornWolf
nFFZernCoef=   15
FFZernModes=    3    4    5    9   10   11
  12   13   19   20   21   22
  23   24   25
 FFZernCoef=  2.194530644557005E-03  1.844991463749379E-04  -1.306221092687606E-04  -3.30191323285365E-04  5.932762204496642E-05  2.083374039517029E-06
              1.751961163569184E-07  -5.471437816354341E-05  1.195364461708694E-07  8.707846039994075E-09  -5.64106012814184E-08  1.407108284102034E-09
              -2.233813085482016E-09  -4.528467147741682E-09  -6.995068316708596E-08
     lFF=  3.468810688698434E+00
MonZernType=  ANSI
nMonZernCoef=    1
MonZernModes=    1
 MonZernCoef=  0d0
    lMon=  6.928203288557364E-01
     pFF=  0.0E+00  0.0E+00  0.0E+00
     xFF=  -1.0E+00  0.0E+00  0.0E+00
     yFF=  0.0E+00  9.952273999818312E-01  -9.758289975914947E-02
     zFF=  -0.0E+00  -9.758289975914947E-02  -9.952273999818312E-01
    pMon=  -6.0E-01  1.03235387642134E+00  -1.20960014723515E-01
    xMon=  -8.659226507084846E-01  4.943690765077789E-01  -7.600775738592556E-02
    yMon=  4.999340538740178E-01  8.601936990774299E-01  -1.006615211715906E-01
    zMon=  1.561745072291164E-02  -1.251639575130706E-01  -9.920131445563529E-01
  IndRef=  1d0
    zElt=  0d0
 PropType= 1
  nECoord= 6
    TElt=  -8.659226507084846E-01  4.999340538740178E-01  1.561745072291164E-02  0.0E+00  0.0E+00  0.0E+00
            4.943690765077789E-01  8.601936990774299E-01  -1.251639575130706E-01  0.0E+00  0.0E+00  0.0E+00
            -7.600775738592556E-02  -1.006615211715906E-01  -9.920131445563529E-01  0.0E+00  0.0E+00  0.0E+00
            0.0E+00  0.0E+00  0.0E+00  -8.659226507084846E-01  4.999340538740178E-01  1.561745072291164E-02
            0.0E+00  0.0E+00  0.0E+00  4.943690765077789E-01  8.601936990774299E-01  -1.251639575130706E-01
            0.0E+00  0.0E+00  0.0E+00  -7.600775738592556E-02  -1.006615211715906E-01  -9.920131445563529E-01
           ApType=  Polygonal
             xObs=  -9.9522739998E-01  -0.0000000000E+00  -9.7582899759E-02
        PolyApVec=  6
  -1.2000000000E+00  1.3742610012E+00  -1.8358472686E-01
  -6.0000000000E-01  1.7189899440E+00  -2.1767220209E-01
  -2.2204460493E-16  1.3742610012E+00  -1.8358472686E-01
  1.6653345369E-16  6.8480311552E-01  -1.1540977639E-01
  -6.0000000000E-01  3.4007417268E-01  -8.1322301151E-02
  -1.2000000000E+00  6.8480311552E-01  -1.1540977639E-01

    iElt=  3
 EltName=  Seg3
 Element=  Segment
 Surface=  FreeForm
    fElt=  3.84E+01
    eElt=  0.0E+00
   KrElt=  -3.84E+01
   KcElt=  -0.0E+00
  psiElt=  -0.0E+00  -9.758289975914947E-02  -9.952273999818312E-01
  VptElt=  0.0E+00  0.0E+00  0.0E+00
  RptElt=  6.0E-01  1.03235387642134E+00  -1.20960014723515E-01
 FFZernType=  BornWolf
nFFZernCoef=   15
FFZernModes=    3    4    5    9   10   11
  12   13   19   20   21   22
  23   24   25
 FFZernCoef=  2.194530644557005E-03  1.844991463749379E-04  -1.306221092687606E-04  -3.30191323285365E-04  5.932762204496642E-05  2.083374039517029E-06
              1.751961163569184E-07  -5.471437816354341E-05  1.195364461708694E-07  8.707846039994075E-09  -5.64106012814184E-08  1.407108284102034E-09
              -2.233813085482016E-09  -4.528467147741682E-09  -6.995068316708596E-08
     lFF=  3.468810688698434E+00
MonZernType=  ANSI
nMonZernCoef=    1
MonZernModes=    1
 MonZernCoef=  0d0
    lMon=  6.928203288557364E-01
     pFF=  0.0E+00  0.0E+00  0.0E+00
     xFF=  -1.0E+00  0.0E+00  0.0E+00
     yFF=  0.0E+00  9.952273999818312E-01  -9.758289975914947E-02
     zFF=  -0.0E+00  -9.758289975914947E-02  -9.952273999818312E-01
    pMon=  6.0E-01  1.03235387642134E+00  -1.20960014723515E-01
    xMon=  -4.337557449476863E-04  9.921348997912934E-01  -1.251724908758864E-01
    yMon=  9.998779460958578E-01  -1.524583807603325E-03  -1.554890849360308E-02
    zMon=  -1.561745072291164E-02  -1.251639575130706E-01  -9.920131445563529E-01
  IndRef=  1d0
    zElt=  0d0
 PropType= 1
  nECoord= 6
    TElt=  -4.337557449476863E-04  9.998779460958578E-01  -1.561745072291164E-02  0.0E+00  0.0E+00  0.0E+00
            9.921348997912934E-01  -1.524583807603325E-03  -1.251639575130706E-01  0.0E+00  0.0E+00  0.0E+00
            -1.251724908758864E-01  -1.554890849360308E-02  -9.920131445563529E-01  0.0E+00  0.0E+00  0.0E+00
            0.0E+00  0.0E+00  0.0E+00  -4.337557449476863E-04  9.998779460958578E-01  -1.561745072291164E-02
            0.0E+00  0.0E+00  0.0E+00  9.921348997912934E-01  -1.524583807603325E-03  -1.251639575130706E-01
            0.0E+00  0.0E+00  0.0E+00  -1.251724908758864E-01  -1.554890849360308E-02  -9.920131445563529E-01
           ApType=  Polygonal
             xObs=  -9.9522739998E-01  -0.0000000000E+00  -9.7582899759E-02
        PolyApVec=  6
  -1.1102230246E-16  1.3742610012E+00  -1.8358472686E-01
  6.0000000000E-01  1.7189899440E+00  -2.1767220209E-01
  1.2000000000E+00  1.3742610012E+00  -1.8358472686E-01
  1.2000000000E+00  6.8480311552E-01  -1.1540977639E-01
  6.0000000000E-01  3.4007417268E-01  -8.1322301151E-02
  -1.1102230246E-16  6.8480311552E-01  -1.1540977639E-01

    iElt=  4
 EltName=  Seg4
 Element=  Segment
 Surface=  FreeForm
    fElt=  3.84E+01
    eElt=  0.0E+00
   KrElt=  -3.84E+01
   KcElt=  -0.0E+00
  psiElt=  -0.0E+00  -9.758289975914947E-02  -9.952273999818312E-01
  VptElt=  0.0E+00  0.0E+00  0.0E+00
  RptElt=  1.2E+00  -1.840009607503523E-03  -1.876586965684979E-02
 FFZernType=  BornWolf
nFFZernCoef=   15
FFZernModes=    3    4    5    9   10   11
  12   13   19   20   21   22
  23   24   25
 FFZernCoef=  2.194530644557005E-03  1.844991463749379E-04  -1.306221092687606E-04  -3.30191323285365E-04  5.932762204496642E-05  2.083374039517029E-06
              1.751961163569184E-07  -5.471437816354341E-05  1.195364461708694E-07  8.707846039994075E-09  -5.64106012814184E-08  1.407108284102034E-09
              -2.233813085482016E-09  -4.528467147741682E-09  -6.995068316708596E-08
     lFF=  3.468810688698434E+00
MonZernType=  ANSI
nMonZernCoef=    1
MonZernModes=    1
 MonZernCoef=  0d0
    lMon=  6.928203288557364E-01
     pFF=  0.0E+00  0.0E+00  0.0E+00
     xFF=  -1.0E+00  0.0E+00  0.0E+00
     yFF=  0.0E+00  9.952273999818312E-01  -9.758289975914947E-02
     zFF=  -0.0E+00  -9.758289975914947E-02  -9.952273999818312E-01
    pMon=  1.2E+00  -1.840009607503523E-03  -1.876586965684979E-02
    xMon=  8.654924811818718E-01  4.950977933153884E-01  -7.616390268283474E-02
    yMon=  4.999440490412085E-01  -8.632555701652291E-01  6.961155368893043E-02
    zMon=  -3.128438661583437E-02  -9.832596621919447E-02  -9.946624007778383E-01
  IndRef=  1d0
    zElt=  0d0
 PropType= 1
  nECoord= 6
    TElt=  8.654924811818718E-01  4.999440490412085E-01  -3.128438661583437E-02  0.0E+00  0.0E+00  0.0E+00
            4.950977933153884E-01  -8.632555701652291E-01  -9.832596621919447E-02  0.0E+00  0.0E+00  0.0E+00
            -7.616390268283474E-02  6.961155368893043E-02  -9.946624007778383E-01  0.0E+00  0.0E+00  0.0E+00
            0.0E+00  0.0E+00  0.0E+00  8.654924811818718E-01  4.999440490412085E-01  -3.128438661583437E-02
            0.0E+00  0.0E+00  0.0E+00  4.950977933153884E-01  -8.632555701652291E-01  -9.832596621919447E-02
            0.0E+00  0.0E+00  0.0E+00  -7.616390268283474E-02  6.961155368893043E-02  -9.946624007778383E-01
           ApType=  Polygonal
             xObs=  -9.9522739998E-01  -0.0000000000E+00  -9.7582899759E-02
        PolyApVec=  6
  6.0000000000E-01  3.4007386986E-01  -8.1322271207E-02
  1.2000000000E+00  6.8480281270E-01  -1.1540974644E-01
  1.8000000000E+00  3.4007386986E-01  -8.1322271207E-02
  1.8000000000E+00  -3.4938401582E-01  -1.3147320737E-02
  1.2000000000E+00  -6.9411295866E-01  2.0940154498E-02
  6.0000000000E-01  -3.4938401582E-01  -1.3147320737E-02

    iElt=  5
 EltName=  Seg5
 Element=  Segment
 Surface=  FreeForm
    fElt=  3.84E+01
    eElt=  0.0E+00
   KrElt=  -3.84E+01
   KcElt=  -0.0E+00
  psiElt=  -0.0E+00  -9.758289975914947E-02  -9.952273999818312E-01
  VptElt=  0.0E+00  0.0E+00  0.0E+00
  RptElt=  6.0E-01  -1.036027439148669E+00  8.349412376501775E-02
 FFZernType=  BornWolf
nFFZernCoef=   15
FFZernModes=    3    4    5    9   10   11
  12   13   19   20   21   22
  23   24   25
 FFZernCoef=  2.194530644557005E-03  1.844991463749379E-04  -1.306221092687606E-04  -3.30191323285365E-04  5.932762204496642E-05  2.083374039517029E-06
              1.751961163569184E-07  -5.471437816354341E-05  1.195364461708694E-07  8.707846039994075E-09  -5.64106012814184E-08  1.407108284102034E-09
              -2.233813085482016E-09  -4.528467147741682E-09  -6.995068316708596E-08
     lFF=  3.468810688698434E+00
MonZernType=  ANSI
nMonZernCoef=    1
MonZernModes=    1
 MonZernCoef=  0d0
    lMon=  6.928203288557364E-01
     pFF=  0.0E+00  0.0E+00  0.0E+00
     xFF=  -1.0E+00  0.0E+00  0.0E+00
     yFF=  0.0E+00  9.952273999818312E-01  -9.758289975914947E-02
     zFF=  -0.0E+00  -9.758289975914947E-02  -9.952273999818312E-01
    pMon=  6.0E-01  -1.036027439148669E+00  8.349412376501775E-02
    xMon=  8.659159270434379E-01  -4.996986667527867E-01  2.215512893193939E-02
    yMon=  -4.999441597826777E-01  -8.632543157567507E-01  6.962631274551712E-02
    zMon=  -1.566666498320354E-02  -7.136686046640613E-02  -9.973270911970017E-01
  IndRef=  1d0
    zElt=  0d0
 PropType= 1
  nECoord= 6
    TElt=  8.659159270434379E-01  -4.999441597826777E-01  -1.566666498320354E-02  0.0E+00  0.0E+00  0.0E+00
            -4.996986667527867E-01  -8.632543157567507E-01  -7.136686046640613E-02  0.0E+00  0.0E+00  0.0E+00
            2.215512893193939E-02  6.962631274551712E-02  -9.973270911970017E-01  0.0E+00  0.0E+00  0.0E+00
            0.0E+00  0.0E+00  0.0E+00  8.659159270434379E-01  -4.999441597826777E-01  -1.566666498320354E-02
            0.0E+00  0.0E+00  0.0E+00  -4.996986667527867E-01  -8.632543157567507E-01  -7.136686046640613E-02
            0.0E+00  0.0E+00  0.0E+00  2.215512893193939E-02  6.962631274551712E-02  -9.973270911970017E-01
           ApType=  Polygonal
             xObs=  -9.9522739998E-01  -0.0000000000E+00  -9.7582899759E-02
        PolyApVec=  6
  -1.6653345369E-16  -6.9411331568E-01  2.0940189801E-02
  6.0000000000E-01  -3.4938437284E-01  -1.3147285434E-02
  1.2000000000E+00  -6.9411331568E-01  2.0940189801E-02
  1.2000000000E+00  -1.3835712014E+00  8.9115140271E-02
  6.0000000000E-01  -1.7283001442E+00  1.2320261551E-01
  -1.1102230246E-16  -1.3835712014E+00  8.9115140271E-02

    iElt=  6
 EltName=  Seg6
 Element=  Segment
 Surface=  FreeForm
    fElt=  3.84E+01
    eElt=  0.0E+00
   KrElt=  -3.84E+01
   KcElt=  -0.0E+00
  psiElt=  -0.0E+00  -9.758289975914947E-02  -9.952273999818312E-01
  VptElt=  0.0E+00  0.0E+00  0.0E+00
  RptElt=  -6.0E-01  -1.036027439148669E+00  8.349412376501775E-02
 FFZernType=  BornWolf
nFFZernCoef=   15
FFZernModes=    3    4    5    9   10   11
  12   13   19   20   21   22
  23   24   25
 FFZernCoef=  2.194530644557005E-03  1.844991463749379E-04  -1.306221092687606E-04  -3.30191323285365E-04  5.932762204496642E-05  2.083374039517029E-06
              1.751961163569184E-07  -5.471437816354341E-05  1.195364461708694E-07  8.707846039994075E-09  -5.64106012814184E-08  1.407108284102034E-09
              -2.233813085482016E-09  -4.528467147741682E-09  -6.995068316708596E-08
     lFF=  3.468810688698434E+00
MonZernType=  ANSI
nMonZernCoef=    1
MonZernModes=    1
 MonZernCoef=  0d0
    lMon=  6.928203288557364E-01
     pFF=  0.0E+00  0.0E+00  0.0E+00
     xFF=  -1.0E+00  0.0E+00  0.0E+00
     yFF=  0.0E+00  9.952273999818312E-01  -9.758289975914947E-02
     zFF=  -0.0E+00  -9.758289975914947E-02  -9.952273999818312E-01
    pMon=  -6.0E-01  -1.036027439148669E+00  8.349412376501775E-02
    xMon=  4.121102230322073E-04  -9.974489622957028E-01  7.138205503058677E-02
    yMon=  -9.998771853450144E-01  -1.529327431966061E-03  -1.559728771734688E-02
    zMon=  1.566666498320354E-02  -7.136686046640613E-02  -9.973270911970017E-01
  IndRef=  1d0
    zElt=  0d0
 PropType= 1
  nECoord= 6
    TElt=  4.121102230322073E-04  -9.998771853450144E-01  1.566666498320354E-02  0.0E+00  0.0E+00  0.0E+00
            -9.974489622957028E-01  -1.529327431966061E-03  -7.136686046640613E-02  0.0E+00  0.0E+00  0.0E+00
            7.138205503058677E-02  -1.559728771734688E-02  -9.973270911970017E-01  0.0E+00  0.0E+00  0.0E+00
            0.0E+00  0.0E+00  0.0E+00  4.121102230322073E-04  -9.998771853450144E-01  1.566666498320354E-02
            0.0E+00  0.0E+00  0.0E+00  -9.974489622957028E-01  -1.529327431966061E-03  -7.136686046640613E-02
            0.0E+00  0.0E+00  0.0E+00  7.138205503058677E-02  -1.559728771734688E-02  -9.973270911970017E-01
           ApType=  Polygonal
             xObs=  -9.9522739998E-01  -0.0000000000E+00  -9.7582899759E-02
        PolyApVec=  6
  -1.2000000000E+00  -6.9411331568E-01  2.0940189801E-02
  -6.0000000000E-01  -3.4938437284E-01  -1.3147285434E-02
  -2.2204460493E-16  -6.9411331568E-01  2.0940189801E-02
  1.1102230246E-16  -1.3835712014E+00  8.9115140271E-02
  -6.0000000000E-01  -1.7283001442E+00  1.2320261551E-01
  -1.2000000000E+00  -1.3835712014E+00  8.9115140271E-02

    iElt=  7
 EltName=  Seg7
 Element=  Segment
 Surface=  FreeForm
    fElt=  3.84E+01
    eElt=  0.0E+00
   KrElt=  -3.84E+01
   KcElt=  -0.0E+00
  psiElt=  -0.0E+00  -9.758289975914947E-02  -9.952273999818312E-01
  VptElt=  0.0E+00  0.0E+00  0.0E+00
  RptElt=  -1.2E+00  -1.840009607503745E-03  -1.876586965684979E-02
 FFZernType=  BornWolf
nFFZernCoef=   15
FFZernModes=    3    4    5    9   10   11
  12   13   19   20   21   22
  23   24   25
 FFZernCoef=  2.194530644557005E-03  1.844991463749379E-04  -1.306221092687606E-04  -3.30191323285365E-04  5.932762204496642E-05  2.083374039517029E-06
              1.751961163569184E-07  -5.471437816354341E-05  1.195364461708694E-07  8.707846039994075E-09  -5.64106012814184E-08  1.407108284102034E-09
              -2.233813085482016E-09  -4.528467147741682E-09  -6.995068316708596E-08
     lFF=  3.468810688698434E+00
MonZernType=  ANSI
nMonZernCoef=    1
MonZernModes=    1
 MonZernCoef=  0d0
    lMon=  6.928203288557364E-01
     pFF=  0.0E+00  0.0E+00  0.0E+00
     xFF=  -1.0E+00  0.0E+00  0.0E+00
     yFF=  0.0E+00  9.952273999818312E-01  -9.758289975914947E-02
     zFF=  -0.0E+00  -9.758289975914947E-02  -9.952273999818312E-01
    pMon=  -1.2E+00  -1.840009607503745E-03  -1.876586965684979E-02
    xMon=  -8.654987030973834E-01  -5.004169311117608E-01  2.224612311021536E-02
    yMon=  -4.99933277638945E-01  8.601830615768653E-01  -1.007562329855196E-01
    zMon=  3.128438661583437E-02  -9.832596621919446E-02  -9.946624007778383E-01
  IndRef=  1d0
    zElt=  0d0
 PropType= 1
  nECoord= 6
    TElt=  -8.654987030973834E-01  -4.99933277638945E-01  3.128438661583437E-02  0.0E+00  0.0E+00  0.0E+00
            -5.004169311117608E-01  8.601830615768653E-01  -9.832596621919446E-02  0.0E+00  0.0E+00  0.0E+00
            2.224612311021536E-02  -1.007562329855196E-01  -9.946624007778383E-01  0.0E+00  0.0E+00  0.0E+00
            0.0E+00  0.0E+00  0.0E+00  -8.654987030973834E-01  -4.99933277638945E-01  3.128438661583437E-02
            0.0E+00  0.0E+00  0.0E+00  -5.004169311117608E-01  8.601830615768653E-01  -9.832596621919446E-02
            0.0E+00  0.0E+00  0.0E+00  2.224612311021536E-02  -1.007562329855196E-01  -9.946624007778383E-01
           ApType=  Polygonal
             xObs=  -9.9522739998E-01  -0.0000000000E+00  -9.7582899759E-02
        PolyApVec=  6
  -1.8000000000E+00  3.4007386986E-01  -8.1322271207E-02
  -1.2000000000E+00  6.8480281270E-01  -1.1540974644E-01
  -6.0000000000E-01  3.4007386986E-01  -8.1322271207E-02
  -6.0000000000E-01  -3.4938401582E-01  -1.3147320737E-02
  -1.2000000000E+00  -6.9411295866E-01  2.0940154498E-02
  -1.8000000000E+00  -3.4938401582E-01  -1.3147320737E-02

    iElt=  8
 EltName=  Seg8
 Element=  Segment
 Surface=  FreeForm
    fElt=  3.84E+01
    eElt=  0.0E+00
   KrElt=  -3.84E+01
   KcElt=  -0.0E+00
  psiElt=  -0.0E+00  -9.758289975914947E-02  -9.952273999818312E-01
  VptElt=  0.0E+00  0.0E+00  0.0E+00
  RptElt=  -1.2E+00  2.061077375963352E+00  -2.789454770560305E-01
 FFZernType=  BornWolf
nFFZernCoef=   15
FFZernModes=    3    4    5    9   10   11
  12   13   19   20   21   22
  23   24   25
 FFZernCoef=  2.194530644557005E-03  1.844991463749379E-04  -1.306221092687606E-04  -3.30191323285365E-04  5.932762204496642E-05  2.083374039517029E-06
              1.751961163569184E-07  -5.471437816354341E-05  1.195364461708694E-07  8.707846039994075E-09  -5.64106012814184E-08  1.407108284102034E-09
              -2.233813085482016E-09  -4.528467147741682E-09  -6.995068316708596E-08
     lFF=  3.468810688698434E+00
MonZernType=  ANSI
nMonZernCoef=    1
MonZernModes=    1
 MonZernCoef=  0d0
    lMon=  6.928203288557364E-01
     pFF=  0.0E+00  0.0E+00  0.0E+00
     xFF=  -1.0E+00  0.0E+00  0.0E+00
     yFF=  0.0E+00  9.952273999818312E-01  -9.758289975914947E-02
     zFF=  -0.0E+00  -9.758289975914947E-02  -9.952273999818312E-01
    pMon=  -1.2E+00  2.061077375963352E+00  -2.789454770560305E-01
    xMon=  -8.656098547506101E-01  4.90119965011214E-01  -1.024792625658193E-01
    yMon=  4.997498607868733E-01  8.583747096252367E-01  -1.159436695955902E-01
    zMon=  3.113929996208104E-02  -1.515759801987012E-01  -9.879549920035195E-01
  IndRef=  1d0
    zElt=  0d0
 PropType= 1
  nECoord= 6
    TElt=  -8.656098547506101E-01  4.997498607868733E-01  3.113929996208104E-02  0.0E+00  0.0E+00  0.0E+00
            4.90119965011214E-01  8.583747096252367E-01  -1.515759801987012E-01  0.0E+00  0.0E+00  0.0E+00
            -1.024792625658193E-01  -1.159436695955902E-01  -9.879549920035195E-01  0.0E+00  0.0E+00  0.0E+00
            0.0E+00  0.0E+00  0.0E+00  -8.656098547506101E-01  4.997498607868733E-01  3.113929996208104E-02
            0.0E+00  0.0E+00  0.0E+00  4.90119965011214E-01  8.583747096252367E-01  -1.515759801987012E-01
            0.0E+00  0.0E+00  0.0E+00  -1.024792625658193E-01  -1.159436695955902E-01  -9.879549920035195E-01
           ApType=  Polygonal
             xObs=  -9.9522739998E-01  -0.0000000000E+00  -9.7582899759E-02
        PolyApVec=  6
  -1.8000000000E+00  2.4084940522E+00  -2.8585172313E-01
  -1.2000000000E+00  2.7532229950E+00  -3.1993919836E-01
  -6.0000000000E-01  2.4084940522E+00  -2.8585172313E-01
  -6.0000000000E-01  1.7190361665E+00  -2.1767677266E-01
  -1.2000000000E+00  1.3743072236E+00  -1.8358929742E-01
  -1.8000000000E+00  1.7190361665E+00  -2.1767677266E-01

    iElt=  9
 EltName=  Seg9
 Element=  Segment
 Surface=  FreeForm
    fElt=  3.84E+01
    eElt=  0.0E+00
   KrElt=  -3.84E+01
   KcElt=  -0.0E+00
  psiElt=  -0.0E+00  -9.758289975914947E-02  -9.952273999818312E-01
  VptElt=  0.0E+00  0.0E+00  0.0E+00
  RptElt=  0.0E+00  2.062904175116567E+00  -2.60314338034437E-01
 FFZernType=  BornWolf
nFFZernCoef=   15
FFZernModes=    3    4    5    9   10   11
  12   13   19   20   21   22
  23   24   25
 FFZernCoef=  2.194530644557005E-03  1.844991463749379E-04  -1.306221092687606E-04  -3.30191323285365E-04  5.932762204496642E-05  2.083374039517029E-06
              1.751961163569184E-07  -5.471437816354341E-05  1.195364461708694E-07  8.707846039994075E-09  -5.64106012814184E-08  1.407108284102034E-09
              -2.233813085482016E-09  -4.528467147741682E-09  -6.995068316708596E-08
     lFF=  3.468810688698434E+00
MonZernType=  ANSI
nMonZernCoef=    1
MonZernModes=    1
 MonZernCoef=  0d0
    lMon=  6.928203288557364E-01
     pFF=  0.0E+00  0.0E+00  0.0E+00
     xFF=  -1.0E+00  0.0E+00  0.0E+00
     yFF=  0.0E+00  9.952273999818312E-01  -9.758289975914947E-02
     zFF=  -0.0E+00  -9.758289975914947E-02  -9.952273999818312E-01
    pMon=  0.0E+00  2.062904175116567E+00  -2.60314338034437E-01
    xMon=  -0.0E+00  9.884299380260798E-01  -1.516781382195873E-01
    yMon=  1.0E+00  0.0E+00  -0.0E+00
    zMon=  -0.0E+00  -1.516781382195873E-01  -9.884299380260797E-01
  IndRef=  1d0
    zElt=  0d0
 PropType= 1
  nECoord= 6
    TElt=  -0.0E+00  1.0E+00  -0.0E+00  0.0E+00  0.0E+00  0.0E+00
            9.884299380260798E-01  0.0E+00  -1.516781382195873E-01  0.0E+00  0.0E+00  0.0E+00
            -1.516781382195873E-01  -0.0E+00  -9.884299380260797E-01  0.0E+00  0.0E+00  0.0E+00
            0.0E+00  0.0E+00  0.0E+00  -0.0E+00  1.0E+00  -0.0E+00
            0.0E+00  0.0E+00  0.0E+00  9.884299380260798E-01  0.0E+00  -1.516781382195873E-01
            0.0E+00  0.0E+00  0.0E+00  -1.516781382195873E-01  -0.0E+00  -9.884299380260797E-01
           ApType=  Polygonal
             xObs=  -9.9522739998E-01  -0.0000000000E+00  -9.7582899759E-02
        PolyApVec=  6
  -6.0000000000E-01  2.4084787176E+00  -2.8585020682E-01
  -4.4408920985E-16  2.7532076604E+00  -3.1993768205E-01
  6.0000000000E-01  2.4084787176E+00  -2.8585020682E-01
  6.0000000000E-01  1.7190208319E+00  -2.1767525635E-01
  0.0000000000E+00  1.3742918891E+00  -1.8358778111E-01
  -6.0000000000E-01  1.7190208319E+00  -2.1767525635E-01

    iElt=  10
 EltName=  Seg10
 Element=  Segment
 Surface=  FreeForm
    fElt=  3.84E+01
    eElt=  0.0E+00
   KrElt=  -3.84E+01
   KcElt=  -0.0E+00
  psiElt=  -0.0E+00  -9.758289975914947E-02  -9.952273999818312E-01
  VptElt=  0.0E+00  0.0E+00  0.0E+00
  RptElt=  1.2E+00  2.061077375963352E+00  -2.789454770560305E-01
 FFZernType=  BornWolf
nFFZernCoef=   15
FFZernModes=    3    4    5    9   10   11
  12   13   19   20   21   22
  23   24   25
 FFZernCoef=  2.194530644557005E-03  1.844991463749379E-04  -1.306221092687606E-04  -3.30191323285365E-04  5.932762204496642E-05  2.083374039517029E-06
              1.751961163569184E-07  -5.471437816354341E-05  1.195364461708694E-07  8.707846039994075E-09  -5.64106012814184E-08  1.407108284102034E-09
              -2.233813085482016E-09  -4.528467147741682E-09  -6.995068316708596E-08
     lFF=  3.468810688698434E+00
MonZernType=  ANSI
nMonZernCoef=    1
MonZernModes=    1
 MonZernCoef=  0d0
    lMon=  6.928203288557364E-01
     pFF=  0.0E+00  0.0E+00  0.0E+00
     xFF=  -1.0E+00  0.0E+00  0.0E+00
     yFF=  0.0E+00  9.952273999818312E-01  -9.758289975914947E-02
     zFF=  -0.0E+00  -9.758289975914947E-02  -9.952273999818312E-01
    pMon=  1.2E+00  2.061077375963352E+00  -2.789454770560305E-01
    xMon=  -1.69789930020184E-03  9.884409245377341E-01  -1.515970179025822E-01
    yMon=  9.995136122814124E-01  -3.043176924271789E-03  -3.1036719194684E-02
    zMon=  -3.113929996208104E-02  -1.515759801987012E-01  -9.879549920035195E-01
  IndRef=  1d0
    zElt=  0d0
 PropType= 1
  nECoord= 6
    TElt=  -1.69789930020184E-03  9.995136122814124E-01  -3.113929996208104E-02  0.0E+00  0.0E+00  0.0E+00
            9.884409245377341E-01  -3.043176924271789E-03  -1.515759801987012E-01  0.0E+00  0.0E+00  0.0E+00
            -1.515970179025822E-01  -3.1036719194684E-02  -9.879549920035195E-01  0.0E+00  0.0E+00  0.0E+00
            0.0E+00  0.0E+00  0.0E+00  -1.69789930020184E-03  9.995136122814124E-01  -3.113929996208104E-02
            0.0E+00  0.0E+00  0.0E+00  9.884409245377341E-01  -3.043176924271789E-03  -1.515759801987012E-01
            0.0E+00  0.0E+00  0.0E+00  -1.515970179025822E-01  -3.1036719194684E-02  -9.879549920035195E-01
           ApType=  Polygonal
             xObs=  -9.9522739998E-01  -0.0000000000E+00  -9.7582899759E-02
        PolyApVec=  6
  6.0000000000E-01  2.4084940522E+00  -2.8585172313E-01
  1.2000000000E+00  2.7532229950E+00  -3.1993919836E-01
  1.8000000000E+00  2.4084940522E+00  -2.8585172313E-01
  1.8000000000E+00  1.7190361665E+00  -2.1767677266E-01
  1.2000000000E+00  1.3743072236E+00  -1.8358929742E-01
  6.0000000000E-01  1.7190361665E+00  -2.1767677266E-01

    iElt=  11
 EltName=  Seg11
 Element=  Segment
 Surface=  FreeForm
    fElt=  3.84E+01
    eElt=  0.0E+00
   KrElt=  -3.84E+01
   KcElt=  -0.0E+00
  psiElt=  -0.0E+00  -9.758289975914947E-02  -9.952273999818312E-01
  VptElt=  0.0E+00  0.0E+00  0.0E+00
  RptElt=  1.8E+00  1.028694447913837E+00  -1.582817537569952E-01
 FFZernType=  BornWolf
nFFZernCoef=   15
FFZernModes=    3    4    5    9   10   11
  12   13   19   20   21   22
  23   24   25
 FFZernCoef=  2.194530644557005E-03  1.844991463749379E-04  -1.306221092687606E-04  -3.30191323285365E-04  5.932762204496642E-05  2.083374039517029E-06
              1.751961163569184E-07  -5.471437816354341E-05  1.195364461708694E-07  8.707846039994075E-09  -5.64106012814184E-08  1.407108284102034E-09
              -2.233813085482016E-09  -4.528467147741682E-09  -6.995068316708596E-08
     lFF=  3.468810688698434E+00
MonZernType=  ANSI
nMonZernCoef=    1
MonZernModes=    1
 MonZernCoef=  0d0
    lMon=  6.928203288557364E-01
     pFF=  0.0E+00  0.0E+00  0.0E+00
     xFF=  -1.0E+00  0.0E+00  0.0E+00
     yFF=  0.0E+00  9.952273999818312E-01  -9.758289975914947E-02
     zFF=  -0.0E+00  -9.758289975914947E-02  -9.952273999818312E-01
    pMon=  1.8E+00  1.028694447913837E+00  -1.582817537569952E-01
    xMon=  8.647596499521982E-01  4.915448230229256E-01  -1.028320707460107E-01
    yMon=  4.999999192265358E-01  -8.618366042595076E-01  8.507495713721286E-02
    zMon=  -4.680628791102104E-02  -1.249854172205772E-01  -9.910538920231275E-01
  IndRef=  1d0
    zElt=  0d0
 PropType= 1
  nECoord= 6
    TElt=  8.647596499521982E-01  4.999999192265358E-01  -4.680628791102104E-02  0.0E+00  0.0E+00  0.0E+00
            4.915448230229256E-01  -8.618366042595076E-01  -1.249854172205772E-01  0.0E+00  0.0E+00  0.0E+00
            -1.028320707460107E-01  8.507495713721286E-02  -9.910538920231275E-01  0.0E+00  0.0E+00  0.0E+00
            0.0E+00  0.0E+00  0.0E+00  8.647596499521982E-01  4.999999192265358E-01  -4.680628791102104E-02
            0.0E+00  0.0E+00  0.0E+00  4.915448230229256E-01  -8.618366042595076E-01  -1.249854172205772E-01
            0.0E+00  0.0E+00  0.0E+00  -1.028320707460107E-01  8.507495713721286E-02  -9.910538920231275E-01
           ApType=  Polygonal
             xObs=  -9.9522739998E-01  -0.0000000000E+00  -9.7582899759E-02
        PolyApVec=  6
  1.2000000000E+00  1.3742917192E+00  -1.8358776432E-01
  1.8000000000E+00  1.7190206621E+00  -2.1767523955E-01
  2.4000000000E+00  1.3742917192E+00  -1.8358776432E-01
  2.4000000000E+00  6.8483383356E-01  -1.1541281385E-01
  1.8000000000E+00  3.4010489071E-01  -8.1325338610E-02
  1.2000000000E+00  6.8483383356E-01  -1.1541281385E-01

    iElt=  12
 EltName=  Seg12
 Element=  Segment
 Surface=  FreeForm
    fElt=  3.84E+01
    eElt=  0.0E+00
   KrElt=  -3.84E+01
   KcElt=  -0.0E+00
  psiElt=  -0.0E+00  -9.758289975914947E-02  -9.952273999818312E-01
  VptElt=  0.0E+00  0.0E+00  0.0E+00
  RptElt=  2.4E+00  -7.3377326524664E-03  -7.483598670976477E-02
 FFZernType=  BornWolf
nFFZernCoef=   15
FFZernModes=    3    4    5    9   10   11
  12   13   19   20   21   22
  23   24   25
 FFZernCoef=  2.194530644557005E-03  1.844991463749379E-04  -1.306221092687606E-04  -3.30191323285365E-04  5.932762204496642E-05  2.083374039517029E-06
              1.751961163569184E-07  -5.471437816354341E-05  1.195364461708694E-07  8.707846039994075E-09  -5.64106012814184E-08  1.407108284102034E-09
              -2.233813085482016E-09  -4.528467147741682E-09  -6.995068316708596E-08
     lFF=  3.468810688698434E+00
MonZernType=  ANSI
nMonZernCoef=    1
MonZernModes=    1
 MonZernCoef=  0d0
    lMon=  6.928203288557364E-01
     pFF=  0.0E+00  0.0E+00  0.0E+00
     xFF=  -1.0E+00  0.0E+00  0.0E+00
     yFF=  0.0E+00  9.952273999818312E-01  -9.758289975914947E-02
     zFF=  -0.0E+00  -9.758289975914947E-02  -9.952273999818312E-01
    pMon=  2.4E+00  -7.3377326524664E-03  -7.483598670976477E-02
    xMon=  8.639050261083814E-01  4.930028653491055E-01  -1.030353367648624E-01
    yMon=  4.99764795886217E-01  -8.644795517991474E-01  5.394676370231134E-02
    zMon=  -6.247603266441183E-02  -9.809831435206705E-02  -9.932137061397202E-01
  IndRef=  1d0
    zElt=  0d0
 PropType= 1
  nECoord= 6
    TElt=  8.639050261083814E-01  4.99764795886217E-01  -6.247603266441183E-02  0.0E+00  0.0E+00  0.0E+00
            4.930028653491055E-01  -8.644795517991474E-01  -9.809831435206705E-02  0.0E+00  0.0E+00  0.0E+00
            -1.030353367648624E-01  5.394676370231134E-02  -9.932137061397202E-01  0.0E+00  0.0E+00  0.0E+00
            0.0E+00  0.0E+00  0.0E+00  8.639050261083814E-01  4.99764795886217E-01  -6.247603266441183E-02
            0.0E+00  0.0E+00  0.0E+00  4.930028653491055E-01  -8.644795517991474E-01  -9.809831435206705E-02
            0.0E+00  0.0E+00  0.0E+00  -1.030353367648624E-01  5.394676370231134E-02  -9.932137061397202E-01
           ApType=  Polygonal
             xObs=  -9.9522739998E-01  -0.0000000000E+00  -9.7582899759E-02
        PolyApVec=  6
  1.8000000000E+00  3.4012001893E-01  -8.1326834518E-02
  2.4000000000E+00  6.8484896177E-01  -1.1541430975E-01
  3.0000000000E+00  3.4012001893E-01  -8.1326834518E-02
  3.0000000000E+00  -3.4933786675E-01  -1.3151884048E-02
  2.4000000000E+00  -6.9406680959E-01  2.0935591187E-02
  1.8000000000E+00  -3.4933786675E-01  -1.3151884048E-02

    iElt=  13
 EltName=  Seg13
 Element=  Segment
 Surface=  FreeForm
    fElt=  3.84E+01
    eElt=  0.0E+00
   KrElt=  -3.84E+01
   KcElt=  -0.0E+00
  psiElt=  -0.0E+00  -9.758289975914947E-02  -9.952273999818312E-01
  VptElt=  0.0E+00  0.0E+00  0.0E+00
  RptElt=  1.8E+00  -1.039698253040509E+00  4.605626759953907E-02
 FFZernType=  BornWolf
nFFZernCoef=   15
FFZernModes=    3    4    5    9   10   11
  12   13   19   20   21   22
  23   24   25
 FFZernCoef=  2.194530644557005E-03  1.844991463749379E-04  -1.306221092687606E-04  -3.30191323285365E-04  5.932762204496642E-05  2.083374039517029E-06
              1.751961163569184E-07  -5.471437816354341E-05  1.195364461708694E-07  8.707846039994075E-09  -5.64106012814184E-08  1.407108284102034E-09
              -2.233813085482016E-09  -4.528467147741682E-09  -6.995068316708596E-08
     lFF=  3.468810688698434E+00
MonZernType=  ANSI
nMonZernCoef=    1
MonZernModes=    1
 MonZernCoef=  0d0
    lMon=  6.928203288557364E-01
     pFF=  0.0E+00  0.0E+00  0.0E+00
     xFF=  -1.0E+00  0.0E+00  0.0E+00
     yFF=  0.0E+00  9.952273999818312E-01  -9.758289975914947E-02
     zFF=  -0.0E+00  -9.758289975914947E-02  -9.952273999818312E-01
    pMon=  1.8E+00  -1.039698253040509E+00  4.605626759953907E-02
    xMon=  8.647517020233469E-01  -5.021762885654797E-01  -4.844486590440408E-03
    yMon=  -4.999998845549783E-01  -8.618257000512861E-01  8.518555145163254E-02
    zMon=  -4.695326711457991E-02  -7.124210786964828E-02  -9.963533272757995E-01
  IndRef=  1d0
    zElt=  0d0
 PropType= 1
  nECoord= 6
    TElt=  8.647517020233469E-01  -4.999998845549783E-01  -4.695326711457991E-02  0.0E+00  0.0E+00  0.0E+00
            -5.021762885654797E-01  -8.618257000512861E-01  -7.124210786964828E-02  0.0E+00  0.0E+00  0.0E+00
            -4.844486590440408E-03  8.518555145163254E-02  -9.963533272757995E-01  0.0E+00  0.0E+00  0.0E+00
            0.0E+00  0.0E+00  0.0E+00  8.647517020233469E-01  -4.999998845549783E-01  -4.695326711457991E-02
            0.0E+00  0.0E+00  0.0E+00  -5.021762885654797E-01  -8.618257000512861E-01  -7.124210786964828E-02
            0.0E+00  0.0E+00  0.0E+00  -4.844486590440408E-03  8.518555145163254E-02  -9.963533272757995E-01
           ApType=  Polygonal
             xObs=  -9.9522739998E-01  -0.0000000000E+00  -9.7582899759E-02
        PolyApVec=  6
  1.2000000000E+00  -6.9408250208E-01  2.0937142891E-02
  1.8000000000E+00  -3.4935355924E-01  -1.3150332344E-02
  2.4000000000E+00  -6.9408250208E-01  2.0937142891E-02
  2.4000000000E+00  -1.3835403878E+00  8.9112093361E-02
  1.8000000000E+00  -1.7282693306E+00  1.2319956860E-01
  1.2000000000E+00  -1.3835403878E+00  8.9112093361E-02

    iElt=  14
 EltName=  Seg14
 Element=  Segment
 Surface=  FreeForm
    fElt=  3.84E+01
    eElt=  0.0E+00
   KrElt=  -3.84E+01
   KcElt=  -0.0E+00
  psiElt=  -0.0E+00  -9.758289975914947E-02  -9.952273999818312E-01
  VptElt=  0.0E+00  0.0E+00  0.0E+00
  RptElt=  1.2E+00  -2.075726872568404E+00  1.295383529259553E-01
 FFZernType=  BornWolf
nFFZernCoef=   15
FFZernModes=    3    4    5    9   10   11
  12   13   19   20   21   22
  23   24   25
 FFZernCoef=  2.194530644557005E-03  1.844991463749379E-04  -1.306221092687606E-04  -3.30191323285365E-04  5.932762204496642E-05  2.083374039517029E-06
              1.751961163569184E-07  -5.471437816354341E-05  1.195364461708694E-07  8.707846039994075E-09  -5.64106012814184E-08  1.407108284102034E-09
              -2.233813085482016E-09  -4.528467147741682E-09  -6.995068316708596E-08
     lFF=  3.468810688698434E+00
MonZernType=  ANSI
nMonZernCoef=    1
MonZernModes=    1
 MonZernCoef=  0d0
    lMon=  6.928203288557364E-01
     pFF=  0.0E+00  0.0E+00  0.0E+00
     xFF=  -1.0E+00  0.0E+00  0.0E+00
     yFF=  0.0E+00  9.952273999818312E-01  -9.758289975914947E-02
     zFF=  -0.0E+00  -9.758289975914947E-02  -9.952273999818312E-01
    pMon=  1.2E+00  -2.075726872568404E+00  1.295383529259553E-01
    xMon=  8.655946321131568E-01  -5.007201223904441E-01  -5.029104312649754E-03
    yMon=  -4.997640208535004E-01  -8.644831414247565E-01  5.389639740025619E-02
    zMon=  -3.133458659741254E-02  -4.413906688731774E-02  -9.985338684576933E-01
  IndRef=  1d0
    zElt=  0d0
 PropType= 1
  nECoord= 6
    TElt=  8.655946321131568E-01  -4.997640208535004E-01  -3.133458659741254E-02  0.0E+00  0.0E+00  0.0E+00
            -5.007201223904441E-01  -8.644831414247565E-01  -4.413906688731774E-02  0.0E+00  0.0E+00  0.0E+00
            -5.029104312649754E-03  5.389639740025619E-02  -9.985338684576933E-01  0.0E+00  0.0E+00  0.0E+00
            0.0E+00  0.0E+00  0.0E+00  8.655946321131568E-01  -4.997640208535004E-01  -3.133458659741254E-02
            0.0E+00  0.0E+00  0.0E+00  -5.007201223904441E-01  -8.644831414247565E-01  -4.413906688731774E-02
            0.0E+00  0.0E+00  0.0E+00  -5.029104312649754E-03  5.389639740025619E-02  -9.985338684576933E-01
           ApType=  Polygonal
             xObs=  -9.9522739998E-01  -0.0000000000E+00  -9.7582899759E-02
        PolyApVec=  6
  6.0000000000E-01  -1.7282542323E+00  1.2319807564E-01
  1.2000000000E+00  -1.3835252894E+00  8.9110600409E-02
  1.8000000000E+00  -1.7282542323E+00  1.2319807564E-01
  1.8000000000E+00  -2.4177121180E+00  1.9137302611E-01
  1.2000000000E+00  -2.7624410608E+00  2.2546050135E-01
  6.0000000000E-01  -2.4177121180E+00  1.9137302611E-01

    iElt=  15
 EltName=  Seg15
 Element=  Segment
 Surface=  FreeForm
    fElt=  3.84E+01
    eElt=  0.0E+00
   KrElt=  -3.84E+01
   KcElt=  -0.0E+00
  psiElt=  -0.0E+00  -9.758289975914947E-02  -9.952273999818312E-01
  VptElt=  0.0E+00  0.0E+00  0.0E+00
  RptElt=  -2.220446049250313E-16  -2.073888696871228E+00  1.482855189184065E-01
 FFZernType=  BornWolf
nFFZernCoef=   15
FFZernModes=    3    4    5    9   10   11
  12   13   19   20   21   22
  23   24   25
 FFZernCoef=  2.194530644557005E-03  1.844991463749379E-04  -1.306221092687606E-04  -3.30191323285365E-04  5.932762204496642E-05  2.083374039517029E-06
              1.751961163569184E-07  -5.471437816354341E-05  1.195364461708694E-07  8.707846039994075E-09  -5.64106012814184E-08  1.407108284102034E-09
              -2.233813085482016E-09  -4.528467147741682E-09  -6.995068316708596E-08
     lFF=  3.468810688698434E+00
MonZernType=  ANSI
nMonZernCoef=    1
MonZernModes=    1
 MonZernCoef=  0d0
    lMon=  6.928203288557364E-01
     pFF=  0.0E+00  0.0E+00  0.0E+00
     xFF=  -1.0E+00  0.0E+00  0.0E+00
     yFF=  0.0E+00  9.952273999818312E-01  -9.758289975914947E-02
     zFF=  -0.0E+00  -9.758289975914947E-02  -9.952273999818312E-01
    pMon=  -2.220446049250313E-16  -2.073888696871228E+00  1.482855189184065E-01
    xMon=  3.098764383819106E-19  -9.990232531140826E-01  4.418755183709293E-02
    yMon=  -1.0E+00  -5.650928701618769E-19  -5.763262921142538E-18
    zMon=  5.782603742524637E-18  -4.418755183709293E-02  -9.990232531140826E-01
  IndRef=  1d0
    zElt=  0d0
 PropType= 1
  nECoord= 6
    TElt=  3.098764383819106E-19  -1.0E+00  5.782603742524637E-18  0.0E+00  0.0E+00  0.0E+00
            -9.990232531140826E-01  -5.650928701618769E-19  -4.418755183709293E-02  0.0E+00  0.0E+00  0.0E+00
            4.418755183709293E-02  -5.763262921142538E-18  -9.990232531140826E-01  0.0E+00  0.0E+00  0.0E+00
            0.0E+00  0.0E+00  0.0E+00  3.098764383819106E-19  -1.0E+00  5.782603742524637E-18
            0.0E+00  0.0E+00  0.0E+00  -9.990232531140826E-01  -5.650928701618769E-19  -4.418755183709293E-02
            0.0E+00  0.0E+00  0.0E+00  4.418755183709293E-02  -5.763262921142538E-18  -9.990232531140826E-01
           ApType=  Polygonal
             xObs=  -9.9522739998E-01  -0.0000000000E+00  -9.7582899759E-02
        PolyApVec=  6
  -6.0000000000E-01  -1.7282696623E+00  1.2319960140E-01
  -3.3306690739E-16  -1.3835407195E+00  8.9112126162E-02
  6.0000000000E-01  -1.7282696623E+00  1.2319960140E-01
  6.0000000000E-01  -2.4177275480E+00  1.9137455187E-01
  0.0000000000E+00  -2.7624564908E+00  2.2546202710E-01
  -6.0000000000E-01  -2.4177275480E+00  1.9137455187E-01

    iElt=  16
 EltName=  Seg16
 Element=  Segment
 Surface=  FreeForm
    fElt=  3.84E+01
    eElt=  0.0E+00
   KrElt=  -3.84E+01
   KcElt=  -0.0E+00
  psiElt=  -0.0E+00  -9.758289975914947E-02  -9.952273999818312E-01
  VptElt=  0.0E+00  0.0E+00  0.0E+00
  RptElt=  -1.2E+00  -2.075726872568404E+00  1.295383529259553E-01
 FFZernType=  BornWolf
nFFZernCoef=   15
FFZernModes=    3    4    5    9   10   11
  12   13   19   20   21   22
  23   24   25
 FFZernCoef=  2.194530644557005E-03  1.844991463749379E-04  -1.306221092687606E-04  -3.30191323285365E-04  5.932762204496642E-05  2.083374039517029E-06
              1.751961163569184E-07  -5.471437816354341E-05  1.195364461708694E-07  8.707846039994075E-09  -5.64106012814184E-08  1.407108284102034E-09
              -2.233813085482016E-09  -4.528467147741682E-09  -6.995068316708596E-08
     lFF=  3.468810688698434E+00
MonZernType=  ANSI
nMonZernCoef=    1
MonZernModes=    1
 MonZernCoef=  0d0
    lMon=  6.928203288557364E-01
     pFF=  0.0E+00  0.0E+00  0.0E+00
     xFF=  -1.0E+00  0.0E+00  0.0E+00
     yFF=  0.0E+00  9.952273999818312E-01  -9.758289975914947E-02
     zFF=  -0.0E+00  -9.758289975914947E-02  -9.952273999818312E-01
    pMon=  -1.2E+00  -2.075726872568404E+00  1.295383529259553E-01
    xMon=  1.679164117998237E-03  -9.990207036265336E-01  4.421328005713408E-02
    yMon=  -9.995075407872789E-01  -3.062107095226051E-03  -3.122978401307453E-02
    zMon=  3.133458659741255E-02  -4.413906688731774E-02  -9.985338684576933E-01
  IndRef=  1d0
    zElt=  0d0
 PropType= 1
  nECoord= 6
    TElt=  1.679164117998237E-03  -9.995075407872789E-01  3.133458659741255E-02  0.0E+00  0.0E+00  0.0E+00
            -9.990207036265336E-01  -3.062107095226051E-03  -4.413906688731774E-02  0.0E+00  0.0E+00  0.0E+00
            4.421328005713408E-02  -3.122978401307453E-02  -9.985338684576933E-01  0.0E+00  0.0E+00  0.0E+00
            0.0E+00  0.0E+00  0.0E+00  1.679164117998237E-03  -9.995075407872789E-01  3.133458659741255E-02
            0.0E+00  0.0E+00  0.0E+00  -9.990207036265336E-01  -3.062107095226051E-03  -4.413906688731774E-02
            0.0E+00  0.0E+00  0.0E+00  4.421328005713408E-02  -3.122978401307453E-02  -9.985338684576933E-01
           ApType=  Polygonal
             xObs=  -9.9522739998E-01  -0.0000000000E+00  -9.7582899759E-02
        PolyApVec=  6
  -1.8000000000E+00  -1.7282542323E+00  1.2319807564E-01
  -1.2000000000E+00  -1.3835252894E+00  8.9110600409E-02
  -6.0000000000E-01  -1.7282542323E+00  1.2319807564E-01
  -6.0000000000E-01  -2.4177121180E+00  1.9137302611E-01
  -1.2000000000E+00  -2.7624410608E+00  2.2546050135E-01
  -1.8000000000E+00  -2.4177121180E+00  1.9137302611E-01

    iElt=  17
 EltName=  Seg17
 Element=  Segment
 Surface=  FreeForm
    fElt=  3.84E+01
    eElt=  0.0E+00
   KrElt=  -3.84E+01
   KcElt=  -0.0E+00
  psiElt=  -0.0E+00  -9.758289975914947E-02  -9.952273999818312E-01
  VptElt=  0.0E+00  0.0E+00  0.0E+00
  RptElt=  -1.8E+00  -1.039698253040509E+00  4.605626759953907E-02
 FFZernType=  BornWolf
nFFZernCoef=   15
FFZernModes=    3    4    5    9   10   11
  12   13   19   20   21   22
  23   24   25
 FFZernCoef=  2.194530644557005E-03  1.844991463749379E-04  -1.306221092687606E-04  -3.30191323285365E-04  5.932762204496642E-05  2.083374039517029E-06
              1.751961163569184E-07  -5.471437816354341E-05  1.195364461708694E-07  8.707846039994075E-09  -5.64106012814184E-08  1.407108284102034E-09
              -2.233813085482016E-09  -4.528467147741682E-09  -6.995068316708596E-08
     lFF=  3.468810688698434E+00
MonZernType=  ANSI
nMonZernCoef=    1
MonZernModes=    1
 MonZernCoef=  0d0
    lMon=  6.928203288557364E-01
     pFF=  0.0E+00  0.0E+00  0.0E+00
     xFF=  -1.0E+00  0.0E+00  0.0E+00
     yFF=  0.0E+00  9.952273999818312E-01  -9.758289975914947E-02
     zFF=  -0.0E+00  -9.758289975914947E-02  -9.952273999818312E-01
    pMon=  -1.8E+00  -1.039698253040509E+00  4.605626759953907E-02
    xMon=  -8.647517020233469E-01  -5.021762885654797E-01  -4.844486590440422E-03
    yMon=  -4.999998845549783E-01  8.618257000512861E-01  -8.518555145163254E-02
    zMon=  4.695326711457993E-02  -7.124210786964828E-02  -9.963533272757995E-01
  IndRef=  1d0
    zElt=  0d0
 PropType= 1
  nECoord= 6
    TElt=  -8.647517020233469E-01  -4.999998845549783E-01  4.695326711457993E-02  0.0E+00  0.0E+00  0.0E+00
            -5.021762885654797E-01  8.618257000512861E-01  -7.124210786964828E-02  0.0E+00  0.0E+00  0.0E+00
            -4.844486590440422E-03  -8.518555145163254E-02  -9.963533272757995E-01  0.0E+00  0.0E+00  0.0E+00
            0.0E+00  0.0E+00  0.0E+00  -8.647517020233469E-01  -4.999998845549783E-01  4.695326711457993E-02
            0.0E+00  0.0E+00  0.0E+00  -5.021762885654797E-01  8.618257000512861E-01  -7.124210786964828E-02
            0.0E+00  0.0E+00  0.0E+00  -4.844486590440422E-03  -8.518555145163254E-02  -9.963533272757995E-01
           ApType=  Polygonal
             xObs=  -9.9522739998E-01  -0.0000000000E+00  -9.7582899759E-02
        PolyApVec=  6
  -2.4000000000E+00  -6.9408250208E-01  2.0937142891E-02
  -1.8000000000E+00  -3.4935355924E-01  -1.3150332344E-02
  -1.2000000000E+00  -6.9408250208E-01  2.0937142891E-02
  -1.2000000000E+00  -1.3835403878E+00  8.9112093361E-02
  -1.8000000000E+00  -1.7282693306E+00  1.2319956860E-01
  -2.4000000000E+00  -1.3835403878E+00  8.9112093361E-02

    iElt=  18
 EltName=  Seg18
 Element=  Segment
 Surface=  FreeForm
    fElt=  3.84E+01
    eElt=  0.0E+00
   KrElt=  -3.84E+01
   KcElt=  -0.0E+00
  psiElt=  -0.0E+00  -9.758289975914947E-02  -9.952273999818312E-01
  VptElt=  0.0E+00  0.0E+00  0.0E+00
  RptElt=  -2.4E+00  -7.337732652466622E-03  -7.483598670976477E-02
 FFZernType=  BornWolf
nFFZernCoef=   15
FFZernModes=    3    4    5    9   10   11
  12   13   19   20   21   22
  23   24   25
 FFZernCoef=  2.194530644557005E-03  1.844991463749379E-04  -1.306221092687606E-04  -3.30191323285365E-04  5.932762204496642E-05  2.083374039517029E-06
              1.751961163569184E-07  -5.471437816354341E-05  1.195364461708694E-07  8.707846039994075E-09  -5.64106012814184E-08  1.407108284102034E-09
              -2.233813085482016E-09  -4.528467147741682E-09  -6.995068316708596E-08
     lFF=  3.468810688698434E+00
MonZernType=  ANSI
nMonZernCoef=    1
MonZernModes=    1
 MonZernCoef=  0d0
    lMon=  6.928203288557364E-01
     pFF=  0.0E+00  0.0E+00  0.0E+00
     xFF=  -1.0E+00  0.0E+00  0.0E+00
     yFF=  0.0E+00  9.952273999818312E-01  -9.758289975914947E-02
     zFF=  -0.0E+00  -9.758289975914947E-02  -9.952273999818312E-01
    pMon=  -2.4E+00  -7.337732652466622E-03  -7.483598670976477E-02
    xMon=  -8.639161559537604E-01  -5.036146357706442E-01  -4.601534491819542E-03
    yMon=  -4.997455560828863E-01  8.583408526680321E-01  -1.16212563075264E-01
    zMon=  6.247603266441184E-02  -9.809831435206705E-02  -9.932137061397202E-01
  IndRef=  1d0
    zElt=  0d0
 PropType= 1
  nECoord= 6
    TElt=  -8.639161559537604E-01  -4.997455560828863E-01  6.247603266441184E-02  0.0E+00  0.0E+00  0.0E+00
            -5.036146357706442E-01  8.583408526680321E-01  -9.809831435206705E-02  0.0E+00  0.0E+00  0.0E+00
            -4.601534491819542E-03  -1.16212563075264E-01  -9.932137061397202E-01  0.0E+00  0.0E+00  0.0E+00
            0.0E+00  0.0E+00  0.0E+00  -8.639161559537604E-01  -4.997455560828863E-01  6.247603266441184E-02
            0.0E+00  0.0E+00  0.0E+00  -5.036146357706442E-01  8.583408526680321E-01  -9.809831435206705E-02
            0.0E+00  0.0E+00  0.0E+00  -4.601534491819542E-03  -1.16212563075264E-01  -9.932137061397202E-01
           ApType=  Polygonal
             xObs=  -9.9522739998E-01  -0.0000000000E+00  -9.7582899759E-02
        PolyApVec=  6
  -3.0000000000E+00  3.4012001893E-01  -8.1326834518E-02
  -2.4000000000E+00  6.8484896177E-01  -1.1541430975E-01
  -1.8000000000E+00  3.4012001893E-01  -8.1326834518E-02
  -1.8000000000E+00  -3.4933786675E-01  -1.3151884048E-02
  -2.4000000000E+00  -6.9406680959E-01  2.0935591187E-02
  -3.0000000000E+00  -3.4933786675E-01  -1.3151884048E-02

    iElt=  19
 EltName=  Seg19
 Element=  Segment
 Surface=  FreeForm
    fElt=  3.84E+01
    eElt=  0.0E+00
   KrElt=  -3.84E+01
   KcElt=  -0.0E+00
  psiElt=  -0.0E+00  -9.758289975914947E-02  -9.952273999818312E-01
  VptElt=  0.0E+00  0.0E+00  0.0E+00
  RptElt=  -1.8E+00  1.028694447913837E+00  -1.582817537569952E-01
 FFZernType=  BornWolf
nFFZernCoef=   15
FFZernModes=    3    4    5    9   10   11
  12   13   19   20   21   22
  23   24   25
 FFZernCoef=  2.194530644557005E-03  1.844991463749379E-04  -1.306221092687606E-04  -3.30191323285365E-04  5.932762204496642E-05  2.083374039517029E-06
              1.751961163569184E-07  -5.471437816354341E-05  1.195364461708694E-07  8.707846039994075E-09  -5.64106012814184E-08  1.407108284102034E-09
              -2.233813085482016E-09  -4.528467147741682E-09  -6.995068316708596E-08
     lFF=  3.468810688698434E+00
MonZernType=  ANSI
nMonZernCoef=    1
MonZernModes=    1
 MonZernCoef=  0d0
    lMon=  6.928203288557364E-01
     pFF=  0.0E+00  0.0E+00  0.0E+00
     xFF=  -1.0E+00  0.0E+00  0.0E+00
     yFF=  0.0E+00  9.952273999818312E-01  -9.758289975914947E-02
     zFF=  -0.0E+00  -9.758289975914947E-02  -9.952273999818312E-01
    pMon=  -1.8E+00  1.028694447913837E+00  -1.582817537569952E-01
    xMon=  -8.647596499521982E-01  4.915448230229256E-01  -1.028320707460107E-01
    yMon=  4.999999192265358E-01  8.618366042595076E-01  -8.507495713721284E-02
    zMon=  4.680628791102105E-02  -1.249854172205772E-01  -9.910538920231275E-01
  IndRef=  1d0
    zElt=  0d0
 PropType= 1
  nECoord= 6
    TElt=  -8.647596499521982E-01  4.999999192265358E-01  4.680628791102105E-02  0.0E+00  0.0E+00  0.0E+00
            4.915448230229256E-01  8.618366042595076E-01  -1.249854172205772E-01  0.0E+00  0.0E+00  0.0E+00
            -1.028320707460107E-01  -8.507495713721284E-02  -9.910538920231275E-01  0.0E+00  0.0E+00  0.0E+00
            0.0E+00  0.0E+00  0.0E+00  -8.647596499521982E-01  4.999999192265358E-01  4.680628791102105E-02
            0.0E+00  0.0E+00  0.0E+00  4.915448230229256E-01  8.618366042595076E-01  -1.249854172205772E-01
            0.0E+00  0.0E+00  0.0E+00  -1.028320707460107E-01  -8.507495713721284E-02  -9.910538920231275E-01
           ApType=  Polygonal
             xObs=  -9.9522739998E-01  -0.0000000000E+00  -9.7582899759E-02
        PolyApVec=  6
  -2.4000000000E+00  1.3742917192E+00  -1.8358776432E-01
  -1.8000000000E+00  1.7190206621E+00  -2.1767523955E-01
  -1.2000000000E+00  1.3742917192E+00  -1.8358776432E-01
  -1.2000000000E+00  6.8483383356E-01  -1.1541281385E-01
  -1.8000000000E+00  3.4010489071E-01  -8.1325338610E-02
  -2.4000000000E+00  6.8483383356E-01  -1.1541281385E-01


             iElt=  20
          EltName=  M2
          Element=  Reflector
          Surface=  Zernike
            KrElt=-3.7999999999999998E+00
            KcElt=0.0000000000000000E+00
         ZernType=  BornWolf
        nZernCoef=  15
        ZernModes=  3 4 5 9 10 11 12 13 19 20 21 22 23 24 25
         ZernCoef=  1.5670203878831107E-03 -6.5427777782179231E-04 -1.2826071057798367E-05 1.2611186399476585E-04 6.7314700514678138E-05 -8.4816511295789792E-08
                   7.8938974450666978E-07 -8.8373323647076674E-06 -1.1067290769763183E-07 -6.5534822774810869E-08 -4.0330583684522439E-09 7.2596671805059900E-09
                   -4.5127486120059787E-09 -1.3744671213033494E-08 -5.3336859721464473E-09
             lMon=3.4183090431856283E-01
             pMon=  0.0000000000000000E+00  -3.3991011463495093E+00  -1.7166715218610850E+01
             xMon=  -1.0000000000000000E+00  0.0000000000000000E+00  0.0000000000000000E+00
             yMon=  0.0000000000000000E+00  9.9572469818458209E-01  -9.2370587446561570E-02
             zMon=  -0.0000000000000000E+00  -9.2370587446561570E-02  -9.9572469818458209E-01
           psiElt=  -0.0000000000000000E+00  -9.2370587446561570E-02  -9.9572469818458209E-01
           VptElt=  0.0000000000000000E+00  -3.3991011463495093E+00  -1.7166715218610850E+01
           RptElt=  0.0000000000000000E+00  -3.3991011463495093E+00  -1.7166715218610850E+01
           IndRef=1.0E+00
           Extinc=0.0E+00
             nObs=  0
           ApType=  None
         PropType=  Geometric
             zElt=1.4000000000000000E+01
          nECoord=  6
             TElt=  -1.0000000000000000E+00  0.0000000000000000E+00  0.0000000000000000E+00  0.0000000000000000E+00  0.0000000000000000E+00  0.0000000000000000E+00
                    0.0000000000000000E+00  9.9572469818458209E-01  -9.2370587446561570E-02  0.0000000000000000E+00  0.0000000000000000E+00  0.0000000000000000E+00
                    -0.0000000000000000E+00  -9.2370587446561570E-02  -9.9572469818458209E-01  0.0000000000000000E+00  0.0000000000000000E+00  0.0000000000000000E+00
                    0.0000000000000000E+00  0.0000000000000000E+00  0.0000000000000000E+00  -1.0000000000000000E+00  0.0000000000000000E+00  0.0000000000000000E+00
                    0.0000000000000000E+00  0.0000000000000000E+00  0.0000000000000000E+00  0.0000000000000000E+00  9.9572469818458209E-01  -9.2370587446561570E-02
                    0.0000000000000000E+00  0.0000000000000000E+00  0.0000000000000000E+00  -0.0000000000000000E+00  -9.2370587446561570E-02  -9.9572469818458209E-01
             iElt=  21
          EltName=  M3
          Element=  Reflector
          Surface=  Zernike
            KrElt=-2.0000000000000000E+00
            KcElt=0.0000000000000000E+00
         ZernType=  BornWolf
        nZernCoef=  15
        ZernModes=  3 4 5 9 10 11 12 13 19 20 21 22 23 24 25
         ZernCoef=  5.3728427036658151E-02 -1.7438289166564988E-03 -1.1789772949028865E-02 1.8422981212865529E-02 1.3009539746025957E-02 -7.0070858296950589E-02
                   5.1120489609540361E-03 -1.4540268609969141E-03 3.8284618749318054E-04 -1.1249601815970407E-02 -1.4977824174340182E-01 7.9067505940388250E-02
                   9.8654962896280399E-03 3.1319355461119046E-03 -2.8096520041123968E-04
             lMon=4.7861849240545734E-01
             pMon=  0.0000000000000000E+00  -3.5457061239769505E+00  -3.1674828474936803E+00
             xMon=  -1.0000000000000000E+00  0.0000000000000000E+00  0.0000000000000000E+00
             yMon=  0.0000000000000000E+00  9.8875638104700581E-01  1.4953534344370953E-01
             zMon=  0.0000000000000000E+00  1.4953534344370953E-01  -9.8875638104700592E-01
           psiElt=  0.0000000000000000E+00  1.4953534344370953E-01  -9.8875638104700592E-01
           VptElt=  0.0000000000000000E+00  -3.5457061239769505E+00  -3.1674828474936803E+00
           RptElt=  0.0000000000000000E+00  -3.5457061239769505E+00  -3.1674828474936803E+00
           IndRef=1.0E+00
           Extinc=0.0E+00
             nObs=  0
           ApType=  None
         PropType=  Geometric
             zElt=6.8253968253968300E-01
          nECoord=  6
             TElt=  -1.0000000000000000E+00  0.0000000000000000E+00  0.0000000000000000E+00  0.0000000000000000E+00  0.0000000000000000E+00  0.0000000000000000E+00
                    0.0000000000000000E+00  9.8875638104700581E-01  1.4953534344370953E-01  0.0000000000000000E+00  0.0000000000000000E+00  0.0000000000000000E+00
                    0.0000000000000000E+00  1.4953534344370953E-01  -9.8875638104700592E-01  0.0000000000000000E+00  0.0000000000000000E+00  0.0000000000000000E+00
                    0.0000000000000000E+00  0.0000000000000000E+00  0.0000000000000000E+00  -1.0000000000000000E+00  0.0000000000000000E+00  0.0000000000000000E+00
                    0.0000000000000000E+00  0.0000000000000000E+00  0.0000000000000000E+00  0.0000000000000000E+00  9.8875638104700581E-01  1.4953534344370953E-01
                    0.0000000000000000E+00  0.0000000000000000E+00  0.0000000000000000E+00  0.0000000000000000E+00  1.4953534344370953E-01  -9.8875638104700592E-01

             iElt=  22
          EltName=  OAP1
          Element=  Reflector
          Surface=  Conic
            KrElt=  -2.4000000000E+00
            KcElt=  -1.0000000000E+00
           psiElt=  0.207911690817759  -0.278672318674311  0.937611042824253
           VptElt=  -0.249494028981311  -3.1783921937389  -4.99487972238553
           RptElt=  0  -3.16714465922221  -5.03272277984301
           IndRef=  1.000000E+00
           Extinc=  1.000000E+22
            nCoat=  0
             xObs=  0.801505796287485  0.597987005308279  -0
             nObs=  0
           ApType=  None
         PropType=  Geometric
             zElt=  1E+22
          nECoord=  -6

             iElt=  23
          EltName=  DM1
          Element=  Reflector
          Surface=  Flat
            KrElt=  -1.0000000000E+22
            KcElt=  0.0000000000E+00
           psiElt=  -0.104528463267653  0.283337322860816  -0.953306751177693
           VptElt=  0.0519779227044398  -3.23681273889078  -4.79832001913694
           RptElt=  0.0519779227044398  -3.23681273889078  -4.79832001913694
           IndRef=  1.000000E+00
           Extinc=  1.000000E+22
            nCoat=  0
             xObs=  -0.93819154422469  -0.346116492449134  0
             nObs=  0
           ApType=  Circular
            ApVec=  3.0000000000E-02  0.0D+00  0.0D+00
         PropType=  Geometric
             zElt=  1E+22
          nECoord=  -6


             iElt=  24
          EltName=  Prop23_start
          Element=  Reference
          Surface=  Flat
            KrElt=-1.0000000000000000E+22
            KcElt=0.0E+00
           psiElt=  4.5102810375396758E-16  2.8489802404591169E-01  -9.5855783127296768E-01
           VptElt=  5.1977922704440349E-02  -3.2368127388907837E+00  -4.7983200191369413E+00
           RptElt=  5.1977922704440349E-02  -3.2368127388907837E+00  -4.7983200191369413E+00
           IndRef=1.0E+00
           Extinc=0.0E+00
            nCoat=  0
             nObs=  0
           ApType=  None
         PropType=  NFPlane
             zElt=-4.0000000000000202E-01
          nECoord= -6

             iElt=  25
          EltName=  Prop23_end
          Element=  Reference
          Surface=  Flat
            KrElt=-1.0000000000000000E+22
            KcElt=0.0E+00
           psiElt=  4.5102810375396758E-16  2.8489802404591169E-01  -9.5855783127296768E-01
           VptElt=  5.1977922704440530E-02  -3.1228535292724184E+00  -5.1817431516461303E+00
           RptElt=  5.1977922704440530E-02  -3.1228535292724184E+00  -5.1817431516461303E+00
           IndRef=1.0E+00
           Extinc=0.0E+00
            nCoat=  0
             nObs=  0
           ApType=  None
         PropType=  Geometric
             zElt=0.0000000000000000E+00
          nECoord= -6
             iElt=  26
          EltName=  DM2
          Element=  Reflector
          Surface=  Flat
            KrElt=  -1.0000000000E+22
            KcElt=  0.0000000000E+00
           psiElt=  0.104528463267654  -0.283337322860816  0.953306751177693
           VptElt=  0.0519779227044398  -3.12285352927242  -5.18174315164613
           RptElt=  0.0519779227044398  -3.12285352927242  -5.18174315164613
           IndRef=  1.000000E+00
           Extinc=  1.000000E+22
            nCoat=  0
             xObs=  0.93819154422469  0.346116492449134  -0
             nObs=  0
           ApType=  Circular
            ApVec=  3.0000000000E-02  0.0D+00  0.0D+00
         PropType=  Geometric
             zElt=  1E+22
          nECoord=  -6

             iElt=  27
          EltName=  OAP2
          Element=  Reflector
          Surface=  Conic
            KrElt=  -1.8000000000E+00
            KcElt=  -1.0000000000E+00
           psiElt=  -0.207911690817759  0.278672318674311  -0.937611042824253
           VptElt=  0.280680782603975  -3.17015234211976  -5.02260323617439
           RptElt=  0.0935602608679917  -3.17858799300728  -4.99422094308128
           IndRef=  1.000000E+00
           Extinc=  1.000000E+22
            nCoat=  0
             xObs=  -0.801505796287486  -0.597987005308279  0
             nObs=  0
           ApType=  None
         PropType=  Geometric
             zElt=  1E+22
          nECoord=  -6

             iElt=  28
          EltName=  OAP3
          Element=  Reflector
          Surface=  Conic
            KrElt=  -1.8000000000E+00
            KcElt=  -1.0000000000E+00
           psiElt=  0.207911690817759  -0.278672318674311  0.937611042824253
           VptElt=  -0.0935602608679919  -2.668542168506  -6.71030311325804
           RptElt=  0.0935602608679915  -2.66010651761848  -6.73868540635115
           IndRef=  1.000000E+00
           Extinc=  1.000000E+22
            nCoat=  0
             xObs=  0.801505796287486  0.597987005308279  -0
             nObs=  0
           ApType=  None
         PropType=  Geometric
             zElt=  1E+22
          nECoord=  -6

             iElt=  29
          EltName=  Apodizer
          Element=  Reference
          Surface=  Flat
            KrElt=  -1.0000000000E+22
            KcElt=  0.0000000000E+00
           psiElt=  0.207911690817759  -0.278672318674311  0.937611042824253
           VptElt=  0.145538183572431  -2.72977459728705  -6.50428264564509
           RptElt=  0.145538183572431  -2.72977459728705  -6.50428264564509
           IndRef=  1.000000E+00
           Extinc=  0.000000E+00
            nCoat=  0
             xObs=  0.801505796287486  0.597987005308279  -0
             nObs=  0
           ApType=  None
         PropType=  Geometric
             zElt=  0
          nECoord=  -6

             iElt=  30
          EltName=  OAP4
          Element=  Reflector
          Surface=  Conic
            KrElt=  -1.8000000000E+00
            KcElt=  -1.0000000000E+00
           psiElt=  -0.207911690817759  0.278672318674311  -0.937611042824253
           VptElt=  0.384636628012855  -2.79100702606811  -6.29826217803213
           RptElt=  0.197516106276871  -2.79944267695563  -6.26987988493902
           IndRef=  1.000000E+00
           Extinc=  1.000000E+22
            nCoat=  0
             xObs=  -0.801505796287486  -0.597987005308279  0
             nObs=  0
           ApType=  None
         PropType=  Geometric
             zElt=  1E+22
          nECoord=  -6


             iElt=  31
          EltName=  FPM_FPreturn
          Element=  Return
          Surface=  Flat
            KrElt=-1.0000000000000000E+22
            KcElt=0.0E+00
           psiElt=  -4.1483494679453886E-15  2.8489802404591863E-01  -9.5855783127296557E-01
           VptElt=  1.9751610627686939E-01  -2.5402019392612276E+00  -7.1421121165739594E+00
           RptElt=  1.9751610627686939E-01  -2.5402019392612276E+00  -7.1421121165739594E+00
           IndRef=1.0E+00
           Extinc=0.0E+00
            nCoat=  0
             nObs=  0
           ApType=  None
         PropType=  Geometric
             zElt=1.0000000000000000E+22
          nECoord= -6

             iElt=  32
          EltName=  FPM_EPreturn
          Element=  Return
          Surface=  Conic
            KrElt=-3.4506530450013367E-01
            KcElt=0.0E+00
           psiElt=  -4.1483494679453886E-15  2.8489802404591863E-01  -9.5855783127296557E-01
           VptElt=  1.9751610627687083E-01  -2.6385103626801190E+00  -6.8113470666447657E+00
           RptElt=  1.9751610627687083E-01  -2.6385103626801190E+00  -6.8113470666447657E+00
           IndRef=1.0E+00
           Extinc=0.0E+00
            nCoat=  0
             nObs=  0
           ApType=  None
         PropType=  NF1
             zElt=3.4506530450013367E-01
          nECoord= -6
             iElt=  33
          EltName=  FPM
          Element=  Return
          Surface=  Flat
            KrElt=-1.0000000000000000E+22
            KcElt=  0.0000000000E+00
           psiElt=  -4.1483494679453886E-15  2.8489802404591863E-01  -9.5855783127296557E-01
           VptElt=  1.9751610627686939E-01  -2.5402019392612276E+00  -7.1421121165739594E+00
           RptElt=  1.9751610627686939E-01  -2.5402019392612276E+00  -7.1421121165739594E+00
           IndRef=  1.000000E+00
           Extinc=  0.000000E+00
            nCoat=  0
             xObs=  -1  -3.89691374077849E-16  0
             nObs=  0
           ApType=  None
         PropType=  NF2
             zElt=1.0000000000000000E+22
          nECoord=  -6


             iElt=  34
          EltName=  FPM_EPreturn2
          Element=  Return
          Surface=  Conic
            KrElt=-3.4506530450013367E-01
            KcElt=0.0E+00
           psiElt=  -4.1483494679453886E-15  2.8489802404591863E-01  -9.5855783127296557E-01
           VptElt=  1.9751610627687083E-01  -2.6385103626801190E+00  -6.8113470666447657E+00
           RptElt=  1.9751610627687083E-01  -2.6385103626801190E+00  -6.8113470666447657E+00
           IndRef=1.0E+00
           Extinc=0.0E+00
            nCoat=  0
             nObs=  0
           ApType=  None
         PropType=  Geometric
             zElt=3.4506530450013367E-01
          nECoord= -6
             iElt=  35
          EltName=  OAP5
          Element=  Reflector
          Surface=  Conic
            KrElt=  -1.8000000000E+00
            KcElt=  -1.0000000000E+00
           psiElt=  0.207911690817759  -0.278672318674311  0.937611042824253
           VptElt=  0.0103955845408876  -2.28939685245435  -7.98596205511579
           RptElt=  0.197516106276871  -2.28096120156683  -8.0143443482089
           IndRef=  1.000000E+00
           Extinc=  1.000000E+22
            nCoat=  0
             xObs=  0.801505796287485  0.597987005308279  -0
             nObs=  0
           ApType=  None
         PropType=  Geometric
             zElt=  1E+22
          nECoord=  -6

             iElt=  36
          EltName=  Lyot
          Element=  Reference
          Surface=  Flat
            KrElt=  -1.0000000000E+22
            KcElt=  0.0000000000E+00
           psiElt=  0.207911690817759  -0.278672318674311  0.937611042824253
           VptElt=  0.249494028981311  -2.35062928123541  -7.77994158750283
           RptElt=  0.249494028981311  -2.35062928123541  -7.77994158750283
           IndRef=  1.000000E+00
           Extinc=  0.000000E+00
            nCoat=  0
             xObs=  0.801505796287485  0.597987005308279  -0
             nObs=  0
           ApType=  None
         PropType=  Geometric
             zElt=  0
          nECoord=  -6

             iElt=  37
          EltName=  OAP6
          Element=  Reflector
          Surface=  Conic
            KrElt=  -1.8000000000E+00
            KcElt=  -1.0000000000E+00
           psiElt=  -0.207911690817759  0.278672318674311  -0.937611042824253
           VptElt=  0.488592473421734  -2.41186171001646  -7.57392111988988
           RptElt=  0.301471951685751  -2.42029736090399  -7.54553882679677
           IndRef=  1.000000E+00
           Extinc=  1.000000E+22
            nCoat=  0
             xObs=  -0.801505796287485  -0.597987005308279  0
             nObs=  0
           ApType=  None
         PropType=  Geometric
             zElt=  1E+22
          nECoord=  -6


             iElt=  38
          EltName=  FieldStop_FPreturn
          Element=  Return
          Surface=  Flat
            KrElt=-1.0000000000000000E+22
            KcElt=0.0E+00
           psiElt=  7.2596115689045019E-15  2.8489802404590336E-01  -9.5855783127297012E-01
           VptElt=  3.0147195168575219E-01  -2.1610566232095851E+00  -8.4177710584317023E+00
           RptElt=  3.0147195168575219E-01  -2.1610566232095851E+00  -8.4177710584317023E+00
           IndRef=1.0E+00
           Extinc=0.0E+00
            nCoat=  0
             nObs=  0
           ApType=  None
         PropType=  Geometric
             zElt=1.0000000000000000E+22
          nECoord= -6

             iElt=  39
          EltName=  FieldStop_EPreturn
          Element=  Return
          Surface=  Conic
            KrElt=-2.2261428899843844E-01
            KcElt=0.0E+00
           psiElt=  7.2596115689045019E-15  2.8489802404590336E-01  -9.5855783127297012E-01
           VptElt=  3.0147195168575058E-01  -2.2244789942696239E+00  -8.2043823883589848E+00
           RptElt=  3.0147195168575058E-01  -2.2244789942696239E+00  -8.2043823883589848E+00
           IndRef=1.0E+00
           Extinc=0.0E+00
            nCoat=  0
             nObs=  0
           ApType=  None
         PropType=  NF1
             zElt=2.2261428899843844E-01
          nECoord= -6
             iElt=  40
          EltName=  FieldStop
          Element=  Return
          Surface=  Flat
            KrElt=-1.0000000000000000E+22
            KcElt=  0.0000000000E+00
           psiElt=  7.2596115689045019E-15  2.8489802404590336E-01  -9.5855783127297012E-01
           VptElt=  3.0147195168575219E-01  -2.1610566232095851E+00  -8.4177710584317023E+00
           RptElt=  3.0147195168575219E-01  -2.1610566232095851E+00  -8.4177710584317023E+00
           IndRef=  1.000000E+00
           Extinc=  0.000000E+00
            nCoat=  0
             xObs=  -1  -3.89691374077849E-16  0
             nObs=  0
           ApType=  None
         PropType=  NF2
             zElt=1.0000000000000000E+22
          nECoord=  -6


             iElt=  41
          EltName=  FieldStop_EPreturn2
          Element=  Return
          Surface=  Conic
            KrElt=-2.2261428899843844E-01
            KcElt=0.0E+00
           psiElt=  7.2596115689045019E-15  2.8489802404590336E-01  -9.5855783127297012E-01
           VptElt=  3.0147195168575058E-01  -2.2244789942696239E+00  -8.2043823883589848E+00
           RptElt=  3.0147195168575058E-01  -2.2244789942696239E+00  -8.2043823883589848E+00
           IndRef=1.0E+00
           Extinc=0.0E+00
            nCoat=  0
             nObs=  0
           ApType=  None
         PropType=  Geometric
             zElt=2.2261428899843844E-01
          nECoord= -6
             iElt=  42
          EltName=  OAP7
          Element=  Reflector
          Surface=  Conic
            KrElt=  -1.8000000000E+00
            KcElt=  -1.0000000000E+00
           psiElt=  0.207911690817759  -0.278672318674311  0.937611042824253
           VptElt=  0.114351429949767  -1.9102515364027  -9.26162099697353
           RptElt=  0.30147195168575  -1.90181588551518  -9.29000329006664
           IndRef=  1.000000E+00
           Extinc=  1.000000E+22
            nCoat=  0
             xObs=  0.801505796287485  0.597987005308279  -0
             nObs=  0
           ApType=  None
         PropType=  Geometric
             zElt=  1E+22
          nECoord=  -6

             iElt=  43
          EltName=  Backend
          Element=  Reference
          Surface=  Flat
            KrElt=  -1.0000000000E+22
            KcElt=  0.0000000000E+00
           psiElt=  0.207911690817759  -0.278672318674311  0.937611042824253
           VptElt=  0.35344987439019  -1.97148396518376  -9.05560052936058
           RptElt=  0.35344987439019  -1.97148396518376  -9.05560052936058
           IndRef=  1.000000E+00
           Extinc=  0.000000E+00
            nCoat=  0
             xObs=  0.801505796287485  0.597987005308279  -0
             nObs=  0
           ApType=  None
         PropType=  Geometric
             zElt=  0
          nECoord=  -6

             iElt=  44
          EltName=  OAP8
          Element=  Reflector
          Surface=  Conic
            KrElt=  -1.8000000000E+00
            KcElt=  -1.0000000000E+00
           psiElt=  -0.207911690817759  0.278672318674311  -0.937611042824253
           VptElt=  0.592548318830614  -2.03271639396482  -8.84958006174762
           RptElt=  0.40542779709463  -2.04115204485234  -8.82119776865451
           IndRef=  1.000000E+00
           Extinc=  1.000000E+22
            nCoat=  0
             xObs=  -0.801505796287485  -0.597987005308279  0
             nObs=  0
           ApType=  None
         PropType=  Geometric
             zElt=  1E+22
          nECoord=  -6


             iElt=  45
          EltName=  FP_return
          Element=  Return
          Surface=  Flat
            KrElt=-1.0000000000000000E+22
            KcElt=0.0E+00
           psiElt=  9.8218274167530755E-15  -2.8489802404592124E-01  9.5855783127296490E-01
           VptElt=  4.0542779709462873E-01  -1.7819113071579347E+00  -9.6934300002894478E+00
           RptElt=  4.0542779709462873E-01  -1.7819113071579347E+00  -9.6934300002894478E+00
           IndRef=1.0E+00
           Extinc=0.0E+00
            nCoat=  0
             nObs=  0
           ApType=  None
         PropType=  Geometric
             zElt=1.0000000000000000E+22
          nECoord= -6

             iElt=  46
          EltName=  ExitPupil
          Element=  Return
          Surface=  Conic
            KrElt=-1.6430758851790142E-01
            KcElt=0.0E+00
           psiElt=  -8.8540286213856234E-15  2.8489802404592013E-01  -9.5855783127296479E-01
           VptElt=  4.0542779709463050E-01  -1.8287222144624351E+00  -9.5359316745780376E+00
           RptElt=  4.0542779709463050E-01  -1.8287222144624351E+00  -9.5359316745780376E+00
           IndRef=1.0E+00
           Extinc=0.0E+00
            nCoat=  0
             nObs=  0
           ApType=  None
         PropType=  FarField
             zElt=1.6430758851790142E-01
          nECoord= -6
             iElt=  47
          EltName=  Science
          Element=  FocalPlane
          Surface=  Flat
            KrElt=-1.0000000000000000E+22
            KcElt=  0.0000000000E+00
           psiElt=  -9.8218274167530755E-15  2.8489802404592124E-01  -9.5855783127296490E-01
           VptElt=  4.0542779709462873E-01  -1.7819113071579347E+00  -9.6934300002894478E+00
           RptElt=  4.0542779709462873E-01  -1.7819113071579347E+00  -9.6934300002894478E+00
           IndRef=  1.000000E+00
           Extinc=  0.000000E+00
            nCoat=  0
             xObs=  -1  -3.89691374077849E-16  0
             nObs=  0
           ApType=  None
         PropType=  Geometric
             zElt=1.0000000000000000E+22
          nECoord=  -6
% Output Coordinate System Definition
         nOutCord=  5
             Tout=  1.0000000000000000E+00  0.0000000000000000E+00  0.0000000000000000E+00  0.0000000000000000E+00  0.0000000000000000E+00  0.0000000000000000E+00  0.0E+00
                    0.0000000000000000E+00  1.0000000000000000E+00  0.0000000000000000E+00  0.0000000000000000E+00  0.0000000000000000E+00  0.0000000000000000E+00  0.0E+00
                    0.0000000000000000E+00  0.0000000000000000E+00  0.0000000000000000E+00  1.0000000000000000E+00  0.0000000000000000E+00  0.0000000000000000E+00  0.0E+00
                    0.0000000000000000E+00  0.0000000000000000E+00  0.0000000000000000E+00  0.0000000000000000E+00  1.0000000000000000E+00  0.0000000000000000E+00  0.0E+00
                    0.0000000000000000E+00  0.0000000000000000E+00  0.0000000000000000E+00  0.0000000000000000E+00  0.0000000000000000E+00  0.0000000000000000E+00  1.0E+00

