% MACOS prescription emitted by macos.design.Telescope (family=tma)
% Source Definition
        ChfRayDir=  0.0000000000000000E+00  0.0000000000000000E+00  1.0000000000000000E+00
        ChfRayPos=  0.0000000000000000E+00  0.0000000000000000E+00  -1.8666715218610850E+01
          zSource=1.0E+22
        BaseUnits=  m
        WaveUnits=  m
           IndRef=1.0E+00
           Extinc=0.0E+00
          Wavelen=4.9999999999999998E-07
             Flux=1.0E+00
         Aperture=6.0000000000000000E+00
         Obscratn=0.0E+00
         ApStop=  0.0000000000000000E+00  0.0000000000000000E+00  0.0000000000000000E+00
         GridType=  Hex
         nGridpts=  41
            xGrid=  -1.0  0.0000000000000000E+00  0.0000000000000000E+00
            yGrid=  0.0000000000000000E+00  1.0000000000000000E+00  0.0000000000000000E+00

             nSeg=  19
            width=  1.2E+00
              gap=  2.5E-02
         SegXgrid=  -1.0E+00  -0.0E+00  0.0E+00
         SegCoord=    0    0    0
                      1    2    1
                     -1    1    2
                     -2   -1    1
                     -1   -2   -1
                      1   -1   -2
                      2    1   -1
                      2    4    2
                      0    3    3
                     -2    2    4
                     -3    0    3
                     -4   -2    2
                     -3   -3    0
                     -2   -4   -2
                      0   -3   -3
                      2   -2   -4
                      3    0   -3
                      4    2   -2
                      3    3    0
% Element Definitions
             nElt=  24
    iElt=   1
 EltName=  Seg1
          nMetPos=  6
  3.002328626241084E-01  -5.273755610279295E-01  4.452832993242579E-03
  6.049999952979451E-01  -7.275618379635362E-03  -4.697567129393991E-02
  3.047671314142474E-01  5.154294877252176E-01  -9.866177926266143E-02
  -3.002328626241518E-01  5.180346486678182E-01  -9.891938269561534E-02
  -6.049999952979879E-01  -2.065293980477001E-03  -4.749087840843274E-02
  -3.047671314142891E-01  -5.247704000853290E-01  4.195229560288689E-03
          tMetElt=  20  6
  1  0  0  0  0  0
  0  1  0  0  0  0
  0  0  1  0  0  0
  0  0  0  1  0  0
  0  0  0  0  1  0
  0  0  0  0  0  1
 Element=  Segment
 Surface=  FreeForm
    fElt=  3.84E+01
    eElt=  0.0E+00
   KrElt=  -3.84E+01
   KcElt=  -0.0E+00
  psiElt=  -0.0E+00  -9.758289975914947E-02  -9.952273999818312E-01
  VptElt=  0.0E+00  0.0E+00  0.0E+00
  RptElt=  0.0E+00  -7.414122505489118E-06  -7.561507069908657E-05
 FFZernType=  BornWolf
nFFZernCoef=   15
FFZernModes=    3    4    5    9   10   11
  12   13   19   20   21   22
  23   24   25
 FFZernCoef=  2.194530644557005E-03  1.844991463749379E-04  -1.306221092687606E-04  -3.30191323285365E-04  5.932762204496642E-05  2.083374039517029E-06
              1.751961163569184E-07  -5.471437816354341E-05  1.195364461708694E-07  8.707846039994075E-09  -5.64106012814184E-08  1.407108284102034E-09
              -2.233813085482016E-09  -4.528467147741682E-09  -6.995068316708596E-08
     lFF=  3.468810688698434E+00
MonZernType=  ANSI
nMonZernCoef=    1
MonZernModes=    1
 MonZernCoef=  0d0
    lMon=  6.928203288557364E-01
     pFF=  0.0E+00  0.0E+00  0.0E+00
     xFF=  -1.0E+00  0.0E+00  0.0E+00
     yFF=  0.0E+00  9.952273999818312E-01  -9.758289975914947E-02
     zFF=  -0.0E+00  -9.758289975914947E-02  -9.952273999818312E-01
    pMon=  0.0E+00  -7.414122505489118E-06  -7.561507069908657E-05
    xMon=  -8.660254771300531E-01  4.975732434445936E-01  -4.920102000661411E-02
    yMon=  4.999998729616479E-01  8.618224300915071E-01  -8.521869530511178E-02
    zMon=  -0.0E+00  -9.840206501490059E-02  -9.95146739732791E-01
  IndRef=  1d0
    zElt=  0d0
 PropType= 1
  nECoord= 6
    TElt=  -8.660254771300531E-01  4.999998729616479E-01  -0.0E+00  0.0E+00  0.0E+00  0.0E+00
            4.975732434445936E-01  8.618224300915071E-01  -9.840206501490059E-02  0.0E+00  0.0E+00  0.0E+00
            -4.920102000661411E-02  -8.521869530511178E-02  -9.95146739732791E-01  0.0E+00  0.0E+00  0.0E+00
            0.0E+00  0.0E+00  0.0E+00  -8.660254771300531E-01  4.999998729616479E-01  -0.0E+00
            0.0E+00  0.0E+00  0.0E+00  4.975732434445936E-01  8.618224300915071E-01  -9.840206501490059E-02
            0.0E+00  0.0E+00  0.0E+00  -4.920102000661411E-02  -8.521869530511178E-02  -9.95146739732791E-01
           ApType=  Polygonal
             xObs=  -9.9522739998E-01  -0.0000000000E+00  -9.7582899759E-02
        PolyApVec=  6
  -6.0000000000E-01  3.4005848666E-01  -8.1320750086E-02
  -5.5511151231E-17  6.8478742950E-01  -1.1540822532E-01
  6.0000000000E-01  3.4005848666E-01  -8.1320750086E-02
  6.0000000000E-01  -3.4939939902E-01  -1.3145799616E-02
  1.6653345369E-16  -6.9412834186E-01  2.0941675619E-02
  -6.0000000000E-01  -3.4939939902E-01  -1.3145799616E-02

    iElt=   2
 EltName=  Seg2
          nMetPos=  6
  -2.997671373846796E-01  5.068269534973568E-01  -9.781114377486377E-02
  4.999995289156615E-03  1.026926896145653E+00  -1.492396480620464E-01
  -2.952328685945428E-01  1.549632002250505E+00  -2.009257560307678E-01
  -9.002328626329408E-01  1.552237163193104E+00  -2.011833594637217E-01
  -1.204999995306776E+00  1.032137220544810E+00  -1.497548551765392E-01
  -9.047671314230782E-01  5.094321144399574E-01  -9.806874720781768E-02
          tMetElt=  20  6
  1  0  0  0  0  0
  0  1  0  0  0  0
  0  0  1  0  0  0
  0  0  0  1  0  0
  0  0  0  0  1  0
  0  0  0  0  0  1
 Element=  Segment
 Surface=  FreeForm
    fElt=  3.84E+01
    eElt=  0.0E+00
   KrElt=  -3.84E+01
   KcElt=  -0.0E+00
  psiElt=  -0.0E+00  -9.758289975914947E-02  -9.952273999818312E-01
  VptElt=  0.0E+00  0.0E+00  0.0E+00
  RptElt=  -6.0E-01  1.03235387642134E+00  -1.20960014723515E-01
 FFZernType=  BornWolf
nFFZernCoef=   15
FFZernModes=    3    4    5    9   10   11
  12   13   19   20   21   22
  23   24   25
 FFZernCoef=  2.194530644557005E-03  1.844991463749379E-04  -1.306221092687606E-04  -3.30191323285365E-04  5.932762204496642E-05  2.083374039517029E-06
              1.751961163569184E-07  -5.471437816354341E-05  1.195364461708694E-07  8.707846039994075E-09  -5.64106012814184E-08  1.407108284102034E-09
              -2.233813085482016E-09  -4.528467147741682E-09  -6.995068316708596E-08
     lFF=  3.468810688698434E+00
MonZernType=  ANSI
nMonZernCoef=    1
MonZernModes=    1
 MonZernCoef=  0d0
    lMon=  6.928203288557364E-01
     pFF=  0.0E+00  0.0E+00  0.0E+00
     xFF=  -1.0E+00  0.0E+00  0.0E+00
     yFF=  0.0E+00  9.952273999818312E-01  -9.758289975914947E-02
     zFF=  -0.0E+00  -9.758289975914947E-02  -9.952273999818312E-01
    pMon=  -6.0E-01  1.03235387642134E+00  -1.20960014723515E-01
    xMon=  -8.659226507084846E-01  4.943690765077789E-01  -7.600775738592556E-02
    yMon=  4.999340538740178E-01  8.601936990774299E-01  -1.006615211715906E-01
    zMon=  1.561745072291164E-02  -1.251639575130706E-01  -9.920131445563529E-01
  IndRef=  1d0
    zElt=  0d0
 PropType= 1
  nECoord= 6
    TElt=  -8.659226507084846E-01  4.999340538740178E-01  1.561745072291164E-02  0.0E+00  0.0E+00  0.0E+00
            4.943690765077789E-01  8.601936990774299E-01  -1.251639575130706E-01  0.0E+00  0.0E+00  0.0E+00
            -7.600775738592556E-02  -1.006615211715906E-01  -9.920131445563529E-01  0.0E+00  0.0E+00  0.0E+00
            0.0E+00  0.0E+00  0.0E+00  -8.659226507084846E-01  4.999340538740178E-01  1.561745072291164E-02
            0.0E+00  0.0E+00  0.0E+00  4.943690765077789E-01  8.601936990774299E-01  -1.251639575130706E-01
            0.0E+00  0.0E+00  0.0E+00  -7.600775738592556E-02  -1.006615211715906E-01  -9.920131445563529E-01
           ApType=  Polygonal
             xObs=  -9.9522739998E-01  -0.0000000000E+00  -9.7582899759E-02
        PolyApVec=  6
  -1.2000000000E+00  1.3742610012E+00  -1.8358472686E-01
  -6.0000000000E-01  1.7189899440E+00  -2.1767220209E-01
  -2.2204460493E-16  1.3742610012E+00  -1.8358472686E-01
  1.6653345369E-16  6.8480311552E-01  -1.1540977639E-01
  -6.0000000000E-01  3.4007417268E-01  -8.1322301151E-02
  -1.2000000000E+00  6.8480311552E-01  -1.1540977639E-01

    iElt=   3
 EltName=  Seg3
          nMetPos=  6
  9.002328626153201E-01  5.068269534973570E-01  -9.781114377486377E-02
  1.204999995289157E+00  1.026926896145652E+00  -1.492396480620463E-01
  9.047671314054582E-01  1.549632002250504E+00  -2.009257560307678E-01
  2.997671373670601E-01  1.552237163193105E+00  -2.011833594637217E-01
  -4.999995306776465E-03  1.032137220544810E+00  -1.497548551765391E-01
  2.952328685769219E-01  5.094321144399574E-01  -9.806874720781766E-02
          tMetElt=  20  6
  1  0  0  0  0  0
  0  1  0  0  0  0
  0  0  1  0  0  0
  0  0  0  1  0  0
  0  0  0  0  1  0
  0  0  0  0  0  1
 Element=  Segment
 Surface=  FreeForm
    fElt=  3.84E+01
    eElt=  0.0E+00
   KrElt=  -3.84E+01
   KcElt=  -0.0E+00
  psiElt=  -0.0E+00  -9.758289975914947E-02  -9.952273999818312E-01
  VptElt=  0.0E+00  0.0E+00  0.0E+00
  RptElt=  6.0E-01  1.03235387642134E+00  -1.20960014723515E-01
 FFZernType=  BornWolf
nFFZernCoef=   15
FFZernModes=    3    4    5    9   10   11
  12   13   19   20   21   22
  23   24   25
 FFZernCoef=  2.194530644557005E-03  1.844991463749379E-04  -1.306221092687606E-04  -3.30191323285365E-04  5.932762204496642E-05  2.083374039517029E-06
              1.751961163569184E-07  -5.471437816354341E-05  1.195364461708694E-07  8.707846039994075E-09  -5.64106012814184E-08  1.407108284102034E-09
              -2.233813085482016E-09  -4.528467147741682E-09  -6.995068316708596E-08
     lFF=  3.468810688698434E+00
MonZernType=  ANSI
nMonZernCoef=    1
MonZernModes=    1
 MonZernCoef=  0d0
    lMon=  6.928203288557364E-01
     pFF=  0.0E+00  0.0E+00  0.0E+00
     xFF=  -1.0E+00  0.0E+00  0.0E+00
     yFF=  0.0E+00  9.952273999818312E-01  -9.758289975914947E-02
     zFF=  -0.0E+00  -9.758289975914947E-02  -9.952273999818312E-01
    pMon=  6.0E-01  1.03235387642134E+00  -1.20960014723515E-01
    xMon=  -4.337557449476863E-04  9.921348997912934E-01  -1.251724908758864E-01
    yMon=  9.998779460958578E-01  -1.524583807603325E-03  -1.554890849360308E-02
    zMon=  -1.561745072291164E-02  -1.251639575130706E-01  -9.920131445563529E-01
  IndRef=  1d0
    zElt=  0d0
 PropType= 1
  nECoord= 6
    TElt=  -4.337557449476863E-04  9.998779460958578E-01  -1.561745072291164E-02  0.0E+00  0.0E+00  0.0E+00
            9.921348997912934E-01  -1.524583807603325E-03  -1.251639575130706E-01  0.0E+00  0.0E+00  0.0E+00
            -1.251724908758864E-01  -1.554890849360308E-02  -9.920131445563529E-01  0.0E+00  0.0E+00  0.0E+00
            0.0E+00  0.0E+00  0.0E+00  -4.337557449476863E-04  9.998779460958578E-01  -1.561745072291164E-02
            0.0E+00  0.0E+00  0.0E+00  9.921348997912934E-01  -1.524583807603325E-03  -1.251639575130706E-01
            0.0E+00  0.0E+00  0.0E+00  -1.251724908758864E-01  -1.554890849360308E-02  -9.920131445563529E-01
           ApType=  Polygonal
             xObs=  -9.9522739998E-01  -0.0000000000E+00  -9.7582899759E-02
        PolyApVec=  6
  -1.1102230246E-16  1.3742610012E+00  -1.8358472686E-01
  6.0000000000E-01  1.7189899440E+00  -2.1767220209E-01
  1.2000000000E+00  1.3742610012E+00  -1.8358472686E-01
  1.2000000000E+00  6.8480311552E-01  -1.1540977639E-01
  6.0000000000E-01  3.4007417268E-01  -8.1322301151E-02
  -1.1102230246E-16  6.8480311552E-01  -1.1540977639E-01

    iElt=   4
 EltName=  Seg4
          nMetPos=  6
  1.500232862624088E+00  -5.273601778279704E-01  4.451311872203770E-03
  1.804999995297924E+00  -7.260235179675834E-03  -4.697719241497876E-02
  1.504767131414226E+00  5.154448709251765E-01  -9.866330038370023E-02
  8.997671373758271E-01  5.180500318677772E-01  -9.892090381665415E-02
  5.950000047019909E-01  -2.049910780516917E-03  -4.749239952947167E-02
  8.952328685856900E-01  -5.247550168853703E-01  4.193708439249894E-03
          tMetElt=  20  6
  1  0  0  0  0  0
  0  1  0  0  0  0
  0  0  1  0  0  0
  0  0  0  1  0  0
  0  0  0  0  1  0
  0  0  0  0  0  1
 Element=  Segment
 Surface=  FreeForm
    fElt=  3.84E+01
    eElt=  0.0E+00
   KrElt=  -3.84E+01
   KcElt=  -0.0E+00
  psiElt=  -0.0E+00  -9.758289975914947E-02  -9.952273999818312E-01
  VptElt=  0.0E+00  0.0E+00  0.0E+00
  RptElt=  1.2E+00  -1.840009607503523E-03  -1.876586965684979E-02
 FFZernType=  BornWolf
nFFZernCoef=   15
FFZernModes=    3    4    5    9   10   11
  12   13   19   20   21   22
  23   24   25
 FFZernCoef=  2.194530644557005E-03  1.844991463749379E-04  -1.306221092687606E-04  -3.30191323285365E-04  5.932762204496642E-05  2.083374039517029E-06
              1.751961163569184E-07  -5.471437816354341E-05  1.195364461708694E-07  8.707846039994075E-09  -5.64106012814184E-08  1.407108284102034E-09
              -2.233813085482016E-09  -4.528467147741682E-09  -6.995068316708596E-08
     lFF=  3.468810688698434E+00
MonZernType=  ANSI
nMonZernCoef=    1
MonZernModes=    1
 MonZernCoef=  0d0
    lMon=  6.928203288557364E-01
     pFF=  0.0E+00  0.0E+00  0.0E+00
     xFF=  -1.0E+00  0.0E+00  0.0E+00
     yFF=  0.0E+00  9.952273999818312E-01  -9.758289975914947E-02
     zFF=  -0.0E+00  -9.758289975914947E-02  -9.952273999818312E-01
    pMon=  1.2E+00  -1.840009607503523E-03  -1.876586965684979E-02
    xMon=  8.654924811818718E-01  4.950977933153884E-01  -7.616390268283474E-02
    yMon=  4.999440490412085E-01  -8.632555701652291E-01  6.961155368893043E-02
    zMon=  -3.128438661583437E-02  -9.832596621919447E-02  -9.946624007778383E-01
  IndRef=  1d0
    zElt=  0d0
 PropType= 1
  nECoord= 6
    TElt=  8.654924811818718E-01  4.999440490412085E-01  -3.128438661583437E-02  0.0E+00  0.0E+00  0.0E+00
            4.950977933153884E-01  -8.632555701652291E-01  -9.832596621919447E-02  0.0E+00  0.0E+00  0.0E+00
            -7.616390268283474E-02  6.961155368893043E-02  -9.946624007778383E-01  0.0E+00  0.0E+00  0.0E+00
            0.0E+00  0.0E+00  0.0E+00  8.654924811818718E-01  4.999440490412085E-01  -3.128438661583437E-02
            0.0E+00  0.0E+00  0.0E+00  4.950977933153884E-01  -8.632555701652291E-01  -9.832596621919447E-02
            0.0E+00  0.0E+00  0.0E+00  -7.616390268283474E-02  6.961155368893043E-02  -9.946624007778383E-01
           ApType=  Polygonal
             xObs=  -9.9522739998E-01  -0.0000000000E+00  -9.7582899759E-02
        PolyApVec=  6
  6.0000000000E-01  3.4007386986E-01  -8.1322271207E-02
  1.2000000000E+00  6.8480281270E-01  -1.1540974644E-01
  1.8000000000E+00  3.4007386986E-01  -8.1322271207E-02
  1.8000000000E+00  -3.4938401582E-01  -1.3147320737E-02
  1.2000000000E+00  -6.9411295866E-01  2.0940154498E-02
  6.0000000000E-01  -3.4938401582E-01  -1.3147320737E-02

    iElt=   5
 EltName=  Seg5
          nMetPos=  6
  9.002328626326630E-01  -1.561547363373003E+00  1.067137728806223E-01
  1.204999995306500E+00  -1.041447420724709E+00  5.528526859343980E-02
  9.047671314228019E-01  -5.187423146198562E-01  3.599160624718326E-03
  2.997671373844026E-01  -5.161371536772557E-01  3.341557191764401E-03
  -4.999995289433587E-03  -1.036237096325551E+00  5.477006147894704E-02
  2.952328685942656E-01  -1.558942202430403E+00  1.064561694476684E-01
          tMetElt=  20  6
  1  0  0  0  0  0
  0  1  0  0  0  0
  0  0  1  0  0  0
  0  0  0  1  0  0
  0  0  0  0  1  0
  0  0  0  0  0  1
 Element=  Segment
 Surface=  FreeForm
    fElt=  3.84E+01
    eElt=  0.0E+00
   KrElt=  -3.84E+01
   KcElt=  -0.0E+00
  psiElt=  -0.0E+00  -9.758289975914947E-02  -9.952273999818312E-01
  VptElt=  0.0E+00  0.0E+00  0.0E+00
  RptElt=  6.0E-01  -1.036027439148669E+00  8.349412376501775E-02
 FFZernType=  BornWolf
nFFZernCoef=   15
FFZernModes=    3    4    5    9   10   11
  12   13   19   20   21   22
  23   24   25
 FFZernCoef=  2.194530644557005E-03  1.844991463749379E-04  -1.306221092687606E-04  -3.30191323285365E-04  5.932762204496642E-05  2.083374039517029E-06
              1.751961163569184E-07  -5.471437816354341E-05  1.195364461708694E-07  8.707846039994075E-09  -5.64106012814184E-08  1.407108284102034E-09
              -2.233813085482016E-09  -4.528467147741682E-09  -6.995068316708596E-08
     lFF=  3.468810688698434E+00
MonZernType=  ANSI
nMonZernCoef=    1
MonZernModes=    1
 MonZernCoef=  0d0
    lMon=  6.928203288557364E-01
     pFF=  0.0E+00  0.0E+00  0.0E+00
     xFF=  -1.0E+00  0.0E+00  0.0E+00
     yFF=  0.0E+00  9.952273999818312E-01  -9.758289975914947E-02
     zFF=  -0.0E+00  -9.758289975914947E-02  -9.952273999818312E-01
    pMon=  6.0E-01  -1.036027439148669E+00  8.349412376501775E-02
    xMon=  8.659159270434379E-01  -4.996986667527867E-01  2.215512893193939E-02
    yMon=  -4.999441597826777E-01  -8.632543157567507E-01  6.962631274551712E-02
    zMon=  -1.566666498320354E-02  -7.136686046640613E-02  -9.973270911970017E-01
  IndRef=  1d0
    zElt=  0d0
 PropType= 1
  nECoord= 6
    TElt=  8.659159270434379E-01  -4.999441597826777E-01  -1.566666498320354E-02  0.0E+00  0.0E+00  0.0E+00
            -4.996986667527867E-01  -8.632543157567507E-01  -7.136686046640613E-02  0.0E+00  0.0E+00  0.0E+00
            2.215512893193939E-02  6.962631274551712E-02  -9.973270911970017E-01  0.0E+00  0.0E+00  0.0E+00
            0.0E+00  0.0E+00  0.0E+00  8.659159270434379E-01  -4.999441597826777E-01  -1.566666498320354E-02
            0.0E+00  0.0E+00  0.0E+00  -4.996986667527867E-01  -8.632543157567507E-01  -7.136686046640613E-02
            0.0E+00  0.0E+00  0.0E+00  2.215512893193939E-02  6.962631274551712E-02  -9.973270911970017E-01
           ApType=  Polygonal
             xObs=  -9.9522739998E-01  -0.0000000000E+00  -9.7582899759E-02
        PolyApVec=  6
  -1.6653345369E-16  -6.9411331568E-01  2.0940189801E-02
  6.0000000000E-01  -3.4938437284E-01  -1.3147285434E-02
  1.2000000000E+00  -6.9411331568E-01  2.0940189801E-02
  1.2000000000E+00  -1.3835712014E+00  8.9115140271E-02
  6.0000000000E-01  -1.7283001442E+00  1.2320261551E-01
  -1.1102230246E-16  -1.3835712014E+00  8.9115140271E-02

    iElt=   6
 EltName=  Seg6
          nMetPos=  6
  -2.997671373673370E-01  -1.561547363373003E+00  1.067137728806223E-01
  4.999995306499604E-03  -1.041447420724709E+00  5.528526859343979E-02
  -2.952328685771987E-01  -5.187423146198560E-01  3.599160624718302E-03
  -9.002328626155973E-01  -5.161371536772557E-01  3.341557191764412E-03
  -1.204999995289433E+00  -1.036237096325550E+00  5.477006147894690E-02
  -9.047671314057352E-01  -1.558942202430403E+00  1.064561694476684E-01
          tMetElt=  20  6
  1  0  0  0  0  0
  0  1  0  0  0  0
  0  0  1  0  0  0
  0  0  0  1  0  0
  0  0  0  0  1  0
  0  0  0  0  0  1
 Element=  Segment
 Surface=  FreeForm
    fElt=  3.84E+01
    eElt=  0.0E+00
   KrElt=  -3.84E+01
   KcElt=  -0.0E+00
  psiElt=  -0.0E+00  -9.758289975914947E-02  -9.952273999818312E-01
  VptElt=  0.0E+00  0.0E+00  0.0E+00
  RptElt=  -6.0E-01  -1.036027439148669E+00  8.349412376501775E-02
 FFZernType=  BornWolf
nFFZernCoef=   15
FFZernModes=    3    4    5    9   10   11
  12   13   19   20   21   22
  23   24   25
 FFZernCoef=  2.194530644557005E-03  1.844991463749379E-04  -1.306221092687606E-04  -3.30191323285365E-04  5.932762204496642E-05  2.083374039517029E-06
              1.751961163569184E-07  -5.471437816354341E-05  1.195364461708694E-07  8.707846039994075E-09  -5.64106012814184E-08  1.407108284102034E-09
              -2.233813085482016E-09  -4.528467147741682E-09  -6.995068316708596E-08
     lFF=  3.468810688698434E+00
MonZernType=  ANSI
nMonZernCoef=    1
MonZernModes=    1
 MonZernCoef=  0d0
    lMon=  6.928203288557364E-01
     pFF=  0.0E+00  0.0E+00  0.0E+00
     xFF=  -1.0E+00  0.0E+00  0.0E+00
     yFF=  0.0E+00  9.952273999818312E-01  -9.758289975914947E-02
     zFF=  -0.0E+00  -9.758289975914947E-02  -9.952273999818312E-01
    pMon=  -6.0E-01  -1.036027439148669E+00  8.349412376501775E-02
    xMon=  4.121102230322073E-04  -9.974489622957028E-01  7.138205503058677E-02
    yMon=  -9.998771853450144E-01  -1.529327431966061E-03  -1.559728771734688E-02
    zMon=  1.566666498320354E-02  -7.136686046640613E-02  -9.973270911970017E-01
  IndRef=  1d0
    zElt=  0d0
 PropType= 1
  nECoord= 6
    TElt=  4.121102230322073E-04  -9.998771853450144E-01  1.566666498320354E-02  0.0E+00  0.0E+00  0.0E+00
            -9.974489622957028E-01  -1.529327431966061E-03  -7.136686046640613E-02  0.0E+00  0.0E+00  0.0E+00
            7.138205503058677E-02  -1.559728771734688E-02  -9.973270911970017E-01  0.0E+00  0.0E+00  0.0E+00
            0.0E+00  0.0E+00  0.0E+00  4.121102230322073E-04  -9.998771853450144E-01  1.566666498320354E-02
            0.0E+00  0.0E+00  0.0E+00  -9.974489622957028E-01  -1.529327431966061E-03  -7.136686046640613E-02
            0.0E+00  0.0E+00  0.0E+00  7.138205503058677E-02  -1.559728771734688E-02  -9.973270911970017E-01
           ApType=  Polygonal
             xObs=  -9.9522739998E-01  -0.0000000000E+00  -9.7582899759E-02
        PolyApVec=  6
  -1.2000000000E+00  -6.9411331568E-01  2.0940189801E-02
  -6.0000000000E-01  -3.4938437284E-01  -1.3147285434E-02
  -2.2204460493E-16  -6.9411331568E-01  2.0940189801E-02
  1.1102230246E-16  -1.3835712014E+00  8.9115140271E-02
  -6.0000000000E-01  -1.7283001442E+00  1.2320261551E-01
  -1.2000000000E+00  -1.3835712014E+00  8.9115140271E-02

    iElt=   7
 EltName=  Seg7
          nMetPos=  6
  -8.997671373759124E-01  -5.273601778279701E-01  4.451311872203743E-03
  -5.950000047020761E-01  -7.260235179674612E-03  -4.697719241497886E-02
  -8.952328685857758E-01  5.154448709251778E-01  -9.866330038370034E-02
  -1.500232862624174E+00  5.180500318677767E-01  -9.892090381665408E-02
  -1.804999995298009E+00  -2.049910780518083E-03  -4.749239952947153E-02
  -1.504767131414311E+00  -5.247550168853696E-01  4.193708439249842E-03
          tMetElt=  20  6
  1  0  0  0  0  0
  0  1  0  0  0  0
  0  0  1  0  0  0
  0  0  0  1  0  0
  0  0  0  0  1  0
  0  0  0  0  0  1
 Element=  Segment
 Surface=  FreeForm
    fElt=  3.84E+01
    eElt=  0.0E+00
   KrElt=  -3.84E+01
   KcElt=  -0.0E+00
  psiElt=  -0.0E+00  -9.758289975914947E-02  -9.952273999818312E-01
  VptElt=  0.0E+00  0.0E+00  0.0E+00
  RptElt=  -1.2E+00  -1.840009607503745E-03  -1.876586965684979E-02
 FFZernType=  BornWolf
nFFZernCoef=   15
FFZernModes=    3    4    5    9   10   11
  12   13   19   20   21   22
  23   24   25
 FFZernCoef=  2.194530644557005E-03  1.844991463749379E-04  -1.306221092687606E-04  -3.30191323285365E-04  5.932762204496642E-05  2.083374039517029E-06
              1.751961163569184E-07  -5.471437816354341E-05  1.195364461708694E-07  8.707846039994075E-09  -5.64106012814184E-08  1.407108284102034E-09
              -2.233813085482016E-09  -4.528467147741682E-09  -6.995068316708596E-08
     lFF=  3.468810688698434E+00
MonZernType=  ANSI
nMonZernCoef=    1
MonZernModes=    1
 MonZernCoef=  0d0
    lMon=  6.928203288557364E-01
     pFF=  0.0E+00  0.0E+00  0.0E+00
     xFF=  -1.0E+00  0.0E+00  0.0E+00
     yFF=  0.0E+00  9.952273999818312E-01  -9.758289975914947E-02
     zFF=  -0.0E+00  -9.758289975914947E-02  -9.952273999818312E-01
    pMon=  -1.2E+00  -1.840009607503745E-03  -1.876586965684979E-02
    xMon=  -8.654987030973834E-01  -5.004169311117608E-01  2.224612311021536E-02
    yMon=  -4.99933277638945E-01  8.601830615768653E-01  -1.007562329855196E-01
    zMon=  3.128438661583437E-02  -9.832596621919446E-02  -9.946624007778383E-01
  IndRef=  1d0
    zElt=  0d0
 PropType= 1
  nECoord= 6
    TElt=  -8.654987030973834E-01  -4.99933277638945E-01  3.128438661583437E-02  0.0E+00  0.0E+00  0.0E+00
            -5.004169311117608E-01  8.601830615768653E-01  -9.832596621919446E-02  0.0E+00  0.0E+00  0.0E+00
            2.224612311021536E-02  -1.007562329855196E-01  -9.946624007778383E-01  0.0E+00  0.0E+00  0.0E+00
            0.0E+00  0.0E+00  0.0E+00  -8.654987030973834E-01  -4.99933277638945E-01  3.128438661583437E-02
            0.0E+00  0.0E+00  0.0E+00  -5.004169311117608E-01  8.601830615768653E-01  -9.832596621919446E-02
            0.0E+00  0.0E+00  0.0E+00  2.224612311021536E-02  -1.007562329855196E-01  -9.946624007778383E-01
           ApType=  Polygonal
             xObs=  -9.9522739998E-01  -0.0000000000E+00  -9.7582899759E-02
        PolyApVec=  6
  -1.8000000000E+00  3.4007386986E-01  -8.1322271207E-02
  -1.2000000000E+00  6.8480281270E-01  -1.1540974644E-01
  -6.0000000000E-01  3.4007386986E-01  -8.1322271207E-02
  -6.0000000000E-01  -3.4938401582E-01  -1.3147320737E-02
  -1.2000000000E+00  -6.9411295866E-01  2.0940154498E-02
  -1.8000000000E+00  -3.4938401582E-01  -1.3147320737E-02

    iElt=   8
 EltName=  Seg8
          nMetPos=  6
  -8.997671373976284E-01  1.541060004464672E+00  -2.000781400463597E-01
  -5.950000047237919E-01  2.061159947112967E+00  -2.515066443335423E-01
  -8.952328686074911E-01  2.583865053217819E+00  -3.031927523022638E-01
  -1.500232862645889E+00  2.586470214160419E+00  -3.034503557352177E-01
  -1.804999995319725E+00  2.066370271512125E+00  -2.520218514480351E-01
  -1.504767131436027E+00  1.543665165407272E+00  -2.003357434793137E-01
          tMetElt=  20  6
  1  0  0  0  0  0
  0  1  0  0  0  0
  0  0  1  0  0  0
  0  0  0  1  0  0
  0  0  0  0  1  0
  0  0  0  0  0  1
 Element=  Segment
 Surface=  FreeForm
    fElt=  3.84E+01
    eElt=  0.0E+00
   KrElt=  -3.84E+01
   KcElt=  -0.0E+00
  psiElt=  -0.0E+00  -9.758289975914947E-02  -9.952273999818312E-01
  VptElt=  0.0E+00  0.0E+00  0.0E+00
  RptElt=  -1.2E+00  2.061077375963352E+00  -2.789454770560305E-01
 FFZernType=  BornWolf
nFFZernCoef=   15
FFZernModes=    3    4    5    9   10   11
  12   13   19   20   21   22
  23   24   25
 FFZernCoef=  2.194530644557005E-03  1.844991463749379E-04  -1.306221092687606E-04  -3.30191323285365E-04  5.932762204496642E-05  2.083374039517029E-06
              1.751961163569184E-07  -5.471437816354341E-05  1.195364461708694E-07  8.707846039994075E-09  -5.64106012814184E-08  1.407108284102034E-09
              -2.233813085482016E-09  -4.528467147741682E-09  -6.995068316708596E-08
     lFF=  3.468810688698434E+00
MonZernType=  ANSI
nMonZernCoef=    1
MonZernModes=    1
 MonZernCoef=  0d0
    lMon=  6.928203288557364E-01
     pFF=  0.0E+00  0.0E+00  0.0E+00
     xFF=  -1.0E+00  0.0E+00  0.0E+00
     yFF=  0.0E+00  9.952273999818312E-01  -9.758289975914947E-02
     zFF=  -0.0E+00  -9.758289975914947E-02  -9.952273999818312E-01
    pMon=  -1.2E+00  2.061077375963352E+00  -2.789454770560305E-01
    xMon=  -8.656098547506101E-01  4.90119965011214E-01  -1.024792625658193E-01
    yMon=  4.997498607868733E-01  8.583747096252367E-01  -1.159436695955902E-01
    zMon=  3.113929996208104E-02  -1.515759801987012E-01  -9.879549920035195E-01
  IndRef=  1d0
    zElt=  0d0
 PropType= 1
  nECoord= 6
    TElt=  -8.656098547506101E-01  4.997498607868733E-01  3.113929996208104E-02  0.0E+00  0.0E+00  0.0E+00
            4.90119965011214E-01  8.583747096252367E-01  -1.515759801987012E-01  0.0E+00  0.0E+00  0.0E+00
            -1.024792625658193E-01  -1.159436695955902E-01  -9.879549920035195E-01  0.0E+00  0.0E+00  0.0E+00
            0.0E+00  0.0E+00  0.0E+00  -8.656098547506101E-01  4.997498607868733E-01  3.113929996208104E-02
            0.0E+00  0.0E+00  0.0E+00  4.90119965011214E-01  8.583747096252367E-01  -1.515759801987012E-01
            0.0E+00  0.0E+00  0.0E+00  -1.024792625658193E-01  -1.159436695955902E-01  -9.879549920035195E-01
           ApType=  Polygonal
             xObs=  -9.9522739998E-01  -0.0000000000E+00  -9.7582899759E-02
        PolyApVec=  6
  -1.8000000000E+00  2.4084940522E+00  -2.8585172313E-01
  -1.2000000000E+00  2.7532229950E+00  -3.1993919836E-01
  -6.0000000000E-01  2.4084940522E+00  -2.8585172313E-01
  -6.0000000000E-01  1.7190361665E+00  -2.1767677266E-01
  -1.2000000000E+00  1.3743072236E+00  -1.8358929742E-01
  -1.8000000000E+00  1.7190361665E+00  -2.1767677266E-01

    iElt=   9
 EltName=  Seg9
          nMetPos=  6
  3.002328626239172E-01  1.541044669902335E+00  -2.000766237347047E-01
  6.049999952977536E-01  2.061144612550631E+00  -2.515051280218872E-01
  3.047671314140546E-01  2.583849718655483E+00  -3.031912359906087E-01
  -3.002328626243438E-01  2.586454879598083E+00  -3.034488394235625E-01
  -6.049999952981794E-01  2.066354936949788E+00  -2.520203351363801E-01
  -3.047671314144812E-01  1.543649830844936E+00  -2.003342271676586E-01
          tMetElt=  20  6
  1  0  0  0  0  0
  0  1  0  0  0  0
  0  0  1  0  0  0
  0  0  0  1  0  0
  0  0  0  0  1  0
  0  0  0  0  0  1
 Element=  Segment
 Surface=  FreeForm
    fElt=  3.84E+01
    eElt=  0.0E+00
   KrElt=  -3.84E+01
   KcElt=  -0.0E+00
  psiElt=  -0.0E+00  -9.758289975914947E-02  -9.952273999818312E-01
  VptElt=  0.0E+00  0.0E+00  0.0E+00
  RptElt=  0.0E+00  2.062904175116567E+00  -2.60314338034437E-01
 FFZernType=  BornWolf
nFFZernCoef=   15
FFZernModes=    3    4    5    9   10   11
  12   13   19   20   21   22
  23   24   25
 FFZernCoef=  2.194530644557005E-03  1.844991463749379E-04  -1.306221092687606E-04  -3.30191323285365E-04  5.932762204496642E-05  2.083374039517029E-06
              1.751961163569184E-07  -5.471437816354341E-05  1.195364461708694E-07  8.707846039994075E-09  -5.64106012814184E-08  1.407108284102034E-09
              -2.233813085482016E-09  -4.528467147741682E-09  -6.995068316708596E-08
     lFF=  3.468810688698434E+00
MonZernType=  ANSI
nMonZernCoef=    1
MonZernModes=    1
 MonZernCoef=  0d0
    lMon=  6.928203288557364E-01
     pFF=  0.0E+00  0.0E+00  0.0E+00
     xFF=  -1.0E+00  0.0E+00  0.0E+00
     yFF=  0.0E+00  9.952273999818312E-01  -9.758289975914947E-02
     zFF=  -0.0E+00  -9.758289975914947E-02  -9.952273999818312E-01
    pMon=  0.0E+00  2.062904175116567E+00  -2.60314338034437E-01
    xMon=  -0.0E+00  9.884299380260798E-01  -1.516781382195873E-01
    yMon=  1.0E+00  0.0E+00  -0.0E+00
    zMon=  -0.0E+00  -1.516781382195873E-01  -9.884299380260797E-01
  IndRef=  1d0
    zElt=  0d0
 PropType= 1
  nECoord= 6
    TElt=  -0.0E+00  1.0E+00  -0.0E+00  0.0E+00  0.0E+00  0.0E+00
            9.884299380260798E-01  0.0E+00  -1.516781382195873E-01  0.0E+00  0.0E+00  0.0E+00
            -1.516781382195873E-01  -0.0E+00  -9.884299380260797E-01  0.0E+00  0.0E+00  0.0E+00
            0.0E+00  0.0E+00  0.0E+00  -0.0E+00  1.0E+00  -0.0E+00
            0.0E+00  0.0E+00  0.0E+00  9.884299380260798E-01  0.0E+00  -1.516781382195873E-01
            0.0E+00  0.0E+00  0.0E+00  -1.516781382195873E-01  -0.0E+00  -9.884299380260797E-01
           ApType=  Polygonal
             xObs=  -9.9522739998E-01  -0.0000000000E+00  -9.7582899759E-02
        PolyApVec=  6
  -6.0000000000E-01  2.4084787176E+00  -2.8585020682E-01
  -4.4408920985E-16  2.7532076604E+00  -3.1993768205E-01
  6.0000000000E-01  2.4084787176E+00  -2.8585020682E-01
  6.0000000000E-01  1.7190208319E+00  -2.1767525635E-01
  0.0000000000E+00  1.3742918891E+00  -1.8358778111E-01
  -6.0000000000E-01  1.7190208319E+00  -2.1767525635E-01

    iElt=  10
 EltName=  Seg10
          nMetPos=  6
  1.500232862602371E+00  1.541060004464672E+00  -2.000781400463598E-01
  1.804999995276208E+00  2.061159947112966E+00  -2.515066443335423E-01
  1.504767131392510E+00  2.583865053217818E+00  -3.031927523022637E-01
  8.997671373541121E-01  2.586470214160420E+00  -3.034503557352177E-01
  5.950000046802749E-01  2.066370271512126E+00  -2.520218514480352E-01
  8.952328685639737E-01  1.543665165407272E+00  -2.003357434793137E-01
          tMetElt=  20  6
  1  0  0  0  0  0
  0  1  0  0  0  0
  0  0  1  0  0  0
  0  0  0  1  0  0
  0  0  0  0  1  0
  0  0  0  0  0  1
 Element=  Segment
 Surface=  FreeForm
    fElt=  3.84E+01
    eElt=  0.0E+00
   KrElt=  -3.84E+01
   KcElt=  -0.0E+00
  psiElt=  -0.0E+00  -9.758289975914947E-02  -9.952273999818312E-01
  VptElt=  0.0E+00  0.0E+00  0.0E+00
  RptElt=  1.2E+00  2.061077375963352E+00  -2.789454770560305E-01
 FFZernType=  BornWolf
nFFZernCoef=   15
FFZernModes=    3    4    5    9   10   11
  12   13   19   20   21   22
  23   24   25
 FFZernCoef=  2.194530644557005E-03  1.844991463749379E-04  -1.306221092687606E-04  -3.30191323285365E-04  5.932762204496642E-05  2.083374039517029E-06
              1.751961163569184E-07  -5.471437816354341E-05  1.195364461708694E-07  8.707846039994075E-09  -5.64106012814184E-08  1.407108284102034E-09
              -2.233813085482016E-09  -4.528467147741682E-09  -6.995068316708596E-08
     lFF=  3.468810688698434E+00
MonZernType=  ANSI
nMonZernCoef=    1
MonZernModes=    1
 MonZernCoef=  0d0
    lMon=  6.928203288557364E-01
     pFF=  0.0E+00  0.0E+00  0.0E+00
     xFF=  -1.0E+00  0.0E+00  0.0E+00
     yFF=  0.0E+00  9.952273999818312E-01  -9.758289975914947E-02
     zFF=  -0.0E+00  -9.758289975914947E-02  -9.952273999818312E-01
    pMon=  1.2E+00  2.061077375963352E+00  -2.789454770560305E-01
    xMon=  -1.69789930020184E-03  9.884409245377341E-01  -1.515970179025822E-01
    yMon=  9.995136122814124E-01  -3.043176924271789E-03  -3.1036719194684E-02
    zMon=  -3.113929996208104E-02  -1.515759801987012E-01  -9.879549920035195E-01
  IndRef=  1d0
    zElt=  0d0
 PropType= 1
  nECoord= 6
    TElt=  -1.69789930020184E-03  9.995136122814124E-01  -3.113929996208104E-02  0.0E+00  0.0E+00  0.0E+00
            9.884409245377341E-01  -3.043176924271789E-03  -1.515759801987012E-01  0.0E+00  0.0E+00  0.0E+00
            -1.515970179025822E-01  -3.1036719194684E-02  -9.879549920035195E-01  0.0E+00  0.0E+00  0.0E+00
            0.0E+00  0.0E+00  0.0E+00  -1.69789930020184E-03  9.995136122814124E-01  -3.113929996208104E-02
            0.0E+00  0.0E+00  0.0E+00  9.884409245377341E-01  -3.043176924271789E-03  -1.515759801987012E-01
            0.0E+00  0.0E+00  0.0E+00  -1.515970179025822E-01  -3.1036719194684E-02  -9.879549920035195E-01
           ApType=  Polygonal
             xObs=  -9.9522739998E-01  -0.0000000000E+00  -9.7582899759E-02
        PolyApVec=  6
  6.0000000000E-01  2.4084940522E+00  -2.8585172313E-01
  1.2000000000E+00  2.7532229950E+00  -3.1993919836E-01
  1.8000000000E+00  2.4084940522E+00  -2.8585172313E-01
  1.8000000000E+00  1.7190361665E+00  -2.1767677266E-01
  1.2000000000E+00  1.3743072236E+00  -1.8358929742E-01
  6.0000000000E-01  1.7190361665E+00  -2.1767677266E-01

    iElt=  11
 EltName=  Seg11
          nMetPos=  6
  2.100232862634690E+00  5.068576715509217E-01  -9.781418123635897E-02
  2.404999995308526E+00  1.026957614199216E+00  -1.492426855235415E-01
  2.104767131424827E+00  1.549662720304069E+00  -2.009287934922630E-01
  1.499767137386430E+00  1.552267881246670E+00  -2.011863969252169E-01
  1.195000004712593E+00  1.032167938598375E+00  -1.497578926380344E-01
  1.495232868596291E+00  5.094628324935224E-01  -9.807178466931291E-02
          tMetElt=  20  6
  1  0  0  0  0  0
  0  1  0  0  0  0
  0  0  1  0  0  0
  0  0  0  1  0  0
  0  0  0  0  1  0
  0  0  0  0  0  1
 Element=  Segment
 Surface=  FreeForm
    fElt=  3.84E+01
    eElt=  0.0E+00
   KrElt=  -3.84E+01
   KcElt=  -0.0E+00
  psiElt=  -0.0E+00  -9.758289975914947E-02  -9.952273999818312E-01
  VptElt=  0.0E+00  0.0E+00  0.0E+00
  RptElt=  1.8E+00  1.028694447913837E+00  -1.582817537569952E-01
 FFZernType=  BornWolf
nFFZernCoef=   15
FFZernModes=    3    4    5    9   10   11
  12   13   19   20   21   22
  23   24   25
 FFZernCoef=  2.194530644557005E-03  1.844991463749379E-04  -1.306221092687606E-04  -3.30191323285365E-04  5.932762204496642E-05  2.083374039517029E-06
              1.751961163569184E-07  -5.471437816354341E-05  1.195364461708694E-07  8.707846039994075E-09  -5.64106012814184E-08  1.407108284102034E-09
              -2.233813085482016E-09  -4.528467147741682E-09  -6.995068316708596E-08
     lFF=  3.468810688698434E+00
MonZernType=  ANSI
nMonZernCoef=    1
MonZernModes=    1
 MonZernCoef=  0d0
    lMon=  6.928203288557364E-01
     pFF=  0.0E+00  0.0E+00  0.0E+00
     xFF=  -1.0E+00  0.0E+00  0.0E+00
     yFF=  0.0E+00  9.952273999818312E-01  -9.758289975914947E-02
     zFF=  -0.0E+00  -9.758289975914947E-02  -9.952273999818312E-01
    pMon=  1.8E+00  1.028694447913837E+00  -1.582817537569952E-01
    xMon=  8.647596499521982E-01  4.915448230229256E-01  -1.028320707460107E-01
    yMon=  4.999999192265358E-01  -8.618366042595076E-01  8.507495713721286E-02
    zMon=  -4.680628791102104E-02  -1.249854172205772E-01  -9.910538920231275E-01
  IndRef=  1d0
    zElt=  0d0
 PropType= 1
  nECoord= 6
    TElt=  8.647596499521982E-01  4.999999192265358E-01  -4.680628791102104E-02  0.0E+00  0.0E+00  0.0E+00
            4.915448230229256E-01  -8.618366042595076E-01  -1.249854172205772E-01  0.0E+00  0.0E+00  0.0E+00
            -1.028320707460107E-01  8.507495713721286E-02  -9.910538920231275E-01  0.0E+00  0.0E+00  0.0E+00
            0.0E+00  0.0E+00  0.0E+00  8.647596499521982E-01  4.999999192265358E-01  -4.680628791102104E-02
            0.0E+00  0.0E+00  0.0E+00  4.915448230229256E-01  -8.618366042595076E-01  -1.249854172205772E-01
            0.0E+00  0.0E+00  0.0E+00  -1.028320707460107E-01  8.507495713721286E-02  -9.910538920231275E-01
           ApType=  Polygonal
             xObs=  -9.9522739998E-01  -0.0000000000E+00  -9.7582899759E-02
        PolyApVec=  6
  1.2000000000E+00  1.3742917192E+00  -1.8358776432E-01
  1.8000000000E+00  1.7190206621E+00  -2.1767523955E-01
  2.4000000000E+00  1.3742917192E+00  -1.8358776432E-01
  2.4000000000E+00  6.8483383356E-01  -1.1541281385E-01
  1.8000000000E+00  3.4010489071E-01  -8.1325338610E-02
  1.2000000000E+00  6.8483383356E-01  -1.1541281385E-01

    iElt=  12
 EltName=  Seg12
          nMetPos=  6
  2.700232862624067E+00  -5.273140287579801E-01  4.446748561483579E-03
  3.004999995297903E+00  -7.214086109684881E-03  -4.698175572569901E-02
  2.704767131414204E+00  5.154910199951673E-01  -9.866786369442046E-02
  2.099767137375807E+00  5.180961809377682E-01  -9.892546712737439E-02
  1.795000004701970E+00  -2.003761710526852E-03  -4.749696284019182E-02
  2.095232868585668E+00  -5.247088678153794E-01  4.189145128529654E-03
          tMetElt=  20  6
  1  0  0  0  0  0
  0  1  0  0  0  0
  0  0  1  0  0  0
  0  0  0  1  0  0
  0  0  0  0  1  0
  0  0  0  0  0  1
 Element=  Segment
 Surface=  FreeForm
    fElt=  3.84E+01
    eElt=  0.0E+00
   KrElt=  -3.84E+01
   KcElt=  -0.0E+00
  psiElt=  -0.0E+00  -9.758289975914947E-02  -9.952273999818312E-01
  VptElt=  0.0E+00  0.0E+00  0.0E+00
  RptElt=  2.4E+00  -7.3377326524664E-03  -7.483598670976477E-02
 FFZernType=  BornWolf
nFFZernCoef=   15
FFZernModes=    3    4    5    9   10   11
  12   13   19   20   21   22
  23   24   25
 FFZernCoef=  2.194530644557005E-03  1.844991463749379E-04  -1.306221092687606E-04  -3.30191323285365E-04  5.932762204496642E-05  2.083374039517029E-06
              1.751961163569184E-07  -5.471437816354341E-05  1.195364461708694E-07  8.707846039994075E-09  -5.64106012814184E-08  1.407108284102034E-09
              -2.233813085482016E-09  -4.528467147741682E-09  -6.995068316708596E-08
     lFF=  3.468810688698434E+00
MonZernType=  ANSI
nMonZernCoef=    1
MonZernModes=    1
 MonZernCoef=  0d0
    lMon=  6.928203288557364E-01
     pFF=  0.0E+00  0.0E+00  0.0E+00
     xFF=  -1.0E+00  0.0E+00  0.0E+00
     yFF=  0.0E+00  9.952273999818312E-01  -9.758289975914947E-02
     zFF=  -0.0E+00  -9.758289975914947E-02  -9.952273999818312E-01
    pMon=  2.4E+00  -7.3377326524664E-03  -7.483598670976477E-02
    xMon=  8.639050261083814E-01  4.930028653491055E-01  -1.030353367648624E-01
    yMon=  4.99764795886217E-01  -8.644795517991474E-01  5.394676370231134E-02
    zMon=  -6.247603266441183E-02  -9.809831435206705E-02  -9.932137061397202E-01
  IndRef=  1d0
    zElt=  0d0
 PropType= 1
  nECoord= 6
    TElt=  8.639050261083814E-01  4.99764795886217E-01  -6.247603266441183E-02  0.0E+00  0.0E+00  0.0E+00
            4.930028653491055E-01  -8.644795517991474E-01  -9.809831435206705E-02  0.0E+00  0.0E+00  0.0E+00
            -1.030353367648624E-01  5.394676370231134E-02  -9.932137061397202E-01  0.0E+00  0.0E+00  0.0E+00
            0.0E+00  0.0E+00  0.0E+00  8.639050261083814E-01  4.99764795886217E-01  -6.247603266441183E-02
            0.0E+00  0.0E+00  0.0E+00  4.930028653491055E-01  -8.644795517991474E-01  -9.809831435206705E-02
            0.0E+00  0.0E+00  0.0E+00  -1.030353367648624E-01  5.394676370231134E-02  -9.932137061397202E-01
           ApType=  Polygonal
             xObs=  -9.9522739998E-01  -0.0000000000E+00  -9.7582899759E-02
        PolyApVec=  6
  1.8000000000E+00  3.4012001893E-01  -8.1326834518E-02
  2.4000000000E+00  6.8484896177E-01  -1.1541430975E-01
  3.0000000000E+00  3.4012001893E-01  -8.1326834518E-02
  3.0000000000E+00  -3.4933786675E-01  -1.3151884048E-02
  2.4000000000E+00  -6.9406680959E-01  2.0935591187E-02
  1.8000000000E+00  -3.4933786675E-01  -1.3151884048E-02

    iElt=  13
 EltName=  Seg13
          nMetPos=  6
  2.100232862632663E+00  -1.561516549772936E+00  1.067107259713012E-01
  2.404999995306500E+00  -1.041416607124641E+00  5.528222168411865E-02
  2.104767131422801E+00  -5.187115010197885E-01  3.596113715397153E-03
  1.499767137384403E+00  -5.161063400771879E-01  3.338510282443256E-03
  1.195000004710566E+00  -1.036206282725483E+00  5.476701456962579E-02
  1.495232868594266E+00  -1.558911388830336E+00  1.064531225383473E-01
          tMetElt=  20  6
  1  0  0  0  0  0
  0  1  0  0  0  0
  0  0  1  0  0  0
  0  0  0  1  0  0
  0  0  0  0  1  0
  0  0  0  0  0  1
 Element=  Segment
 Surface=  FreeForm
    fElt=  3.84E+01
    eElt=  0.0E+00
   KrElt=  -3.84E+01
   KcElt=  -0.0E+00
  psiElt=  -0.0E+00  -9.758289975914947E-02  -9.952273999818312E-01
  VptElt=  0.0E+00  0.0E+00  0.0E+00
  RptElt=  1.8E+00  -1.039698253040509E+00  4.605626759953907E-02
 FFZernType=  BornWolf
nFFZernCoef=   15
FFZernModes=    3    4    5    9   10   11
  12   13   19   20   21   22
  23   24   25
 FFZernCoef=  2.194530644557005E-03  1.844991463749379E-04  -1.306221092687606E-04  -3.30191323285365E-04  5.932762204496642E-05  2.083374039517029E-06
              1.751961163569184E-07  -5.471437816354341E-05  1.195364461708694E-07  8.707846039994075E-09  -5.64106012814184E-08  1.407108284102034E-09
              -2.233813085482016E-09  -4.528467147741682E-09  -6.995068316708596E-08
     lFF=  3.468810688698434E+00
MonZernType=  ANSI
nMonZernCoef=    1
MonZernModes=    1
 MonZernCoef=  0d0
    lMon=  6.928203288557364E-01
     pFF=  0.0E+00  0.0E+00  0.0E+00
     xFF=  -1.0E+00  0.0E+00  0.0E+00
     yFF=  0.0E+00  9.952273999818312E-01  -9.758289975914947E-02
     zFF=  -0.0E+00  -9.758289975914947E-02  -9.952273999818312E-01
    pMon=  1.8E+00  -1.039698253040509E+00  4.605626759953907E-02
    xMon=  8.647517020233469E-01  -5.021762885654797E-01  -4.844486590440408E-03
    yMon=  -4.999998845549783E-01  -8.618257000512861E-01  8.518555145163254E-02
    zMon=  -4.695326711457991E-02  -7.124210786964828E-02  -9.963533272757995E-01
  IndRef=  1d0
    zElt=  0d0
 PropType= 1
  nECoord= 6
    TElt=  8.647517020233469E-01  -4.999998845549783E-01  -4.695326711457991E-02  0.0E+00  0.0E+00  0.0E+00
            -5.021762885654797E-01  -8.618257000512861E-01  -7.124210786964828E-02  0.0E+00  0.0E+00  0.0E+00
            -4.844486590440408E-03  8.518555145163254E-02  -9.963533272757995E-01  0.0E+00  0.0E+00  0.0E+00
            0.0E+00  0.0E+00  0.0E+00  8.647517020233469E-01  -4.999998845549783E-01  -4.695326711457991E-02
            0.0E+00  0.0E+00  0.0E+00  -5.021762885654797E-01  -8.618257000512861E-01  -7.124210786964828E-02
            0.0E+00  0.0E+00  0.0E+00  -4.844486590440408E-03  8.518555145163254E-02  -9.963533272757995E-01
           ApType=  Polygonal
             xObs=  -9.9522739998E-01  -0.0000000000E+00  -9.7582899759E-02
        PolyApVec=  6
  1.2000000000E+00  -6.9408250208E-01  2.0937142891E-02
  1.8000000000E+00  -3.4935355924E-01  -1.3150332344E-02
  2.4000000000E+00  -6.9408250208E-01  2.0937142891E-02
  2.4000000000E+00  -1.3835403878E+00  8.9112093361E-02
  1.8000000000E+00  -1.7282693306E+00  1.2319956860E-01
  1.2000000000E+00  -1.3835403878E+00  8.9112093361E-02

    iElt=  14
 EltName=  Seg14
          nMetPos=  6
  1.500232862645484E+00  -2.595688279960297E+00  2.089716587235845E-01
  1.804999995319321E+00  -2.075588337312002E+00  1.575431544364020E-01
  1.504767131435621E+00  -1.552883231207149E+00  1.058570464676805E-01
  8.997671373972236E-01  -1.550278070264549E+00  1.055994430347266E-01
  5.950000047233874E-01  -2.070378012912845E+00  1.570279473219092E-01
  8.952328686070857E-01  -2.593083119017696E+00  2.087140552906306E-01
          tMetElt=  20  6
  1  0  0  0  0  0
  0  1  0  0  0  0
  0  0  1  0  0  0
  0  0  0  1  0  0
  0  0  0  0  1  0
  0  0  0  0  0  1
 Element=  Segment
 Surface=  FreeForm
    fElt=  3.84E+01
    eElt=  0.0E+00
   KrElt=  -3.84E+01
   KcElt=  -0.0E+00
  psiElt=  -0.0E+00  -9.758289975914947E-02  -9.952273999818312E-01
  VptElt=  0.0E+00  0.0E+00  0.0E+00
  RptElt=  1.2E+00  -2.075726872568404E+00  1.295383529259553E-01
 FFZernType=  BornWolf
nFFZernCoef=   15
FFZernModes=    3    4    5    9   10   11
  12   13   19   20   21   22
  23   24   25
 FFZernCoef=  2.194530644557005E-03  1.844991463749379E-04  -1.306221092687606E-04  -3.30191323285365E-04  5.932762204496642E-05  2.083374039517029E-06
              1.751961163569184E-07  -5.471437816354341E-05  1.195364461708694E-07  8.707846039994075E-09  -5.64106012814184E-08  1.407108284102034E-09
              -2.233813085482016E-09  -4.528467147741682E-09  -6.995068316708596E-08
     lFF=  3.468810688698434E+00
MonZernType=  ANSI
nMonZernCoef=    1
MonZernModes=    1
 MonZernCoef=  0d0
    lMon=  6.928203288557364E-01
     pFF=  0.0E+00  0.0E+00  0.0E+00
     xFF=  -1.0E+00  0.0E+00  0.0E+00
     yFF=  0.0E+00  9.952273999818312E-01  -9.758289975914947E-02
     zFF=  -0.0E+00  -9.758289975914947E-02  -9.952273999818312E-01
    pMon=  1.2E+00  -2.075726872568404E+00  1.295383529259553E-01
    xMon=  8.655946321131568E-01  -5.007201223904441E-01  -5.029104312649754E-03
    yMon=  -4.997640208535004E-01  -8.644831414247565E-01  5.389639740025619E-02
    zMon=  -3.133458659741254E-02  -4.413906688731774E-02  -9.985338684576933E-01
  IndRef=  1d0
    zElt=  0d0
 PropType= 1
  nECoord= 6
    TElt=  8.655946321131568E-01  -4.997640208535004E-01  -3.133458659741254E-02  0.0E+00  0.0E+00  0.0E+00
            -5.007201223904441E-01  -8.644831414247565E-01  -4.413906688731774E-02  0.0E+00  0.0E+00  0.0E+00
            -5.029104312649754E-03  5.389639740025619E-02  -9.985338684576933E-01  0.0E+00  0.0E+00  0.0E+00
            0.0E+00  0.0E+00  0.0E+00  8.655946321131568E-01  -4.997640208535004E-01  -3.133458659741254E-02
            0.0E+00  0.0E+00  0.0E+00  -5.007201223904441E-01  -8.644831414247565E-01  -4.413906688731774E-02
            0.0E+00  0.0E+00  0.0E+00  -5.029104312649754E-03  5.389639740025619E-02  -9.985338684576933E-01
           ApType=  Polygonal
             xObs=  -9.9522739998E-01  -0.0000000000E+00  -9.7582899759E-02
        PolyApVec=  6
  6.0000000000E-01  -1.7282542323E+00  1.2319807564E-01
  1.2000000000E+00  -1.3835252894E+00  8.9110600409E-02
  1.8000000000E+00  -1.7282542323E+00  1.2319807564E-01
  1.8000000000E+00  -2.4177121180E+00  1.9137302611E-01
  1.2000000000E+00  -2.7624410608E+00  2.2546050135E-01
  6.0000000000E-01  -2.4177121180E+00  1.9137302611E-01

    iElt=  15
 EltName=  Seg15
          nMetPos=  6
  3.002328626243004E-01  -2.595703709997915E+00  2.089731844760230E-01
  6.049999952981370E-01  -2.075603767349620E+00  1.575446801888405E-01
  3.047671314144390E-01  -1.552898661244767E+00  1.058585722201190E-01
  -3.002328626239592E-01  -1.550293500302167E+00  1.056009687871651E-01
  -6.049999952977961E-01  -2.070393442950462E+00  1.570294730743477E-01
  -3.047671314140976E-01  -2.593098549055314E+00  2.087155810430691E-01
          tMetElt=  20  6
  1  0  0  0  0  0
  0  1  0  0  0  0
  0  0  1  0  0  0
  0  0  0  1  0  0
  0  0  0  0  1  0
  0  0  0  0  0  1
 Element=  Segment
 Surface=  FreeForm
    fElt=  3.84E+01
    eElt=  0.0E+00
   KrElt=  -3.84E+01
   KcElt=  -0.0E+00
  psiElt=  -0.0E+00  -9.758289975914947E-02  -9.952273999818312E-01
  VptElt=  0.0E+00  0.0E+00  0.0E+00
  RptElt=  -2.220446049250313E-16  -2.073888696871228E+00  1.482855189184065E-01
 FFZernType=  BornWolf
nFFZernCoef=   15
FFZernModes=    3    4    5    9   10   11
  12   13   19   20   21   22
  23   24   25
 FFZernCoef=  2.194530644557005E-03  1.844991463749379E-04  -1.306221092687606E-04  -3.30191323285365E-04  5.932762204496642E-05  2.083374039517029E-06
              1.751961163569184E-07  -5.471437816354341E-05  1.195364461708694E-07  8.707846039994075E-09  -5.64106012814184E-08  1.407108284102034E-09
              -2.233813085482016E-09  -4.528467147741682E-09  -6.995068316708596E-08
     lFF=  3.468810688698434E+00
MonZernType=  ANSI
nMonZernCoef=    1
MonZernModes=    1
 MonZernCoef=  0d0
    lMon=  6.928203288557364E-01
     pFF=  0.0E+00  0.0E+00  0.0E+00
     xFF=  -1.0E+00  0.0E+00  0.0E+00
     yFF=  0.0E+00  9.952273999818312E-01  -9.758289975914947E-02
     zFF=  -0.0E+00  -9.758289975914947E-02  -9.952273999818312E-01
    pMon=  -2.220446049250313E-16  -2.073888696871228E+00  1.482855189184065E-01
    xMon=  3.098764383819106E-19  -9.990232531140826E-01  4.418755183709293E-02
    yMon=  -1.0E+00  -5.650928701618769E-19  -5.763262921142538E-18
    zMon=  5.782603742524637E-18  -4.418755183709293E-02  -9.990232531140826E-01
  IndRef=  1d0
    zElt=  0d0
 PropType= 1
  nECoord= 6
    TElt=  3.098764383819106E-19  -1.0E+00  5.782603742524637E-18  0.0E+00  0.0E+00  0.0E+00
            -9.990232531140826E-01  -5.650928701618769E-19  -4.418755183709293E-02  0.0E+00  0.0E+00  0.0E+00
            4.418755183709293E-02  -5.763262921142538E-18  -9.990232531140826E-01  0.0E+00  0.0E+00  0.0E+00
            0.0E+00  0.0E+00  0.0E+00  3.098764383819106E-19  -1.0E+00  5.782603742524637E-18
            0.0E+00  0.0E+00  0.0E+00  -9.990232531140826E-01  -5.650928701618769E-19  -4.418755183709293E-02
            0.0E+00  0.0E+00  0.0E+00  4.418755183709293E-02  -5.763262921142538E-18  -9.990232531140826E-01
           ApType=  Polygonal
             xObs=  -9.9522739998E-01  -0.0000000000E+00  -9.7582899759E-02
        PolyApVec=  6
  -6.0000000000E-01  -1.7282696623E+00  1.2319960140E-01
  -3.3306690739E-16  -1.3835407195E+00  8.9112126162E-02
  6.0000000000E-01  -1.7282696623E+00  1.2319960140E-01
  6.0000000000E-01  -2.4177275480E+00  1.9137455187E-01
  0.0000000000E+00  -2.7624564908E+00  2.2546202710E-01
  -6.0000000000E-01  -2.4177275480E+00  1.9137455187E-01

    iElt=  16
 EltName=  Seg16
          nMetPos=  6
  -8.997671373545164E-01  -2.595688279960297E+00  2.089716587235846E-01
  -5.950000046806800E-01  -2.075588337312002E+00  1.575431544364020E-01
  -8.952328685643787E-01  -1.552883231207150E+00  1.058570464676805E-01
  -1.500232862602776E+00  -1.550278070264549E+00  1.055994430347266E-01
  -1.804999995276613E+00  -2.070378012912844E+00  1.570279473219091E-01
  -1.504767131392915E+00  -2.593083119017696E+00  2.087140552906306E-01
          tMetElt=  20  6
  1  0  0  0  0  0
  0  1  0  0  0  0
  0  0  1  0  0  0
  0  0  0  1  0  0
  0  0  0  0  1  0
  0  0  0  0  0  1
 Element=  Segment
 Surface=  FreeForm
    fElt=  3.84E+01
    eElt=  0.0E+00
   KrElt=  -3.84E+01
   KcElt=  -0.0E+00
  psiElt=  -0.0E+00  -9.758289975914947E-02  -9.952273999818312E-01
  VptElt=  0.0E+00  0.0E+00  0.0E+00
  RptElt=  -1.2E+00  -2.075726872568404E+00  1.295383529259553E-01
 FFZernType=  BornWolf
nFFZernCoef=   15
FFZernModes=    3    4    5    9   10   11
  12   13   19   20   21   22
  23   24   25
 FFZernCoef=  2.194530644557005E-03  1.844991463749379E-04  -1.306221092687606E-04  -3.30191323285365E-04  5.932762204496642E-05  2.083374039517029E-06
              1.751961163569184E-07  -5.471437816354341E-05  1.195364461708694E-07  8.707846039994075E-09  -5.64106012814184E-08  1.407108284102034E-09
              -2.233813085482016E-09  -4.528467147741682E-09  -6.995068316708596E-08
     lFF=  3.468810688698434E+00
MonZernType=  ANSI
nMonZernCoef=    1
MonZernModes=    1
 MonZernCoef=  0d0
    lMon=  6.928203288557364E-01
     pFF=  0.0E+00  0.0E+00  0.0E+00
     xFF=  -1.0E+00  0.0E+00  0.0E+00
     yFF=  0.0E+00  9.952273999818312E-01  -9.758289975914947E-02
     zFF=  -0.0E+00  -9.758289975914947E-02  -9.952273999818312E-01
    pMon=  -1.2E+00  -2.075726872568404E+00  1.295383529259553E-01
    xMon=  1.679164117998237E-03  -9.990207036265336E-01  4.421328005713408E-02
    yMon=  -9.995075407872789E-01  -3.062107095226051E-03  -3.122978401307453E-02
    zMon=  3.133458659741255E-02  -4.413906688731774E-02  -9.985338684576933E-01
  IndRef=  1d0
    zElt=  0d0
 PropType= 1
  nECoord= 6
    TElt=  1.679164117998237E-03  -9.995075407872789E-01  3.133458659741255E-02  0.0E+00  0.0E+00  0.0E+00
            -9.990207036265336E-01  -3.062107095226051E-03  -4.413906688731774E-02  0.0E+00  0.0E+00  0.0E+00
            4.421328005713408E-02  -3.122978401307453E-02  -9.985338684576933E-01  0.0E+00  0.0E+00  0.0E+00
            0.0E+00  0.0E+00  0.0E+00  1.679164117998237E-03  -9.995075407872789E-01  3.133458659741255E-02
            0.0E+00  0.0E+00  0.0E+00  -9.990207036265336E-01  -3.062107095226051E-03  -4.413906688731774E-02
            0.0E+00  0.0E+00  0.0E+00  4.421328005713408E-02  -3.122978401307453E-02  -9.985338684576933E-01
           ApType=  Polygonal
             xObs=  -9.9522739998E-01  -0.0000000000E+00  -9.7582899759E-02
        PolyApVec=  6
  -1.8000000000E+00  -1.7282542323E+00  1.2319807564E-01
  -1.2000000000E+00  -1.3835252894E+00  8.9110600409E-02
  -6.0000000000E-01  -1.7282542323E+00  1.2319807564E-01
  -6.0000000000E-01  -2.4177121180E+00  1.9137302611E-01
  -1.2000000000E+00  -2.7624410608E+00  2.2546050135E-01
  -1.8000000000E+00  -2.4177121180E+00  1.9137302611E-01

    iElt=  17
 EltName=  Seg17
          nMetPos=  6
  -1.499767137367337E+00  -1.561516549772936E+00  1.067107259713012E-01
  -1.195000004693501E+00  -1.041416607124641E+00  5.528222168411864E-02
  -1.495232868577200E+00  -5.187115010197882E-01  3.596113715397149E-03
  -2.100232862615597E+00  -5.161063400771881E-01  3.338510282443294E-03
  -2.404999995289434E+00  -1.036206282725483E+00  5.476701456962585E-02
  -2.104767131405735E+00  -1.558911388830335E+00  1.064531225383474E-01
          tMetElt=  20  6
  1  0  0  0  0  0
  0  1  0  0  0  0
  0  0  1  0  0  0
  0  0  0  1  0  0
  0  0  0  0  1  0
  0  0  0  0  0  1
 Element=  Segment
 Surface=  FreeForm
    fElt=  3.84E+01
    eElt=  0.0E+00
   KrElt=  -3.84E+01
   KcElt=  -0.0E+00
  psiElt=  -0.0E+00  -9.758289975914947E-02  -9.952273999818312E-01
  VptElt=  0.0E+00  0.0E+00  0.0E+00
  RptElt=  -1.8E+00  -1.039698253040509E+00  4.605626759953907E-02
 FFZernType=  BornWolf
nFFZernCoef=   15
FFZernModes=    3    4    5    9   10   11
  12   13   19   20   21   22
  23   24   25
 FFZernCoef=  2.194530644557005E-03  1.844991463749379E-04  -1.306221092687606E-04  -3.30191323285365E-04  5.932762204496642E-05  2.083374039517029E-06
              1.751961163569184E-07  -5.471437816354341E-05  1.195364461708694E-07  8.707846039994075E-09  -5.64106012814184E-08  1.407108284102034E-09
              -2.233813085482016E-09  -4.528467147741682E-09  -6.995068316708596E-08
     lFF=  3.468810688698434E+00
MonZernType=  ANSI
nMonZernCoef=    1
MonZernModes=    1
 MonZernCoef=  0d0
    lMon=  6.928203288557364E-01
     pFF=  0.0E+00  0.0E+00  0.0E+00
     xFF=  -1.0E+00  0.0E+00  0.0E+00
     yFF=  0.0E+00  9.952273999818312E-01  -9.758289975914947E-02
     zFF=  -0.0E+00  -9.758289975914947E-02  -9.952273999818312E-01
    pMon=  -1.8E+00  -1.039698253040509E+00  4.605626759953907E-02
    xMon=  -8.647517020233469E-01  -5.021762885654797E-01  -4.844486590440422E-03
    yMon=  -4.999998845549783E-01  8.618257000512861E-01  -8.518555145163254E-02
    zMon=  4.695326711457993E-02  -7.124210786964828E-02  -9.963533272757995E-01
  IndRef=  1d0
    zElt=  0d0
 PropType= 1
  nECoord= 6
    TElt=  -8.647517020233469E-01  -4.999998845549783E-01  4.695326711457993E-02  0.0E+00  0.0E+00  0.0E+00
            -5.021762885654797E-01  8.618257000512861E-01  -7.124210786964828E-02  0.0E+00  0.0E+00  0.0E+00
            -4.844486590440422E-03  -8.518555145163254E-02  -9.963533272757995E-01  0.0E+00  0.0E+00  0.0E+00
            0.0E+00  0.0E+00  0.0E+00  -8.647517020233469E-01  -4.999998845549783E-01  4.695326711457993E-02
            0.0E+00  0.0E+00  0.0E+00  -5.021762885654797E-01  8.618257000512861E-01  -7.124210786964828E-02
            0.0E+00  0.0E+00  0.0E+00  -4.844486590440422E-03  -8.518555145163254E-02  -9.963533272757995E-01
           ApType=  Polygonal
             xObs=  -9.9522739998E-01  -0.0000000000E+00  -9.7582899759E-02
        PolyApVec=  6
  -2.4000000000E+00  -6.9408250208E-01  2.0937142891E-02
  -1.8000000000E+00  -3.4935355924E-01  -1.3150332344E-02
  -1.2000000000E+00  -6.9408250208E-01  2.0937142891E-02
  -1.2000000000E+00  -1.3835403878E+00  8.9112093361E-02
  -1.8000000000E+00  -1.7282693306E+00  1.2319956860E-01
  -2.4000000000E+00  -1.3835403878E+00  8.9112093361E-02

    iElt=  18
 EltName=  Seg18
          nMetPos=  6
  -2.099767137375934E+00  -5.273140287579796E-01  4.446748561483575E-03
  -1.795000004702098E+00  -7.214086109684603E-03  -4.698175572569898E-02
  -2.095232868585796E+00  5.154910199951680E-01  -9.866786369442049E-02
  -2.700232862624194E+00  5.180961809377682E-01  -9.892546712737438E-02
  -3.004999995298031E+00  -2.003761710526741E-03  -4.749696284019184E-02
  -2.704767131414333E+00  -5.247088678153790E-01  4.189145128529626E-03
          tMetElt=  20  6
  1  0  0  0  0  0
  0  1  0  0  0  0
  0  0  1  0  0  0
  0  0  0  1  0  0
  0  0  0  0  1  0
  0  0  0  0  0  1
 Element=  Segment
 Surface=  FreeForm
    fElt=  3.84E+01
    eElt=  0.0E+00
   KrElt=  -3.84E+01
   KcElt=  -0.0E+00
  psiElt=  -0.0E+00  -9.758289975914947E-02  -9.952273999818312E-01
  VptElt=  0.0E+00  0.0E+00  0.0E+00
  RptElt=  -2.4E+00  -7.337732652466622E-03  -7.483598670976477E-02
 FFZernType=  BornWolf
nFFZernCoef=   15
FFZernModes=    3    4    5    9   10   11
  12   13   19   20   21   22
  23   24   25
 FFZernCoef=  2.194530644557005E-03  1.844991463749379E-04  -1.306221092687606E-04  -3.30191323285365E-04  5.932762204496642E-05  2.083374039517029E-06
              1.751961163569184E-07  -5.471437816354341E-05  1.195364461708694E-07  8.707846039994075E-09  -5.64106012814184E-08  1.407108284102034E-09
              -2.233813085482016E-09  -4.528467147741682E-09  -6.995068316708596E-08
     lFF=  3.468810688698434E+00
MonZernType=  ANSI
nMonZernCoef=    1
MonZernModes=    1
 MonZernCoef=  0d0
    lMon=  6.928203288557364E-01
     pFF=  0.0E+00  0.0E+00  0.0E+00
     xFF=  -1.0E+00  0.0E+00  0.0E+00
     yFF=  0.0E+00  9.952273999818312E-01  -9.758289975914947E-02
     zFF=  -0.0E+00  -9.758289975914947E-02  -9.952273999818312E-01
    pMon=  -2.4E+00  -7.337732652466622E-03  -7.483598670976477E-02
    xMon=  -8.639161559537604E-01  -5.036146357706442E-01  -4.601534491819542E-03
    yMon=  -4.997455560828863E-01  8.583408526680321E-01  -1.16212563075264E-01
    zMon=  6.247603266441184E-02  -9.809831435206705E-02  -9.932137061397202E-01
  IndRef=  1d0
    zElt=  0d0
 PropType= 1
  nECoord= 6
    TElt=  -8.639161559537604E-01  -4.997455560828863E-01  6.247603266441184E-02  0.0E+00  0.0E+00  0.0E+00
            -5.036146357706442E-01  8.583408526680321E-01  -9.809831435206705E-02  0.0E+00  0.0E+00  0.0E+00
            -4.601534491819542E-03  -1.16212563075264E-01  -9.932137061397202E-01  0.0E+00  0.0E+00  0.0E+00
            0.0E+00  0.0E+00  0.0E+00  -8.639161559537604E-01  -4.997455560828863E-01  6.247603266441184E-02
            0.0E+00  0.0E+00  0.0E+00  -5.036146357706442E-01  8.583408526680321E-01  -9.809831435206705E-02
            0.0E+00  0.0E+00  0.0E+00  -4.601534491819542E-03  -1.16212563075264E-01  -9.932137061397202E-01
           ApType=  Polygonal
             xObs=  -9.9522739998E-01  -0.0000000000E+00  -9.7582899759E-02
        PolyApVec=  6
  -3.0000000000E+00  3.4012001893E-01  -8.1326834518E-02
  -2.4000000000E+00  6.8484896177E-01  -1.1541430975E-01
  -1.8000000000E+00  3.4012001893E-01  -8.1326834518E-02
  -1.8000000000E+00  -3.4933786675E-01  -1.3151884048E-02
  -2.4000000000E+00  -6.9406680959E-01  2.0935591187E-02
  -3.0000000000E+00  -3.4933786675E-01  -1.3151884048E-02

    iElt=  19
 EltName=  Seg19
          nMetPos=  6
  -1.499767137365310E+00  5.068576715509219E-01  -9.781418123635897E-02
  -1.195000004691474E+00  1.026957614199217E+00  -1.492426855235415E-01
  -1.495232868575173E+00  1.549662720304069E+00  -2.009287934922630E-01
  -2.100232862613570E+00  1.552267881246669E+00  -2.011863969252169E-01
  -2.404999995287406E+00  1.032167938598375E+00  -1.497578926380343E-01
  -2.104767131403708E+00  5.094628324935222E-01  -9.807178466931288E-02
          tMetElt=  20  6
  1  0  0  0  0  0
  0  1  0  0  0  0
  0  0  1  0  0  0
  0  0  0  1  0  0
  0  0  0  0  1  0
  0  0  0  0  0  1
 Element=  Segment
 Surface=  FreeForm
    fElt=  3.84E+01
    eElt=  0.0E+00
   KrElt=  -3.84E+01
   KcElt=  -0.0E+00
  psiElt=  -0.0E+00  -9.758289975914947E-02  -9.952273999818312E-01
  VptElt=  0.0E+00  0.0E+00  0.0E+00
  RptElt=  -1.8E+00  1.028694447913837E+00  -1.582817537569952E-01
 FFZernType=  BornWolf
nFFZernCoef=   15
FFZernModes=    3    4    5    9   10   11
  12   13   19   20   21   22
  23   24   25
 FFZernCoef=  2.194530644557005E-03  1.844991463749379E-04  -1.306221092687606E-04  -3.30191323285365E-04  5.932762204496642E-05  2.083374039517029E-06
              1.751961163569184E-07  -5.471437816354341E-05  1.195364461708694E-07  8.707846039994075E-09  -5.64106012814184E-08  1.407108284102034E-09
              -2.233813085482016E-09  -4.528467147741682E-09  -6.995068316708596E-08
     lFF=  3.468810688698434E+00
MonZernType=  ANSI
nMonZernCoef=    1
MonZernModes=    1
 MonZernCoef=  0d0
    lMon=  6.928203288557364E-01
     pFF=  0.0E+00  0.0E+00  0.0E+00
     xFF=  -1.0E+00  0.0E+00  0.0E+00
     yFF=  0.0E+00  9.952273999818312E-01  -9.758289975914947E-02
     zFF=  -0.0E+00  -9.758289975914947E-02  -9.952273999818312E-01
    pMon=  -1.8E+00  1.028694447913837E+00  -1.582817537569952E-01
    xMon=  -8.647596499521982E-01  4.915448230229256E-01  -1.028320707460107E-01
    yMon=  4.999999192265358E-01  8.618366042595076E-01  -8.507495713721284E-02
    zMon=  4.680628791102105E-02  -1.249854172205772E-01  -9.910538920231275E-01
  IndRef=  1d0
    zElt=  0d0
 PropType= 1
  nECoord= 6
    TElt=  -8.647596499521982E-01  4.999999192265358E-01  4.680628791102105E-02  0.0E+00  0.0E+00  0.0E+00
            4.915448230229256E-01  8.618366042595076E-01  -1.249854172205772E-01  0.0E+00  0.0E+00  0.0E+00
            -1.028320707460107E-01  -8.507495713721284E-02  -9.910538920231275E-01  0.0E+00  0.0E+00  0.0E+00
            0.0E+00  0.0E+00  0.0E+00  -8.647596499521982E-01  4.999999192265358E-01  4.680628791102105E-02
            0.0E+00  0.0E+00  0.0E+00  4.915448230229256E-01  8.618366042595076E-01  -1.249854172205772E-01
            0.0E+00  0.0E+00  0.0E+00  -1.028320707460107E-01  -8.507495713721284E-02  -9.910538920231275E-01
           ApType=  Polygonal
             xObs=  -9.9522739998E-01  -0.0000000000E+00  -9.7582899759E-02
        PolyApVec=  6
  -2.4000000000E+00  1.3742917192E+00  -1.8358776432E-01
  -1.8000000000E+00  1.7190206621E+00  -2.1767523955E-01
  -1.2000000000E+00  1.3742917192E+00  -1.8358776432E-01
  -1.2000000000E+00  6.8483383356E-01  -1.1541281385E-01
  -1.8000000000E+00  3.4010489071E-01  -8.1325338610E-02
  -2.4000000000E+00  6.8483383356E-01  -1.1541281385E-01


             iElt=  20
          EltName=  M2
          nMetPos=  6
  0.000000000000000E+00  -3.714577502927658E+00  -1.713744936185772E+01
  -2.743836118438722E-01  -3.556839324638584E+00  -1.715208229023429E+01
  -2.743836118438722E-01  -3.241362968060435E+00  -1.718134814698741E+01
  -3.880059528446893E-17  -3.083624789771360E+00  -1.719598107536398E+01
  2.743836118438722E-01  -3.241362968060435E+00  -1.718134814698741E+01
  2.743836118438722E-01  -3.556839324638584E+00  -1.715208229023429E+01
          Element=  Reflector
          Surface=  Zernike
            KrElt=-3.7999999999999998E+00
            KcElt=0.0000000000000000E+00
         ZernType=  BornWolf
        nZernCoef=  15
        ZernModes=  3 4 5 9 10 11 12 13 19 20 21 22 23 24 25
         ZernCoef=  1.5670203878831107E-03 -6.5427777782179231E-04 -1.2826071057798367E-05 1.2611186399476585E-04 6.7314700514678138E-05 -8.4816511295789792E-08
                   7.8938974450666978E-07 -8.8373323647076674E-06 -1.1067290769763183E-07 -6.5534822774810869E-08 -4.0330583684522439E-09 7.2596671805059900E-09
                   -4.5127486120059787E-09 -1.3744671213033494E-08 -5.3336859721464473E-09
             lMon=3.4183090431856283E-01
             pMon=  0.0000000000000000E+00  -3.3991011463495093E+00  -1.7166715218610850E+01
             xMon=  -1.0000000000000000E+00  0.0000000000000000E+00  0.0000000000000000E+00
             yMon=  0.0000000000000000E+00  9.9572469818458209E-01  -9.2370587446561570E-02
             zMon=  -0.0000000000000000E+00  -9.2370587446561570E-02  -9.9572469818458209E-01
           psiElt=  -0.0000000000000000E+00  -9.2370587446561570E-02  -9.9572469818458209E-01
           VptElt=  0.0000000000000000E+00  -3.3991011463495093E+00  -1.7166715218610850E+01
           RptElt=  0.0000000000000000E+00  -3.3991011463495093E+00  -1.7166715218610850E+01
           IndRef=1.0E+00
           Extinc=0.0E+00
             nObs=  0
           ApType=  None
         PropType=  Geometric
             zElt=1.4000000000000000E+01
          nECoord=  6
             TElt=  -1.0000000000000000E+00  0.0000000000000000E+00  0.0000000000000000E+00  0.0000000000000000E+00  0.0000000000000000E+00  0.0000000000000000E+00
                    0.0000000000000000E+00  9.9572469818458209E-01  -9.2370587446561570E-02  0.0000000000000000E+00  0.0000000000000000E+00  0.0000000000000000E+00
                    -0.0000000000000000E+00  -9.2370587446561570E-02  -9.9572469818458209E-01  0.0000000000000000E+00  0.0000000000000000E+00  0.0000000000000000E+00
                    0.0000000000000000E+00  0.0000000000000000E+00  0.0000000000000000E+00  -1.0000000000000000E+00  0.0000000000000000E+00  0.0000000000000000E+00
                    0.0000000000000000E+00  0.0000000000000000E+00  0.0000000000000000E+00  0.0000000000000000E+00  9.9572469818458209E-01  -9.2370587446561570E-02
                    0.0000000000000000E+00  0.0000000000000000E+00  0.0000000000000000E+00  -0.0000000000000000E+00  -9.2370587446561570E-02  -9.9572469818458209E-01
             iElt=  21
          EltName=  M3
          Element=  Reflector
          Surface=  Zernike
            KrElt=-2.0000000000000000E+00
            KcElt=0.0000000000000000E+00
         ZernType=  BornWolf
        nZernCoef=  15
        ZernModes=  3 4 5 9 10 11 12 13 19 20 21 22 23 24 25
         ZernCoef=  5.3728427036658151E-02 -1.7438289166564988E-03 -1.1789772949028865E-02 1.8422981212865529E-02 1.3009539746025957E-02 -7.0070858296950589E-02
                   5.1120489609540361E-03 -1.4540268609969141E-03 3.8284618749318054E-04 -1.1249601815970407E-02 -1.4977824174340182E-01 7.9067505940388250E-02
                   9.8654962896280399E-03 3.1319355461119046E-03 -2.8096520041123968E-04
             lMon=4.7861849240545734E-01
             pMon=  0.0000000000000000E+00  -3.5457061239769505E+00  -3.1674828474936803E+00
             xMon=  -1.0000000000000000E+00  0.0000000000000000E+00  0.0000000000000000E+00
             yMon=  0.0000000000000000E+00  9.8875638104700581E-01  1.4953534344370953E-01
             zMon=  0.0000000000000000E+00  1.4953534344370953E-01  -9.8875638104700592E-01
           psiElt=  0.0000000000000000E+00  1.4953534344370953E-01  -9.8875638104700592E-01
           VptElt=  0.0000000000000000E+00  -3.5457061239769505E+00  -3.1674828474936803E+00
           RptElt=  0.0000000000000000E+00  -3.5457061239769505E+00  -3.1674828474936803E+00
           IndRef=1.0E+00
           Extinc=0.0E+00
             nObs=  0
           ApType=  None
         PropType=  Geometric
             zElt=6.8253968253968300E-01
          nECoord=  6
             TElt=  -1.0000000000000000E+00  0.0000000000000000E+00  0.0000000000000000E+00  0.0000000000000000E+00  0.0000000000000000E+00  0.0000000000000000E+00
                    0.0000000000000000E+00  9.8875638104700581E-01  1.4953534344370953E-01  0.0000000000000000E+00  0.0000000000000000E+00  0.0000000000000000E+00
                    0.0000000000000000E+00  1.4953534344370953E-01  -9.8875638104700592E-01  0.0000000000000000E+00  0.0000000000000000E+00  0.0000000000000000E+00
                    0.0000000000000000E+00  0.0000000000000000E+00  0.0000000000000000E+00  -1.0000000000000000E+00  0.0000000000000000E+00  0.0000000000000000E+00
                    0.0000000000000000E+00  0.0000000000000000E+00  0.0000000000000000E+00  0.0000000000000000E+00  9.8875638104700581E-01  1.4953534344370953E-01
                    0.0000000000000000E+00  0.0000000000000000E+00  0.0000000000000000E+00  0.0000000000000000E+00  1.4953534344370953E-01  -9.8875638104700592E-01
             iElt=  22
          EltName=  FP_return
          Element=  Return
          Surface=  Flat
            KrElt=-1.0000000000000000E+22
            KcElt=0.0000000000000000E+00
           psiElt=  5.1611283501789363E-15  -4.6807392889137600E-02  9.9890393330436034E-01
           VptElt=  -3.6284496439472857E-15  -3.5127989268411142E+00  -3.8697464563826336E+00
           RptElt=  -3.6284496439472857E-15  -3.5127989268411142E+00  -3.8697464563826336E+00
           IndRef=1.0E+00
           Extinc=0.0E+00
             nObs=  0
           ApType=  None
         PropType=  Geometric
             zElt=2.1070509574502285E+00
          nECoord=  6
             TElt=  1.0000000000000000E+00  0.0000000000000000E+00  -5.1667914982634973E-15  0.0000000000000000E+00  0.0000000000000000E+00  0.0000000000000000E+00
                    2.4184403963547543E-16  9.9890393330436034E-01  4.6807392889137600E-02  0.0000000000000000E+00  0.0000000000000000E+00  0.0000000000000000E+00
                    5.1611283501789363E-15  -4.6807392889137600E-02  9.9890393330436034E-01  0.0000000000000000E+00  0.0000000000000000E+00  0.0000000000000000E+00
                    0.0000000000000000E+00  0.0000000000000000E+00  0.0000000000000000E+00  1.0000000000000000E+00  0.0000000000000000E+00  -5.1667914982634973E-15
                    0.0000000000000000E+00  0.0000000000000000E+00  0.0000000000000000E+00  2.4184403963547543E-16  9.9890393330436034E-01  4.6807392889137600E-02
                    0.0000000000000000E+00  0.0000000000000000E+00  0.0000000000000000E+00  5.1611283501789363E-15  -4.6807392889137600E-02  9.9890393330436034E-01
             iElt=  23
          EltName=  ExitPupil
          Element=  Return
          Surface=  Conic
            KrElt=-2.1070509574502285E+00
            KcElt=0.0000000000000000E+00
           psiElt=  -2.2847357660275538E-02  -2.8042135093637088E-01  9.5960505635754345E-01
           VptElt=  4.8140546833287758E-02  -2.9219368508611474E+00  -5.8916832091548761E+00
           RptElt=  4.8140546833287758E-02  -2.9219368508611474E+00  -5.8916832091548761E+00
           IndRef=1.0E+00
           Extinc=0.0E+00
             nObs=  0
           ApType=  None
         PropType=  FarField
             zElt=2.1070509574502285E+00
          nECoord=  6
             TElt=  9.9971668320857598E-01  0.0000000000000000E+00  2.3802380436499414E-02  0.0000000000000000E+00  0.0000000000000000E+00  0.0000000000000000E+00
                    -6.6746956775046110E-03  9.5987700563094058E-01  2.8034190285897681E-01  0.0000000000000000E+00  0.0000000000000000E+00  0.0000000000000000E+00
                    -2.2847357660275538E-02  -2.8042135093637088E-01  9.5960505635754345E-01  0.0000000000000000E+00  0.0000000000000000E+00  0.0000000000000000E+00
                    0.0000000000000000E+00  0.0000000000000000E+00  0.0000000000000000E+00  9.9971668320857598E-01  0.0000000000000000E+00  2.3802380436499414E-02
                    0.0000000000000000E+00  0.0000000000000000E+00  0.0000000000000000E+00  -6.6746956775046110E-03  9.5987700563094058E-01  2.8034190285897681E-01
                    0.0000000000000000E+00  0.0000000000000000E+00  0.0000000000000000E+00  -2.2847357660275538E-02  -2.8042135093637088E-01  9.5960505635754345E-01
             iElt=  24
          EltName=  FP
          Element=  FocalPlane
          Surface=  Flat
            KrElt=-1.0000000000000000E+22
            KcElt=0.0000000000000000E+00
           psiElt=  -7.0433424891617396E-11  2.8416558733553637E-01  -9.5877521816860145E-01
           VptElt=  -3.6284496439472857E-15  -3.5127989268411142E+00  -3.8697464563826336E+00
           RptElt=  -3.6284496439472857E-15  -3.5127989268411142E+00  -3.8697464563826336E+00
           IndRef=1.0E+00
           Extinc=0.0E+00
             nObs=  0
           ApType=  None
         PropType=  Geometric
             zElt=1.0000000000000000E+20
          nECoord=  6
             TElt=  -1.0000000000000000E+00  3.2311742677852644E-27  7.3461874646859743E-11  0.0000000000000000E+00  0.0000000000000000E+00  0.0000000000000000E+00
                    2.0875336755794450E-11  9.5877521816860156E-01  2.8416558733553643E-01  0.0000000000000000E+00  0.0000000000000000E+00  0.0000000000000000E+00
                    -7.0433424891617409E-11  2.8416558733553643E-01  -9.5877521816860167E-01  0.0000000000000000E+00  0.0000000000000000E+00  0.0000000000000000E+00
                    0.0000000000000000E+00  0.0000000000000000E+00  0.0000000000000000E+00  -1.0000000000000000E+00  3.2311742677852644E-27  7.3461874646859743E-11
                    0.0000000000000000E+00  0.0000000000000000E+00  0.0000000000000000E+00  2.0875336755794450E-11  9.5877521816860156E-01  2.8416558733553643E-01
                    0.0000000000000000E+00  0.0000000000000000E+00  0.0000000000000000E+00  -7.0433424891617409E-11  2.8416558733553643E-01  -9.5877521816860167E-01
% Output Coordinate System Definition
         nOutCord=  5
             Tout=  1.0000000000000000E+00  0.0000000000000000E+00  0.0000000000000000E+00  0.0000000000000000E+00  0.0000000000000000E+00  0.0000000000000000E+00  0.0E+00
                    0.0000000000000000E+00  1.0000000000000000E+00  0.0000000000000000E+00  0.0000000000000000E+00  0.0000000000000000E+00  0.0000000000000000E+00  0.0E+00
                    0.0000000000000000E+00  0.0000000000000000E+00  0.0000000000000000E+00  1.0000000000000000E+00  0.0000000000000000E+00  0.0000000000000000E+00  0.0E+00
                    0.0000000000000000E+00  0.0000000000000000E+00  0.0000000000000000E+00  0.0000000000000000E+00  1.0000000000000000E+00  0.0000000000000000E+00  0.0E+00
                    0.0000000000000000E+00  0.0000000000000000E+00  0.0000000000000000E+00  0.0000000000000000E+00  0.0000000000000000E+00  0.0000000000000000E+00  1.0E+00
