% MACOS prescription emitted by macos.design.Telescope (family=tma)
% Source Definition
        ChfRayDir=  0.0000000000000000E+00  0.0000000000000000E+00  1.0000000000000000E+00
        ChfRayPos=  0.0000000000000000E+00  0.0000000000000000E+00  -1.8666715218610850E+01
          zSource=1.0E+22
        BaseUnits=  m
        WaveUnits=  m
           IndRef=1.0E+00
           Extinc=0.0E+00
          Wavelen=4.9999999999999998E-07
             Flux=1.0E+00
         Aperture=6.0000000000000000E+00
         Obscratn=0.0E+00
         ApStop=  0.0000000000000000E+00  0.0000000000000000E+00  0.0000000000000000E+00
         GridType=  Hex
         nGridpts=  41
            xGrid=  -1.0  0.0000000000000000E+00  0.0000000000000000E+00
            yGrid=  0.0000000000000000E+00  1.0000000000000000E+00  0.0000000000000000E+00

             nSeg=  19
            width=  1.2E+00
              gap=  2.5E-02
         SegXgrid=  -1.0E+00  -0.0E+00  0.0E+00
         SegCoord=    0    0    0
                      1    2    1
                     -1    1    2
                     -2   -1    1
                     -1   -2   -1
                      1   -1   -2
                      2    1   -1
                      2    4    2
                      0    3    3
                     -2    2    4
                     -3    0    3
                     -4   -2    2
                     -3   -3    0
                     -2   -4   -2
                      0   -3   -3
                      2   -2   -4
                      3    0   -3
                      4    2   -2
                      3    3    0
% Element Definitions
             nElt=  24
    iElt=   1
 EltName=  Seg1
          nMetPos=  6
  -6.049999997508166E-01  2.760763863438351E-01  -7.499407428683734E-02
  -5.468198309539476E-01  3.763585404837304E-01  -8.491017073524446E-02
  -2.566607969646841E-01  5.430689022213910E-01  -1.013948188774589E-01
  -1.621093435684854E-01  5.973932731768206E-01  -1.067665194209236E-01
  -6.049999926736342E-01  -1.659930518711658E-01  -3.128137960221875E-02
  -6.049999944130149E-01  -5.734429994416909E-02  -4.202478167956350E-02
          tMetElt=  20  6
  0  0  0  0  0  1
  0  0  1  0  0  0
  0  0  0  0  1  0
  0  1  0  0  0  0
  1  0  0  0  0  0
  0  0  0  1  0  0
 Element=  Segment
 Surface=  FreeForm
    fElt=  3.84E+01
    eElt=  0.0E+00
   KrElt=  -3.84E+01
   KcElt=  -0.0E+00
  psiElt=  -0.0E+00  -9.758289975914947E-02  -9.952273999818312E-01
  VptElt=  0.0E+00  0.0E+00  0.0E+00
  RptElt=  0.0E+00  -7.414122505489118E-06  -7.561507069908657E-05
 FFZernType=  BornWolf
nFFZernCoef=   15
FFZernModes=    3    4    5    9   10   11
  12   13   19   20   21   22
  23   24   25
 FFZernCoef=  2.194530644557005E-03  1.844991463749379E-04  -1.306221092687606E-04  -3.30191323285365E-04  5.932762204496642E-05  2.083374039517029E-06
              1.751961163569184E-07  -5.471437816354341E-05  1.195364461708694E-07  8.707846039994075E-09  -5.64106012814184E-08  1.407108284102034E-09
              -2.233813085482016E-09  -4.528467147741682E-09  -6.995068316708596E-08
     lFF=  3.468810688698434E+00
MonZernType=  ANSI
nMonZernCoef=    1
MonZernModes=    1
 MonZernCoef=  0d0
    lMon=  6.928203288557364E-01
     pFF=  0.0E+00  0.0E+00  0.0E+00
     xFF=  -1.0E+00  0.0E+00  0.0E+00
     yFF=  0.0E+00  9.952273999818312E-01  -9.758289975914947E-02
     zFF=  -0.0E+00  -9.758289975914947E-02  -9.952273999818312E-01
    pMon=  0.0E+00  -7.414122505489118E-06  -7.561507069908657E-05
    xMon=  -8.660254771300531E-01  4.975732434445936E-01  -4.920102000661411E-02
    yMon=  4.999998729616479E-01  8.618224300915071E-01  -8.521869530511178E-02
    zMon=  -0.0E+00  -9.840206501490059E-02  -9.95146739732791E-01
  IndRef=  1d0
    zElt=  0d0
 PropType= 1
  nECoord= 6
    TElt=  -8.660254771300531E-01  4.999998729616479E-01  -0.0E+00  0.0E+00  0.0E+00  0.0E+00
            4.975732434445936E-01  8.618224300915071E-01  -9.840206501490059E-02  0.0E+00  0.0E+00  0.0E+00
            -4.920102000661411E-02  -8.521869530511178E-02  -9.95146739732791E-01  0.0E+00  0.0E+00  0.0E+00
            0.0E+00  0.0E+00  0.0E+00  -8.660254771300531E-01  4.999998729616479E-01  -0.0E+00
            0.0E+00  0.0E+00  0.0E+00  4.975732434445936E-01  8.618224300915071E-01  -9.840206501490059E-02
            0.0E+00  0.0E+00  0.0E+00  -4.920102000661411E-02  -8.521869530511178E-02  -9.95146739732791E-01
           ApType=  Polygonal
             xObs=  -9.9522739998E-01  -0.0000000000E+00  -9.7582899759E-02
        PolyApVec=  6
  -6.0000000000E-01  3.4005848666E-01  -8.1320750086E-02
  -5.5511151231E-17  6.8478742950E-01  -1.1540822532E-01
  6.0000000000E-01  3.4005848666E-01  -8.1320750086E-02
  6.0000000000E-01  -3.4939939902E-01  -1.3145799616E-02
  1.6653345369E-16  -6.9412834186E-01  2.0941675619E-02
  -6.0000000000E-01  -3.4939939902E-01  -1.3145799616E-02

    iElt=   2
 EltName=  Seg2
          nMetPos=  6
  -1.204999999754611E+00  1.309966912264449E+00  -1.772272010086790E-01
  -1.147091446611789E+00  1.410404998716422E+00  -1.871587163504999E-01
  -8.568855550430702E-01  1.577142282393799E+00  -2.036460265870131E-01
  -7.623483903080569E-01  1.631458443824120E+00  -2.090169153565040E-01
  -1.204999992678024E+00  8.679347121867269E-01  -1.335181885042447E-01
  -1.204999994417668E+00  9.765999266278765E-01  -1.442632184273366E-01
          tMetElt=  20  6
  0  0  0  0  0  1
  0  0  1  0  0  0
  0  0  0  0  1  0
  0  1  0  0  0  0
  1  0  0  0  0  0
  0  0  0  1  0  0
 Element=  Segment
 Surface=  FreeForm
    fElt=  3.84E+01
    eElt=  0.0E+00
   KrElt=  -3.84E+01
   KcElt=  -0.0E+00
  psiElt=  -0.0E+00  -9.758289975914947E-02  -9.952273999818312E-01
  VptElt=  0.0E+00  0.0E+00  0.0E+00
  RptElt=  -6.0E-01  1.03235387642134E+00  -1.20960014723515E-01
 FFZernType=  BornWolf
nFFZernCoef=   15
FFZernModes=    3    4    5    9   10   11
  12   13   19   20   21   22
  23   24   25
 FFZernCoef=  2.194530644557005E-03  1.844991463749379E-04  -1.306221092687606E-04  -3.30191323285365E-04  5.932762204496642E-05  2.083374039517029E-06
              1.751961163569184E-07  -5.471437816354341E-05  1.195364461708694E-07  8.707846039994075E-09  -5.64106012814184E-08  1.407108284102034E-09
              -2.233813085482016E-09  -4.528467147741682E-09  -6.995068316708596E-08
     lFF=  3.468810688698434E+00
MonZernType=  ANSI
nMonZernCoef=    1
MonZernModes=    1
 MonZernCoef=  0d0
    lMon=  6.928203288557364E-01
     pFF=  0.0E+00  0.0E+00  0.0E+00
     xFF=  -1.0E+00  0.0E+00  0.0E+00
     yFF=  0.0E+00  9.952273999818312E-01  -9.758289975914947E-02
     zFF=  -0.0E+00  -9.758289975914947E-02  -9.952273999818312E-01
    pMon=  -6.0E-01  1.03235387642134E+00  -1.20960014723515E-01
    xMon=  -8.659226507084846E-01  4.943690765077789E-01  -7.600775738592556E-02
    yMon=  4.999340538740178E-01  8.601936990774299E-01  -1.006615211715906E-01
    zMon=  1.561745072291164E-02  -1.251639575130706E-01  -9.920131445563529E-01
  IndRef=  1d0
    zElt=  0d0
 PropType= 1
  nECoord= 6
    TElt=  -8.659226507084846E-01  4.999340538740178E-01  1.561745072291164E-02  0.0E+00  0.0E+00  0.0E+00
            4.943690765077789E-01  8.601936990774299E-01  -1.251639575130706E-01  0.0E+00  0.0E+00  0.0E+00
            -7.600775738592556E-02  -1.006615211715906E-01  -9.920131445563529E-01  0.0E+00  0.0E+00  0.0E+00
            0.0E+00  0.0E+00  0.0E+00  -8.659226507084846E-01  4.999340538740178E-01  1.561745072291164E-02
            0.0E+00  0.0E+00  0.0E+00  4.943690765077789E-01  8.601936990774299E-01  -1.251639575130706E-01
            0.0E+00  0.0E+00  0.0E+00  -7.600775738592556E-02  -1.006615211715906E-01  -9.920131445563529E-01
           ApType=  Polygonal
             xObs=  -9.9522739998E-01  -0.0000000000E+00  -9.7582899759E-02
        PolyApVec=  6
  -1.2000000000E+00  1.3742610012E+00  -1.8358472686E-01
  -6.0000000000E-01  1.7189899440E+00  -2.1767220209E-01
  -2.2204460493E-16  1.3742610012E+00  -1.8358472686E-01
  1.6653345369E-16  6.8480311552E-01  -1.1540977639E-01
  -6.0000000000E-01  3.4007417268E-01  -8.1322301151E-02
  -1.2000000000E+00  6.8480311552E-01  -1.1540977639E-01

    iElt=   3
 EltName=  Seg3
          nMetPos=  6
  5.415430124602412E-01  1.691149066234922E+00  -2.149192413881651E-01
  6.579034239068993E-01  1.691467114393593E+00  -2.149506906150357E-01
  9.481101985571305E-01  1.524729318691323E+00  -1.984633297484951E-01
  1.042647092203959E+00  1.470413311498831E+00  -1.930924562303438E-01
  1.568655641226903E-01  1.470133316068596E+00  -1.930647697320317E-01
  2.514316246784655E-01  1.524466079541823E+00  -1.984373001441470E-01
          tMetElt=  20  6
  1  0  0  0  0  0
  0  0  0  1  0  0
  0  0  0  0  0  1
  0  0  1  0  0  0
  0  1  0  0  0  0
  0  0  0  0  1  0
 Element=  Segment
 Surface=  FreeForm
    fElt=  3.84E+01
    eElt=  0.0E+00
   KrElt=  -3.84E+01
   KcElt=  -0.0E+00
  psiElt=  -0.0E+00  -9.758289975914947E-02  -9.952273999818312E-01
  VptElt=  0.0E+00  0.0E+00  0.0E+00
  RptElt=  6.0E-01  1.03235387642134E+00  -1.20960014723515E-01
 FFZernType=  BornWolf
nFFZernCoef=   15
FFZernModes=    3    4    5    9   10   11
  12   13   19   20   21   22
  23   24   25
 FFZernCoef=  2.194530644557005E-03  1.844991463749379E-04  -1.306221092687606E-04  -3.30191323285365E-04  5.932762204496642E-05  2.083374039517029E-06
              1.751961163569184E-07  -5.471437816354341E-05  1.195364461708694E-07  8.707846039994075E-09  -5.64106012814184E-08  1.407108284102034E-09
              -2.233813085482016E-09  -4.528467147741682E-09  -6.995068316708596E-08
     lFF=  3.468810688698434E+00
MonZernType=  ANSI
nMonZernCoef=    1
MonZernModes=    1
 MonZernCoef=  0d0
    lMon=  6.928203288557364E-01
     pFF=  0.0E+00  0.0E+00  0.0E+00
     xFF=  -1.0E+00  0.0E+00  0.0E+00
     yFF=  0.0E+00  9.952273999818312E-01  -9.758289975914947E-02
     zFF=  -0.0E+00  -9.758289975914947E-02  -9.952273999818312E-01
    pMon=  6.0E-01  1.03235387642134E+00  -1.20960014723515E-01
    xMon=  -4.337557449476863E-04  9.921348997912934E-01  -1.251724908758864E-01
    yMon=  9.998779460958578E-01  -1.524583807603325E-03  -1.554890849360308E-02
    zMon=  -1.561745072291164E-02  -1.251639575130706E-01  -9.920131445563529E-01
  IndRef=  1d0
    zElt=  0d0
 PropType= 1
  nECoord= 6
    TElt=  -4.337557449476863E-04  9.998779460958578E-01  -1.561745072291164E-02  0.0E+00  0.0E+00  0.0E+00
            9.921348997912934E-01  -1.524583807603325E-03  -1.251639575130706E-01  0.0E+00  0.0E+00  0.0E+00
            -1.251724908758864E-01  -1.554890849360308E-02  -9.920131445563529E-01  0.0E+00  0.0E+00  0.0E+00
            0.0E+00  0.0E+00  0.0E+00  -4.337557449476863E-04  9.998779460958578E-01  -1.561745072291164E-02
            0.0E+00  0.0E+00  0.0E+00  9.921348997912934E-01  -1.524583807603325E-03  -1.251639575130706E-01
            0.0E+00  0.0E+00  0.0E+00  -1.251724908758864E-01  -1.554890849360308E-02  -9.920131445563529E-01
           ApType=  Polygonal
             xObs=  -9.9522739998E-01  -0.0000000000E+00  -9.7582899759E-02
        PolyApVec=  6
  -1.1102230246E-16  1.3742610012E+00  -1.8358472686E-01
  6.0000000000E-01  1.7189899440E+00  -2.1767220209E-01
  1.2000000000E+00  1.3742610012E+00  -1.8358472686E-01
  1.2000000000E+00  6.8480311552E-01  -1.1540977639E-01
  6.0000000000E-01  3.4007417268E-01  -8.1322301151E-02
  -1.1102230246E-16  6.8480311552E-01  -1.1540977639E-01

    iElt=   4
 EltName=  Seg4
          nMetPos=  6
  1.746544956359807E+00  3.765318437234423E-01  -8.492730730011530E-02
  1.804999990756624E+00  2.764077418543369E-01  -7.502683937080495E-02
  1.804999996095298E+00  -5.706745154260306E-02  -4.205215699349710E-02
  1.804999997834413E+00  -1.656995826651239E-01  -3.131039841395756E-02
  1.361867281868676E+00  5.975477299922261E-01  -1.067817924143271E-01
  1.456433238387304E+00  5.432150247774818E-01  -1.014092677629252E-01
          tMetElt=  20  6
  0  1  0  0  0  0
  0  0  0  0  1  0
  1  0  0  0  0  0
  0  0  0  1  0  0
  0  0  1  0  0  0
  0  0  0  0  0  1
 Element=  Segment
 Surface=  FreeForm
    fElt=  3.84E+01
    eElt=  0.0E+00
   KrElt=  -3.84E+01
   KcElt=  -0.0E+00
  psiElt=  -0.0E+00  -9.758289975914947E-02  -9.952273999818312E-01
  VptElt=  0.0E+00  0.0E+00  0.0E+00
  RptElt=  1.2E+00  -1.840009607503523E-03  -1.876586965684979E-02
 FFZernType=  BornWolf
nFFZernCoef=   15
FFZernModes=    3    4    5    9   10   11
  12   13   19   20   21   22
  23   24   25
 FFZernCoef=  2.194530644557005E-03  1.844991463749379E-04  -1.306221092687606E-04  -3.30191323285365E-04  5.932762204496642E-05  2.083374039517029E-06
              1.751961163569184E-07  -5.471437816354341E-05  1.195364461708694E-07  8.707846039994075E-09  -5.64106012814184E-08  1.407108284102034E-09
              -2.233813085482016E-09  -4.528467147741682E-09  -6.995068316708596E-08
     lFF=  3.468810688698434E+00
MonZernType=  ANSI
nMonZernCoef=    1
MonZernModes=    1
 MonZernCoef=  0d0
    lMon=  6.928203288557364E-01
     pFF=  0.0E+00  0.0E+00  0.0E+00
     xFF=  -1.0E+00  0.0E+00  0.0E+00
     yFF=  0.0E+00  9.952273999818312E-01  -9.758289975914947E-02
     zFF=  -0.0E+00  -9.758289975914947E-02  -9.952273999818312E-01
    pMon=  1.2E+00  -1.840009607503523E-03  -1.876586965684979E-02
    xMon=  8.654924811818718E-01  4.950977933153884E-01  -7.616390268283474E-02
    yMon=  4.999440490412085E-01  -8.632555701652291E-01  6.961155368893043E-02
    zMon=  -3.128438661583437E-02  -9.832596621919447E-02  -9.946624007778383E-01
  IndRef=  1d0
    zElt=  0d0
 PropType= 1
  nECoord= 6
    TElt=  8.654924811818718E-01  4.999440490412085E-01  -3.128438661583437E-02  0.0E+00  0.0E+00  0.0E+00
            4.950977933153884E-01  -8.632555701652291E-01  -9.832596621919447E-02  0.0E+00  0.0E+00  0.0E+00
            -7.616390268283474E-02  6.961155368893043E-02  -9.946624007778383E-01  0.0E+00  0.0E+00  0.0E+00
            0.0E+00  0.0E+00  0.0E+00  8.654924811818718E-01  4.999440490412085E-01  -3.128438661583437E-02
            0.0E+00  0.0E+00  0.0E+00  4.950977933153884E-01  -8.632555701652291E-01  -9.832596621919447E-02
            0.0E+00  0.0E+00  0.0E+00  -7.616390268283474E-02  6.961155368893043E-02  -9.946624007778383E-01
           ApType=  Polygonal
             xObs=  -9.9522739998E-01  -0.0000000000E+00  -9.7582899759E-02
        PolyApVec=  6
  6.0000000000E-01  3.4007386986E-01  -8.1322271207E-02
  1.2000000000E+00  6.8480281270E-01  -1.1540974644E-01
  1.8000000000E+00  3.4007386986E-01  -8.1322271207E-02
  1.8000000000E+00  -3.4938401582E-01  -1.3147320737E-02
  1.2000000000E+00  -6.9411295866E-01  2.0940154498E-02
  6.0000000000E-01  -3.4938401582E-01  -1.3147320737E-02

    iElt=   5
 EltName=  Seg5
          nMetPos=  6
  1.204999999754419E+00  -1.319282441034151E+00  8.275814132700965E-02
  1.147086805756578E+00  -1.419717865291346E+00  9.268939342577989E-02
  8.568817156857829E-01  -1.586454688469503E+00  1.091766581272254E-01
  7.623443071743864E-01  -1.640770989961115E+00  1.145475607462519E-01
  1.204999992677823E+00  -8.772496063896149E-01  3.904906607536199E-02
  1.204999994417462E+00  -9.859145392395303E-01  4.979406815415926E-02
          tMetElt=  20  6
  0  0  1  0  0  0
  0  0  0  0  0  1
  0  1  0  0  0  0
  0  0  0  0  1  0
  0  0  0  1  0  0
  1  0  0  0  0  0
 Element=  Segment
 Surface=  FreeForm
    fElt=  3.84E+01
    eElt=  0.0E+00
   KrElt=  -3.84E+01
   KcElt=  -0.0E+00
  psiElt=  -0.0E+00  -9.758289975914947E-02  -9.952273999818312E-01
  VptElt=  0.0E+00  0.0E+00  0.0E+00
  RptElt=  6.0E-01  -1.036027439148669E+00  8.349412376501775E-02
 FFZernType=  BornWolf
nFFZernCoef=   15
FFZernModes=    3    4    5    9   10   11
  12   13   19   20   21   22
  23   24   25
 FFZernCoef=  2.194530644557005E-03  1.844991463749379E-04  -1.306221092687606E-04  -3.30191323285365E-04  5.932762204496642E-05  2.083374039517029E-06
              1.751961163569184E-07  -5.471437816354341E-05  1.195364461708694E-07  8.707846039994075E-09  -5.64106012814184E-08  1.407108284102034E-09
              -2.233813085482016E-09  -4.528467147741682E-09  -6.995068316708596E-08
     lFF=  3.468810688698434E+00
MonZernType=  ANSI
nMonZernCoef=    1
MonZernModes=    1
 MonZernCoef=  0d0
    lMon=  6.928203288557364E-01
     pFF=  0.0E+00  0.0E+00  0.0E+00
     xFF=  -1.0E+00  0.0E+00  0.0E+00
     yFF=  0.0E+00  9.952273999818312E-01  -9.758289975914947E-02
     zFF=  -0.0E+00  -9.758289975914947E-02  -9.952273999818312E-01
    pMon=  6.0E-01  -1.036027439148669E+00  8.349412376501775E-02
    xMon=  8.659159270434379E-01  -4.996986667527867E-01  2.215512893193939E-02
    yMon=  -4.999441597826777E-01  -8.632543157567507E-01  6.962631274551712E-02
    zMon=  -1.566666498320354E-02  -7.136686046640613E-02  -9.973270911970017E-01
  IndRef=  1d0
    zElt=  0d0
 PropType= 1
  nECoord= 6
    TElt=  8.659159270434379E-01  -4.999441597826777E-01  -1.566666498320354E-02  0.0E+00  0.0E+00  0.0E+00
            -4.996986667527867E-01  -8.632543157567507E-01  -7.136686046640613E-02  0.0E+00  0.0E+00  0.0E+00
            2.215512893193939E-02  6.962631274551712E-02  -9.973270911970017E-01  0.0E+00  0.0E+00  0.0E+00
            0.0E+00  0.0E+00  0.0E+00  8.659159270434379E-01  -4.999441597826777E-01  -1.566666498320354E-02
            0.0E+00  0.0E+00  0.0E+00  -4.996986667527867E-01  -8.632543157567507E-01  -7.136686046640613E-02
            0.0E+00  0.0E+00  0.0E+00  2.215512893193939E-02  6.962631274551712E-02  -9.973270911970017E-01
           ApType=  Polygonal
             xObs=  -9.9522739998E-01  -0.0000000000E+00  -9.7582899759E-02
        PolyApVec=  6
  -1.6653345369E-16  -6.9411331568E-01  2.0940189801E-02
  6.0000000000E-01  -3.4938437284E-01  -1.3147285434E-02
  1.2000000000E+00  -6.9411331568E-01  2.0940189801E-02
  1.2000000000E+00  -1.3835712014E+00  8.9115140271E-02
  6.0000000000E-01  -1.7283001442E+00  1.2320261551E-01
  -1.1102230246E-16  -1.3835712014E+00  8.9115140271E-02

    iElt=   6
 EltName=  Seg6
          nMetPos=  6
  -5.415568178619561E-01  -1.700467198283892E+00  1.204504391238651E-01
  -6.579172402109976E-01  -1.700769376440252E+00  1.204803190937239E-01
  -9.481216287001442E-01  -1.534032951702669E+00  1.039930937908651E-01
  -1.042659248081728E+00  -1.479716527540539E+00  9.862217904193686E-02
  -1.568777254875254E-01  -1.479450503539074E+00  9.859587406595437E-02
  -2.514430564931676E-01  -1.533782847850558E+00  1.039683630305328E-01
          tMetElt=  20  6
  0  0  0  1  0  0
  1  0  0  0  0  0
  0  0  1  0  0  0
  0  0  0  0  0  1
  0  0  0  0  1  0
  0  1  0  0  0  0
 Element=  Segment
 Surface=  FreeForm
    fElt=  3.84E+01
    eElt=  0.0E+00
   KrElt=  -3.84E+01
   KcElt=  -0.0E+00
  psiElt=  -0.0E+00  -9.758289975914947E-02  -9.952273999818312E-01
  VptElt=  0.0E+00  0.0E+00  0.0E+00
  RptElt=  -6.0E-01  -1.036027439148669E+00  8.349412376501775E-02
 FFZernType=  BornWolf
nFFZernCoef=   15
FFZernModes=    3    4    5    9   10   11
  12   13   19   20   21   22
  23   24   25
 FFZernCoef=  2.194530644557005E-03  1.844991463749379E-04  -1.306221092687606E-04  -3.30191323285365E-04  5.932762204496642E-05  2.083374039517029E-06
              1.751961163569184E-07  -5.471437816354341E-05  1.195364461708694E-07  8.707846039994075E-09  -5.64106012814184E-08  1.407108284102034E-09
              -2.233813085482016E-09  -4.528467147741682E-09  -6.995068316708596E-08
     lFF=  3.468810688698434E+00
MonZernType=  ANSI
nMonZernCoef=    1
MonZernModes=    1
 MonZernCoef=  0d0
    lMon=  6.928203288557364E-01
     pFF=  0.0E+00  0.0E+00  0.0E+00
     xFF=  -1.0E+00  0.0E+00  0.0E+00
     yFF=  0.0E+00  9.952273999818312E-01  -9.758289975914947E-02
     zFF=  -0.0E+00  -9.758289975914947E-02  -9.952273999818312E-01
    pMon=  -6.0E-01  -1.036027439148669E+00  8.349412376501775E-02
    xMon=  4.121102230322073E-04  -9.974489622957028E-01  7.138205503058677E-02
    yMon=  -9.998771853450144E-01  -1.529327431966061E-03  -1.559728771734688E-02
    zMon=  1.566666498320354E-02  -7.136686046640613E-02  -9.973270911970017E-01
  IndRef=  1d0
    zElt=  0d0
 PropType= 1
  nECoord= 6
    TElt=  4.121102230322073E-04  -9.998771853450144E-01  1.566666498320354E-02  0.0E+00  0.0E+00  0.0E+00
            -9.974489622957028E-01  -1.529327431966061E-03  -7.136686046640613E-02  0.0E+00  0.0E+00  0.0E+00
            7.138205503058677E-02  -1.559728771734688E-02  -9.973270911970017E-01  0.0E+00  0.0E+00  0.0E+00
            0.0E+00  0.0E+00  0.0E+00  4.121102230322073E-04  -9.998771853450144E-01  1.566666498320354E-02
            0.0E+00  0.0E+00  0.0E+00  -9.974489622957028E-01  -1.529327431966061E-03  -7.136686046640613E-02
            0.0E+00  0.0E+00  0.0E+00  7.138205503058677E-02  -1.559728771734688E-02  -9.973270911970017E-01
           ApType=  Polygonal
             xObs=  -9.9522739998E-01  -0.0000000000E+00  -9.7582899759E-02
        PolyApVec=  6
  -1.2000000000E+00  -6.9411331568E-01  2.0940189801E-02
  -6.0000000000E-01  -3.4938437284E-01  -1.3147285434E-02
  -2.2204460493E-16  -6.9411331568E-01  2.0940189801E-02
  1.1102230246E-16  -1.3835712014E+00  8.9115140271E-02
  -6.0000000000E-01  -1.7283001442E+00  1.2320261551E-01
  -1.2000000000E+00  -1.3835712014E+00  8.9115140271E-02

    iElt=   7
 EltName=  Seg7
          nMetPos=  6
  -1.746553734017013E+00  -3.858369464960610E-01  -9.542783324631918E-03
  -1.804999990756871E+00  -2.857077934602997E-01  -1.944375072322636E-02
  -1.804999996095517E+00  4.776565656450094E-02  -5.241826071247149E-02
  -1.804999997834640E+00  1.563983179122035E-01  -6.316007172171885E-02
  -1.361875014243779E+00  -6.068534333298525E-01  1.231176117462796E-02
  -1.456440506899801E+00  -5.525209946265586E-01  6.939262876401897E-03
          tMetElt=  20  6
  0  0  0  0  1  0
  0  1  0  0  0  0
  0  0  0  1  0  0
  1  0  0  0  0  0
  0  0  0  0  0  1
  0  0  1  0  0  0
 Element=  Segment
 Surface=  FreeForm
    fElt=  3.84E+01
    eElt=  0.0E+00
   KrElt=  -3.84E+01
   KcElt=  -0.0E+00
  psiElt=  -0.0E+00  -9.758289975914947E-02  -9.952273999818312E-01
  VptElt=  0.0E+00  0.0E+00  0.0E+00
  RptElt=  -1.2E+00  -1.840009607503745E-03  -1.876586965684979E-02
 FFZernType=  BornWolf
nFFZernCoef=   15
FFZernModes=    3    4    5    9   10   11
  12   13   19   20   21   22
  23   24   25
 FFZernCoef=  2.194530644557005E-03  1.844991463749379E-04  -1.306221092687606E-04  -3.30191323285365E-04  5.932762204496642E-05  2.083374039517029E-06
              1.751961163569184E-07  -5.471437816354341E-05  1.195364461708694E-07  8.707846039994075E-09  -5.64106012814184E-08  1.407108284102034E-09
              -2.233813085482016E-09  -4.528467147741682E-09  -6.995068316708596E-08
     lFF=  3.468810688698434E+00
MonZernType=  ANSI
nMonZernCoef=    1
MonZernModes=    1
 MonZernCoef=  0d0
    lMon=  6.928203288557364E-01
     pFF=  0.0E+00  0.0E+00  0.0E+00
     xFF=  -1.0E+00  0.0E+00  0.0E+00
     yFF=  0.0E+00  9.952273999818312E-01  -9.758289975914947E-02
     zFF=  -0.0E+00  -9.758289975914947E-02  -9.952273999818312E-01
    pMon=  -1.2E+00  -1.840009607503745E-03  -1.876586965684979E-02
    xMon=  -8.654987030973834E-01  -5.004169311117608E-01  2.224612311021536E-02
    yMon=  -4.99933277638945E-01  8.601830615768653E-01  -1.007562329855196E-01
    zMon=  3.128438661583437E-02  -9.832596621919446E-02  -9.946624007778383E-01
  IndRef=  1d0
    zElt=  0d0
 PropType= 1
  nECoord= 6
    TElt=  -8.654987030973834E-01  -4.99933277638945E-01  3.128438661583437E-02  0.0E+00  0.0E+00  0.0E+00
            -5.004169311117608E-01  8.601830615768653E-01  -9.832596621919446E-02  0.0E+00  0.0E+00  0.0E+00
            2.224612311021536E-02  -1.007562329855196E-01  -9.946624007778383E-01  0.0E+00  0.0E+00  0.0E+00
            0.0E+00  0.0E+00  0.0E+00  -8.654987030973834E-01  -4.99933277638945E-01  3.128438661583437E-02
            0.0E+00  0.0E+00  0.0E+00  -5.004169311117608E-01  8.601830615768653E-01  -9.832596621919446E-02
            0.0E+00  0.0E+00  0.0E+00  2.224612311021536E-02  -1.007562329855196E-01  -9.946624007778383E-01
           ApType=  Polygonal
             xObs=  -9.9522739998E-01  -0.0000000000E+00  -9.7582899759E-02
        PolyApVec=  6
  -1.8000000000E+00  3.4007386986E-01  -8.1322271207E-02
  -1.2000000000E+00  6.8480281270E-01  -1.1540974644E-01
  -6.0000000000E-01  3.4007386986E-01  -8.1322271207E-02
  -6.0000000000E-01  -3.4938401582E-01  -1.3147320737E-02
  -1.2000000000E+00  -6.9411295866E-01  2.0940154498E-02
  -1.8000000000E+00  -3.4938401582E-01  -1.3147320737E-02

    iElt=   8
 EltName=  Seg8
          nMetPos=  6
  -1.804999999752883E+00  2.343283183290746E+00  -2.794035442782020E-01
  -1.747890840251391E+00  2.444178759484022E+00  -2.893802971045766E-01
  -1.457546427338486E+00  2.610995630355635E+00  -3.058754770792389E-01
  -1.363051063855640E+00  2.665287774950174E+00  -3.112439910168163E-01
  -1.804999992678032E+00  1.901359412640343E+00  -2.357052534885969E-01
  -1.804999994418455E+00  2.010073291973860E+00  -2.464550954918689E-01
          tMetElt=  20  6
  0  0  0  0  0  1
  0  0  1  0  0  0
  0  0  0  0  1  0
  0  1  0  0  0  0
  1  0  0  0  0  0
  0  0  0  1  0  0
 Element=  Segment
 Surface=  FreeForm
    fElt=  3.84E+01
    eElt=  0.0E+00
   KrElt=  -3.84E+01
   KcElt=  -0.0E+00
  psiElt=  -0.0E+00  -9.758289975914947E-02  -9.952273999818312E-01
  VptElt=  0.0E+00  0.0E+00  0.0E+00
  RptElt=  -1.2E+00  2.061077375963352E+00  -2.789454770560305E-01
 FFZernType=  BornWolf
nFFZernCoef=   15
FFZernModes=    3    4    5    9   10   11
  12   13   19   20   21   22
  23   24   25
 FFZernCoef=  2.194530644557005E-03  1.844991463749379E-04  -1.306221092687606E-04  -3.30191323285365E-04  5.932762204496642E-05  2.083374039517029E-06
              1.751961163569184E-07  -5.471437816354341E-05  1.195364461708694E-07  8.707846039994075E-09  -5.64106012814184E-08  1.407108284102034E-09
              -2.233813085482016E-09  -4.528467147741682E-09  -6.995068316708596E-08
     lFF=  3.468810688698434E+00
MonZernType=  ANSI
nMonZernCoef=    1
MonZernModes=    1
 MonZernCoef=  0d0
    lMon=  6.928203288557364E-01
     pFF=  0.0E+00  0.0E+00  0.0E+00
     xFF=  -1.0E+00  0.0E+00  0.0E+00
     yFF=  0.0E+00  9.952273999818312E-01  -9.758289975914947E-02
     zFF=  -0.0E+00  -9.758289975914947E-02  -9.952273999818312E-01
    pMon=  -1.2E+00  2.061077375963352E+00  -2.789454770560305E-01
    xMon=  -8.656098547506101E-01  4.90119965011214E-01  -1.024792625658193E-01
    yMon=  4.997498607868733E-01  8.583747096252367E-01  -1.159436695955902E-01
    zMon=  3.113929996208104E-02  -1.515759801987012E-01  -9.879549920035195E-01
  IndRef=  1d0
    zElt=  0d0
 PropType= 1
  nECoord= 6
    TElt=  -8.656098547506101E-01  4.997498607868733E-01  3.113929996208104E-02  0.0E+00  0.0E+00  0.0E+00
            4.90119965011214E-01  8.583747096252367E-01  -1.515759801987012E-01  0.0E+00  0.0E+00  0.0E+00
            -1.024792625658193E-01  -1.159436695955902E-01  -9.879549920035195E-01  0.0E+00  0.0E+00  0.0E+00
            0.0E+00  0.0E+00  0.0E+00  -8.656098547506101E-01  4.997498607868733E-01  3.113929996208104E-02
            0.0E+00  0.0E+00  0.0E+00  4.90119965011214E-01  8.583747096252367E-01  -1.515759801987012E-01
            0.0E+00  0.0E+00  0.0E+00  -1.024792625658193E-01  -1.159436695955902E-01  -9.879549920035195E-01
           ApType=  Polygonal
             xObs=  -9.9522739998E-01  -0.0000000000E+00  -9.7582899759E-02
        PolyApVec=  6
  -1.8000000000E+00  2.4084940522E+00  -2.8585172313E-01
  -1.2000000000E+00  2.7532229950E+00  -3.1993919836E-01
  -6.0000000000E-01  2.4084940522E+00  -2.8585172313E-01
  -6.0000000000E-01  1.7190361665E+00  -2.1767677266E-01
  -1.2000000000E+00  1.3743072236E+00  -1.8358929742E-01
  -1.8000000000E+00  1.7190361665E+00  -2.1767677266E-01

    iElt=   9
 EltName=  Seg9
          nMetPos=  6
  -5.818026176177393E-02  2.725525774943129E+00  -3.172004428193574E-01
  5.818026169098989E-02  2.725525774137994E+00  -3.172004427397441E-01
  3.483392768647905E-01  2.558815418559524E+00  -3.007157952065626E-01
  4.428907334752196E-01  2.504491044241720E+00  -2.953440943306197E-01
  -4.428907379427428E-01  2.504491048687560E+00  -2.953440947702332E-01
  -3.483392796191258E-01  2.558815422474030E+00  -3.007157955936366E-01
          tMetElt=  20  6
  1  0  0  0  0  0
  0  0  0  1  0  0
  0  0  0  0  0  1
  0  0  1  0  0  0
  0  1  0  0  0  0
  0  0  0  0  1  0
 Element=  Segment
 Surface=  FreeForm
    fElt=  3.84E+01
    eElt=  0.0E+00
   KrElt=  -3.84E+01
   KcElt=  -0.0E+00
  psiElt=  -0.0E+00  -9.758289975914947E-02  -9.952273999818312E-01
  VptElt=  0.0E+00  0.0E+00  0.0E+00
  RptElt=  0.0E+00  2.062904175116567E+00  -2.60314338034437E-01
 FFZernType=  BornWolf
nFFZernCoef=   15
FFZernModes=    3    4    5    9   10   11
  12   13   19   20   21   22
  23   24   25
 FFZernCoef=  2.194530644557005E-03  1.844991463749379E-04  -1.306221092687606E-04  -3.30191323285365E-04  5.932762204496642E-05  2.083374039517029E-06
              1.751961163569184E-07  -5.471437816354341E-05  1.195364461708694E-07  8.707846039994075E-09  -5.64106012814184E-08  1.407108284102034E-09
              -2.233813085482016E-09  -4.528467147741682E-09  -6.995068316708596E-08
     lFF=  3.468810688698434E+00
MonZernType=  ANSI
nMonZernCoef=    1
MonZernModes=    1
 MonZernCoef=  0d0
    lMon=  6.928203288557364E-01
     pFF=  0.0E+00  0.0E+00  0.0E+00
     xFF=  -1.0E+00  0.0E+00  0.0E+00
     yFF=  0.0E+00  9.952273999818312E-01  -9.758289975914947E-02
     zFF=  -0.0E+00  -9.758289975914947E-02  -9.952273999818312E-01
    pMon=  0.0E+00  2.062904175116567E+00  -2.60314338034437E-01
    xMon=  -0.0E+00  9.884299380260798E-01  -1.516781382195873E-01
    yMon=  1.0E+00  0.0E+00  -0.0E+00
    zMon=  -0.0E+00  -1.516781382195873E-01  -9.884299380260797E-01
  IndRef=  1d0
    zElt=  0d0
 PropType= 1
  nECoord= 6
    TElt=  -0.0E+00  1.0E+00  -0.0E+00  0.0E+00  0.0E+00  0.0E+00
            9.884299380260798E-01  0.0E+00  -1.516781382195873E-01  0.0E+00  0.0E+00  0.0E+00
            -1.516781382195873E-01  -0.0E+00  -9.884299380260797E-01  0.0E+00  0.0E+00  0.0E+00
            0.0E+00  0.0E+00  0.0E+00  -0.0E+00  1.0E+00  -0.0E+00
            0.0E+00  0.0E+00  0.0E+00  9.884299380260798E-01  0.0E+00  -1.516781382195873E-01
            0.0E+00  0.0E+00  0.0E+00  -1.516781382195873E-01  -0.0E+00  -9.884299380260797E-01
           ApType=  Polygonal
             xObs=  -9.9522739998E-01  -0.0000000000E+00  -9.7582899759E-02
        PolyApVec=  6
  -6.0000000000E-01  2.4084787176E+00  -2.8585020682E-01
  -4.4408920985E-16  2.7532076604E+00  -3.1993768205E-01
  6.0000000000E-01  2.4084787176E+00  -2.8585020682E-01
  6.0000000000E-01  1.7190208319E+00  -2.1767525635E-01
  0.0000000000E+00  1.3742918891E+00  -1.8358778111E-01
  -6.0000000000E-01  1.7190208319E+00  -2.1767525635E-01

    iElt=  10
 EltName=  Seg10
          nMetPos=  6
  1.140735991989885E+00  2.724918445020348E+00  -3.171403888432343E-01
  1.257094795513790E+00  2.726164761384941E+00  -3.172636270542851E-01
  1.547441703044826E+00  2.559346452580664E+00  -3.007683048940157E-01
  1.641936317171331E+00  2.505054737012758E+00  -2.953998333794347E-01
  7.561539756410782E-01  2.503957525135012E+00  -2.952913389130226E-01
  8.507628794429081E-01  2.558314904119773E+00  -3.006663033552859E-01
          tMetElt=  20  6
  1  0  0  0  0  0
  0  0  0  1  0  0
  0  0  0  0  0  1
  0  0  1  0  0  0
  0  1  0  0  0  0
  0  0  0  0  1  0
 Element=  Segment
 Surface=  FreeForm
    fElt=  3.84E+01
    eElt=  0.0E+00
   KrElt=  -3.84E+01
   KcElt=  -0.0E+00
  psiElt=  -0.0E+00  -9.758289975914947E-02  -9.952273999818312E-01
  VptElt=  0.0E+00  0.0E+00  0.0E+00
  RptElt=  1.2E+00  2.061077375963352E+00  -2.789454770560305E-01
 FFZernType=  BornWolf
nFFZernCoef=   15
FFZernModes=    3    4    5    9   10   11
  12   13   19   20   21   22
  23   24   25
 FFZernCoef=  2.194530644557005E-03  1.844991463749379E-04  -1.306221092687606E-04  -3.30191323285365E-04  5.932762204496642E-05  2.083374039517029E-06
              1.751961163569184E-07  -5.471437816354341E-05  1.195364461708694E-07  8.707846039994075E-09  -5.64106012814184E-08  1.407108284102034E-09
              -2.233813085482016E-09  -4.528467147741682E-09  -6.995068316708596E-08
     lFF=  3.468810688698434E+00
MonZernType=  ANSI
nMonZernCoef=    1
MonZernModes=    1
 MonZernCoef=  0d0
    lMon=  6.928203288557364E-01
     pFF=  0.0E+00  0.0E+00  0.0E+00
     xFF=  -1.0E+00  0.0E+00  0.0E+00
     yFF=  0.0E+00  9.952273999818312E-01  -9.758289975914947E-02
     zFF=  -0.0E+00  -9.758289975914947E-02  -9.952273999818312E-01
    pMon=  1.2E+00  2.061077375963352E+00  -2.789454770560305E-01
    xMon=  -1.69789930020184E-03  9.884409245377341E-01  -1.515970179025822E-01
    yMon=  9.995136122814124E-01  -3.043176924271789E-03  -3.1036719194684E-02
    zMon=  -3.113929996208104E-02  -1.515759801987012E-01  -9.879549920035195E-01
  IndRef=  1d0
    zElt=  0d0
 PropType= 1
  nECoord= 6
    TElt=  -1.69789930020184E-03  9.995136122814124E-01  -3.113929996208104E-02  0.0E+00  0.0E+00  0.0E+00
            9.884409245377341E-01  -3.043176924271789E-03  -1.515759801987012E-01  0.0E+00  0.0E+00  0.0E+00
            -1.515970179025822E-01  -3.1036719194684E-02  -9.879549920035195E-01  0.0E+00  0.0E+00  0.0E+00
            0.0E+00  0.0E+00  0.0E+00  -1.69789930020184E-03  9.995136122814124E-01  -3.113929996208104E-02
            0.0E+00  0.0E+00  0.0E+00  9.884409245377341E-01  -3.043176924271789E-03  -1.515759801987012E-01
            0.0E+00  0.0E+00  0.0E+00  -1.515970179025822E-01  -3.1036719194684E-02  -9.879549920035195E-01
           ApType=  Polygonal
             xObs=  -9.9522739998E-01  -0.0000000000E+00  -9.7582899759E-02
        PolyApVec=  6
  6.0000000000E-01  2.4084940522E+00  -2.8585172313E-01
  1.2000000000E+00  2.7532229950E+00  -3.1993919836E-01
  1.8000000000E+00  2.4084940522E+00  -2.8585172313E-01
  1.8000000000E+00  1.7190361665E+00  -2.1767677266E-01
  1.2000000000E+00  1.3743072236E+00  -1.8358929742E-01
  6.0000000000E-01  1.7190361665E+00  -2.1767677266E-01

    iElt=  11
 EltName=  Seg11
          nMetPos=  6
  2.346814807196685E+00  1.410594650781231E+00  -1.871774695193206E-01
  2.404999990772192E+00  1.310315379740415E+00  -1.772616581574155E-01
  2.404999996110010E+00  9.768937040347057E-01  -1.442922677145749E-01
  2.404999997849386E+00  8.682452546025835E-01  -1.335488955485176E-01
  1.962104926213638E+00  1.631629041233717E+00  -2.090337843635762E-01
  2.056656643040249E+00  1.577304517409160E+00  -2.036620687041119E-01
          tMetElt=  20  6
  0  1  0  0  0  0
  0  0  0  0  1  0
  1  0  0  0  0  0
  0  0  0  1  0  0
  0  0  1  0  0  0
  0  0  0  0  0  1
 Element=  Segment
 Surface=  FreeForm
    fElt=  3.84E+01
    eElt=  0.0E+00
   KrElt=  -3.84E+01
   KcElt=  -0.0E+00
  psiElt=  -0.0E+00  -9.758289975914947E-02  -9.952273999818312E-01
  VptElt=  0.0E+00  0.0E+00  0.0E+00
  RptElt=  1.8E+00  1.028694447913837E+00  -1.582817537569952E-01
 FFZernType=  BornWolf
nFFZernCoef=   15
FFZernModes=    3    4    5    9   10   11
  12   13   19   20   21   22
  23   24   25
 FFZernCoef=  2.194530644557005E-03  1.844991463749379E-04  -1.306221092687606E-04  -3.30191323285365E-04  5.932762204496642E-05  2.083374039517029E-06
              1.751961163569184E-07  -5.471437816354341E-05  1.195364461708694E-07  8.707846039994075E-09  -5.64106012814184E-08  1.407108284102034E-09
              -2.233813085482016E-09  -4.528467147741682E-09  -6.995068316708596E-08
     lFF=  3.468810688698434E+00
MonZernType=  ANSI
nMonZernCoef=    1
MonZernModes=    1
 MonZernCoef=  0d0
    lMon=  6.928203288557364E-01
     pFF=  0.0E+00  0.0E+00  0.0E+00
     xFF=  -1.0E+00  0.0E+00  0.0E+00
     yFF=  0.0E+00  9.952273999818312E-01  -9.758289975914947E-02
     zFF=  -0.0E+00  -9.758289975914947E-02  -9.952273999818312E-01
    pMon=  1.8E+00  1.028694447913837E+00  -1.582817537569952E-01
    xMon=  8.647596499521982E-01  4.915448230229256E-01  -1.028320707460107E-01
    yMon=  4.999999192265358E-01  -8.618366042595076E-01  8.507495713721286E-02
    zMon=  -4.680628791102104E-02  -1.249854172205772E-01  -9.910538920231275E-01
  IndRef=  1d0
    zElt=  0d0
 PropType= 1
  nECoord= 6
    TElt=  8.647596499521982E-01  4.999999192265358E-01  -4.680628791102104E-02  0.0E+00  0.0E+00  0.0E+00
            4.915448230229256E-01  -8.618366042595076E-01  -1.249854172205772E-01  0.0E+00  0.0E+00  0.0E+00
            -1.028320707460107E-01  8.507495713721286E-02  -9.910538920231275E-01  0.0E+00  0.0E+00  0.0E+00
            0.0E+00  0.0E+00  0.0E+00  8.647596499521982E-01  4.999999192265358E-01  -4.680628791102104E-02
            0.0E+00  0.0E+00  0.0E+00  4.915448230229256E-01  -8.618366042595076E-01  -1.249854172205772E-01
            0.0E+00  0.0E+00  0.0E+00  -1.028320707460107E-01  8.507495713721286E-02  -9.910538920231275E-01
           ApType=  Polygonal
             xObs=  -9.9522739998E-01  -0.0000000000E+00  -9.7582899759E-02
        PolyApVec=  6
  1.2000000000E+00  1.3742917192E+00  -1.8358776432E-01
  1.8000000000E+00  1.7190206621E+00  -2.1767523955E-01
  2.4000000000E+00  1.3742917192E+00  -1.8358776432E-01
  2.4000000000E+00  6.8483383356E-01  -1.1541281385E-01
  1.8000000000E+00  3.4010489071E-01  -8.1325338610E-02
  1.2000000000E+00  6.8483383356E-01  -1.1541281385E-01

    iElt=  12
 EltName=  Seg12
          nMetPos=  6
  2.945728933909878E+00  3.770468370673306E-01  -8.497823085388304E-02
  3.004999990741561E+00  2.773934547426893E-01  -7.512430859805858E-02
  3.004999996082843E+00  -5.624456567056635E-02  -4.213352556543432E-02
  3.004999997821171E+00  -1.648275726513211E-01  -3.139662447755791E-02
  2.561147751685567E+00  5.980072838726794E-01  -1.068272340050159E-01
  2.655757030581439E+00  5.436496878617270E-01  -1.014522481027764E-01
          tMetElt=  20  6
  0  1  0  0  0  0
  0  0  0  0  1  0
  1  0  0  0  0  0
  0  0  0  1  0  0
  0  0  1  0  0  0
  0  0  0  0  0  1
 Element=  Segment
 Surface=  FreeForm
    fElt=  3.84E+01
    eElt=  0.0E+00
   KrElt=  -3.84E+01
   KcElt=  -0.0E+00
  psiElt=  -0.0E+00  -9.758289975914947E-02  -9.952273999818312E-01
  VptElt=  0.0E+00  0.0E+00  0.0E+00
  RptElt=  2.4E+00  -7.3377326524664E-03  -7.483598670976477E-02
 FFZernType=  BornWolf
nFFZernCoef=   15
FFZernModes=    3    4    5    9   10   11
  12   13   19   20   21   22
  23   24   25
 FFZernCoef=  2.194530644557005E-03  1.844991463749379E-04  -1.306221092687606E-04  -3.30191323285365E-04  5.932762204496642E-05  2.083374039517029E-06
              1.751961163569184E-07  -5.471437816354341E-05  1.195364461708694E-07  8.707846039994075E-09  -5.64106012814184E-08  1.407108284102034E-09
              -2.233813085482016E-09  -4.528467147741682E-09  -6.995068316708596E-08
     lFF=  3.468810688698434E+00
MonZernType=  ANSI
nMonZernCoef=    1
MonZernModes=    1
 MonZernCoef=  0d0
    lMon=  6.928203288557364E-01
     pFF=  0.0E+00  0.0E+00  0.0E+00
     xFF=  -1.0E+00  0.0E+00  0.0E+00
     yFF=  0.0E+00  9.952273999818312E-01  -9.758289975914947E-02
     zFF=  -0.0E+00  -9.758289975914947E-02  -9.952273999818312E-01
    pMon=  2.4E+00  -7.3377326524664E-03  -7.483598670976477E-02
    xMon=  8.639050261083814E-01  4.930028653491055E-01  -1.030353367648624E-01
    yMon=  4.99764795886217E-01  -8.644795517991474E-01  5.394676370231134E-02
    zMon=  -6.247603266441183E-02  -9.809831435206705E-02  -9.932137061397202E-01
  IndRef=  1d0
    zElt=  0d0
 PropType= 1
  nECoord= 6
    TElt=  8.639050261083814E-01  4.99764795886217E-01  -6.247603266441183E-02  0.0E+00  0.0E+00  0.0E+00
            4.930028653491055E-01  -8.644795517991474E-01  -9.809831435206705E-02  0.0E+00  0.0E+00  0.0E+00
            -1.030353367648624E-01  5.394676370231134E-02  -9.932137061397202E-01  0.0E+00  0.0E+00  0.0E+00
            0.0E+00  0.0E+00  0.0E+00  8.639050261083814E-01  4.99764795886217E-01  -6.247603266441183E-02
            0.0E+00  0.0E+00  0.0E+00  4.930028653491055E-01  -8.644795517991474E-01  -9.809831435206705E-02
            0.0E+00  0.0E+00  0.0E+00  -1.030353367648624E-01  5.394676370231134E-02  -9.932137061397202E-01
           ApType=  Polygonal
             xObs=  -9.9522739998E-01  -0.0000000000E+00  -9.7582899759E-02
        PolyApVec=  6
  1.8000000000E+00  3.4012001893E-01  -8.1326834518E-02
  2.4000000000E+00  6.8484896177E-01  -1.1541430975E-01
  3.0000000000E+00  3.4012001893E-01  -8.1326834518E-02
  3.0000000000E+00  -3.4933786675E-01  -1.3151884048E-02
  2.4000000000E+00  -6.9406680959E-01  2.0935591187E-02
  1.8000000000E+00  -3.4933786675E-01  -1.3151884048E-02

    iElt=  13
 EltName=  Seg13
          nMetPos=  6
  2.404999999759307E+00  -1.319556971550354E+00  8.278528744388412E-02
  2.346820976122496E+00  -1.419839783639167E+00  9.270144895157303E-02
  2.056661744795318E+00  -1.586550258756979E+00  1.091861083050396E-01
  1.962110351731747E+00  -1.640874595048403E+00  1.145578054208594E-01
  2.404999992682127E+00  -8.774876907519853E-01  3.907260832493140E-02
  2.404999994421509E+00  -9.861365120107894E-01  4.981601725794152E-02
          tMetElt=  20  6
  0  0  1  0  0  0
  0  0  0  0  0  1
  0  1  0  0  0  0
  0  0  0  0  1  0
  0  0  0  1  0  0
  1  0  0  0  0  0
 Element=  Segment
 Surface=  FreeForm
    fElt=  3.84E+01
    eElt=  0.0E+00
   KrElt=  -3.84E+01
   KcElt=  -0.0E+00
  psiElt=  -0.0E+00  -9.758289975914947E-02  -9.952273999818312E-01
  VptElt=  0.0E+00  0.0E+00  0.0E+00
  RptElt=  1.8E+00  -1.039698253040509E+00  4.605626759953907E-02
 FFZernType=  BornWolf
nFFZernCoef=   15
FFZernModes=    3    4    5    9   10   11
  12   13   19   20   21   22
  23   24   25
 FFZernCoef=  2.194530644557005E-03  1.844991463749379E-04  -1.306221092687606E-04  -3.30191323285365E-04  5.932762204496642E-05  2.083374039517029E-06
              1.751961163569184E-07  -5.471437816354341E-05  1.195364461708694E-07  8.707846039994075E-09  -5.64106012814184E-08  1.407108284102034E-09
              -2.233813085482016E-09  -4.528467147741682E-09  -6.995068316708596E-08
     lFF=  3.468810688698434E+00
MonZernType=  ANSI
nMonZernCoef=    1
MonZernModes=    1
 MonZernCoef=  0d0
    lMon=  6.928203288557364E-01
     pFF=  0.0E+00  0.0E+00  0.0E+00
     xFF=  -1.0E+00  0.0E+00  0.0E+00
     yFF=  0.0E+00  9.952273999818312E-01  -9.758289975914947E-02
     zFF=  -0.0E+00  -9.758289975914947E-02  -9.952273999818312E-01
    pMon=  1.8E+00  -1.039698253040509E+00  4.605626759953907E-02
    xMon=  8.647517020233469E-01  -5.021762885654797E-01  -4.844486590440408E-03
    yMon=  -4.999998845549783E-01  -8.618257000512861E-01  8.518555145163254E-02
    zMon=  -4.695326711457991E-02  -7.124210786964828E-02  -9.963533272757995E-01
  IndRef=  1d0
    zElt=  0d0
 PropType= 1
  nECoord= 6
    TElt=  8.647517020233469E-01  -4.999998845549783E-01  -4.695326711457991E-02  0.0E+00  0.0E+00  0.0E+00
            -5.021762885654797E-01  -8.618257000512861E-01  -7.124210786964828E-02  0.0E+00  0.0E+00  0.0E+00
            -4.844486590440408E-03  8.518555145163254E-02  -9.963533272757995E-01  0.0E+00  0.0E+00  0.0E+00
            0.0E+00  0.0E+00  0.0E+00  8.647517020233469E-01  -4.999998845549783E-01  -4.695326711457991E-02
            0.0E+00  0.0E+00  0.0E+00  -5.021762885654797E-01  -8.618257000512861E-01  -7.124210786964828E-02
            0.0E+00  0.0E+00  0.0E+00  -4.844486590440408E-03  8.518555145163254E-02  -9.963533272757995E-01
           ApType=  Polygonal
             xObs=  -9.9522739998E-01  -0.0000000000E+00  -9.7582899759E-02
        PolyApVec=  6
  1.2000000000E+00  -6.9408250208E-01  2.0937142891E-02
  1.8000000000E+00  -3.4935355924E-01  -1.3150332344E-02
  2.4000000000E+00  -6.9408250208E-01  2.0937142891E-02
  2.4000000000E+00  -1.3835403878E+00  8.9112093361E-02
  1.8000000000E+00  -1.7282693306E+00  1.2319956860E-01
  1.2000000000E+00  -1.3835403878E+00  8.9112093361E-02

    iElt=  14
 EltName=  Seg14
          nMetPos=  6
  1.804999999752258E+00  -2.352487539604558E+00  1.849234916456486E-01
  1.747902808522726E+00  -2.453389948934459E+00  1.949009201459992E-01
  1.457556314748956E+00  -2.620208015361015E+00  2.113962183394835E-01
  1.363061574251732E+00  -2.674499802020264E+00  2.167646968837161E-01
  1.804999992677434E+00  -1.910565379122087E+00  1.412253600726124E-01
  1.804999994417868E+00  -2.019279989475561E+00  1.519752743605742E-01
          tMetElt=  20  6
  0  0  1  0  0  0
  0  0  0  0  0  1
  0  1  0  0  0  0
  0  0  0  0  1  0
  0  0  0  1  0  0
  1  0  0  0  0  0
 Element=  Segment
 Surface=  FreeForm
    fElt=  3.84E+01
    eElt=  0.0E+00
   KrElt=  -3.84E+01
   KcElt=  -0.0E+00
  psiElt=  -0.0E+00  -9.758289975914947E-02  -9.952273999818312E-01
  VptElt=  0.0E+00  0.0E+00  0.0E+00
  RptElt=  1.2E+00  -2.075726872568404E+00  1.295383529259553E-01
 FFZernType=  BornWolf
nFFZernCoef=   15
FFZernModes=    3    4    5    9   10   11
  12   13   19   20   21   22
  23   24   25
 FFZernCoef=  2.194530644557005E-03  1.844991463749379E-04  -1.306221092687606E-04  -3.30191323285365E-04  5.932762204496642E-05  2.083374039517029E-06
              1.751961163569184E-07  -5.471437816354341E-05  1.195364461708694E-07  8.707846039994075E-09  -5.64106012814184E-08  1.407108284102034E-09
              -2.233813085482016E-09  -4.528467147741682E-09  -6.995068316708596E-08
     lFF=  3.468810688698434E+00
MonZernType=  ANSI
nMonZernCoef=    1
MonZernModes=    1
 MonZernCoef=  0d0
    lMon=  6.928203288557364E-01
     pFF=  0.0E+00  0.0E+00  0.0E+00
     xFF=  -1.0E+00  0.0E+00  0.0E+00
     yFF=  0.0E+00  9.952273999818312E-01  -9.758289975914947E-02
     zFF=  -0.0E+00  -9.758289975914947E-02  -9.952273999818312E-01
    pMon=  1.2E+00  -2.075726872568404E+00  1.295383529259553E-01
    xMon=  8.655946321131568E-01  -5.007201223904441E-01  -5.029104312649754E-03
    yMon=  -4.997640208535004E-01  -8.644831414247565E-01  5.389639740025619E-02
    zMon=  -3.133458659741254E-02  -4.413906688731774E-02  -9.985338684576933E-01
  IndRef=  1d0
    zElt=  0d0
 PropType= 1
  nECoord= 6
    TElt=  8.655946321131568E-01  -4.997640208535004E-01  -3.133458659741254E-02  0.0E+00  0.0E+00  0.0E+00
            -5.007201223904441E-01  -8.644831414247565E-01  -4.413906688731774E-02  0.0E+00  0.0E+00  0.0E+00
            -5.029104312649754E-03  5.389639740025619E-02  -9.985338684576933E-01  0.0E+00  0.0E+00  0.0E+00
            0.0E+00  0.0E+00  0.0E+00  8.655946321131568E-01  -4.997640208535004E-01  -3.133458659741254E-02
            0.0E+00  0.0E+00  0.0E+00  -5.007201223904441E-01  -8.644831414247565E-01  -4.413906688731774E-02
            0.0E+00  0.0E+00  0.0E+00  -5.029104312649754E-03  5.389639740025619E-02  -9.985338684576933E-01
           ApType=  Polygonal
             xObs=  -9.9522739998E-01  -0.0000000000E+00  -9.7582899759E-02
        PolyApVec=  6
  6.0000000000E-01  -1.7282542323E+00  1.2319807564E-01
  1.2000000000E+00  -1.3835252894E+00  8.9110600409E-02
  1.8000000000E+00  -1.7282542323E+00  1.2319807564E-01
  1.8000000000E+00  -2.4177121180E+00  1.9137302611E-01
  1.2000000000E+00  -2.7624410608E+00  2.2546050135E-01
  6.0000000000E-01  -2.4177121180E+00  1.9137302611E-01

    iElt=  15
 EltName=  Seg15
          nMetPos=  6
  5.818026176250291E-02  -2.734774605342517E+00  2.227247878717741E-01
  -5.818026169172374E-02  -2.734774604537427E+00  2.227247877921653E-01
  -3.483392768691833E-01  -2.568064248956856E+00  2.062401402587759E-01
  -4.428907334808042E-01  -2.513739874638367E+00  2.008684393827653E-01
  4.428907379482958E-01  -2.513739879084178E+00  2.008684398223758E-01
  3.483392796234934E-01  -2.568064252871328E+00  2.062401406458466E-01
          tMetElt=  20  6
  0  0  0  1  0  0
  1  0  0  0  0  0
  0  0  1  0  0  0
  0  0  0  0  0  1
  0  0  0  0  1  0
  0  1  0  0  0  0
 Element=  Segment
 Surface=  FreeForm
    fElt=  3.84E+01
    eElt=  0.0E+00
   KrElt=  -3.84E+01
   KcElt=  -0.0E+00
  psiElt=  -0.0E+00  -9.758289975914947E-02  -9.952273999818312E-01
  VptElt=  0.0E+00  0.0E+00  0.0E+00
  RptElt=  -2.220446049250313E-16  -2.073888696871228E+00  1.482855189184065E-01
 FFZernType=  BornWolf
nFFZernCoef=   15
FFZernModes=    3    4    5    9   10   11
  12   13   19   20   21   22
  23   24   25
 FFZernCoef=  2.194530644557005E-03  1.844991463749379E-04  -1.306221092687606E-04  -3.30191323285365E-04  5.932762204496642E-05  2.083374039517029E-06
              1.751961163569184E-07  -5.471437816354341E-05  1.195364461708694E-07  8.707846039994075E-09  -5.64106012814184E-08  1.407108284102034E-09
              -2.233813085482016E-09  -4.528467147741682E-09  -6.995068316708596E-08
     lFF=  3.468810688698434E+00
MonZernType=  ANSI
nMonZernCoef=    1
MonZernModes=    1
 MonZernCoef=  0d0
    lMon=  6.928203288557364E-01
     pFF=  0.0E+00  0.0E+00  0.0E+00
     xFF=  -1.0E+00  0.0E+00  0.0E+00
     yFF=  0.0E+00  9.952273999818312E-01  -9.758289975914947E-02
     zFF=  -0.0E+00  -9.758289975914947E-02  -9.952273999818312E-01
    pMon=  -2.220446049250313E-16  -2.073888696871228E+00  1.482855189184065E-01
    xMon=  3.098764383819106E-19  -9.990232531140826E-01  4.418755183709293E-02
    yMon=  -1.0E+00  -5.650928701618769E-19  -5.763262921142538E-18
    zMon=  5.782603742524637E-18  -4.418755183709293E-02  -9.990232531140826E-01
  IndRef=  1d0
    zElt=  0d0
 PropType= 1
  nECoord= 6
    TElt=  3.098764383819106E-19  -1.0E+00  5.782603742524637E-18  0.0E+00  0.0E+00  0.0E+00
            -9.990232531140826E-01  -5.650928701618769E-19  -4.418755183709293E-02  0.0E+00  0.0E+00  0.0E+00
            4.418755183709293E-02  -5.763262921142538E-18  -9.990232531140826E-01  0.0E+00  0.0E+00  0.0E+00
            0.0E+00  0.0E+00  0.0E+00  3.098764383819106E-19  -1.0E+00  5.782603742524637E-18
            0.0E+00  0.0E+00  0.0E+00  -9.990232531140826E-01  -5.650928701618769E-19  -4.418755183709293E-02
            0.0E+00  0.0E+00  0.0E+00  4.418755183709293E-02  -5.763262921142538E-18  -9.990232531140826E-01
           ApType=  Polygonal
             xObs=  -9.9522739998E-01  -0.0000000000E+00  -9.7582899759E-02
        PolyApVec=  6
  -6.0000000000E-01  -1.7282696623E+00  1.2319960140E-01
  -3.3306690739E-16  -1.3835407195E+00  8.9112126162E-02
  6.0000000000E-01  -1.7282696623E+00  1.2319960140E-01
  6.0000000000E-01  -2.4177275480E+00  1.9137455187E-01
  0.0000000000E+00  -2.7624564908E+00  2.2546202710E-01
  -6.0000000000E-01  -2.4177275480E+00  1.9137455187E-01

    iElt=  16
 EltName=  Seg16
          nMetPos=  6
  -1.140747899903941E+00  -2.734143352491034E+00  2.226623683494540E-01
  -1.257106741045630E+00  -2.735375963900589E+00  2.227842513876216E-01
  -1.547451571627126E+00  -2.568558848404044E+00  2.062890472239653E-01
  -1.641946807538256E+00  -2.514266775590867E+00  2.009205403842700E-01
  -7.561644850400018E-01  -2.513181629091291E+00  2.008132389661590E-01
  -8.507727538684231E-01  -2.567538643253199E+00  2.061881673340218E-01
          tMetElt=  20  6
  0  0  0  1  0  0
  1  0  0  0  0  0
  0  0  1  0  0  0
  0  0  0  0  0  1
  0  0  0  0  1  0
  0  1  0  0  0  0
 Element=  Segment
 Surface=  FreeForm
    fElt=  3.84E+01
    eElt=  0.0E+00
   KrElt=  -3.84E+01
   KcElt=  -0.0E+00
  psiElt=  -0.0E+00  -9.758289975914947E-02  -9.952273999818312E-01
  VptElt=  0.0E+00  0.0E+00  0.0E+00
  RptElt=  -1.2E+00  -2.075726872568404E+00  1.295383529259553E-01
 FFZernType=  BornWolf
nFFZernCoef=   15
FFZernModes=    3    4    5    9   10   11
  12   13   19   20   21   22
  23   24   25
 FFZernCoef=  2.194530644557005E-03  1.844991463749379E-04  -1.306221092687606E-04  -3.30191323285365E-04  5.932762204496642E-05  2.083374039517029E-06
              1.751961163569184E-07  -5.471437816354341E-05  1.195364461708694E-07  8.707846039994075E-09  -5.64106012814184E-08  1.407108284102034E-09
              -2.233813085482016E-09  -4.528467147741682E-09  -6.995068316708596E-08
     lFF=  3.468810688698434E+00
MonZernType=  ANSI
nMonZernCoef=    1
MonZernModes=    1
 MonZernCoef=  0d0
    lMon=  6.928203288557364E-01
     pFF=  0.0E+00  0.0E+00  0.0E+00
     xFF=  -1.0E+00  0.0E+00  0.0E+00
     yFF=  0.0E+00  9.952273999818312E-01  -9.758289975914947E-02
     zFF=  -0.0E+00  -9.758289975914947E-02  -9.952273999818312E-01
    pMon=  -1.2E+00  -2.075726872568404E+00  1.295383529259553E-01
    xMon=  1.679164117998237E-03  -9.990207036265336E-01  4.421328005713408E-02
    yMon=  -9.995075407872789E-01  -3.062107095226051E-03  -3.122978401307453E-02
    zMon=  3.133458659741255E-02  -4.413906688731774E-02  -9.985338684576933E-01
  IndRef=  1d0
    zElt=  0d0
 PropType= 1
  nECoord= 6
    TElt=  1.679164117998237E-03  -9.995075407872789E-01  3.133458659741255E-02  0.0E+00  0.0E+00  0.0E+00
            -9.990207036265336E-01  -3.062107095226051E-03  -4.413906688731774E-02  0.0E+00  0.0E+00  0.0E+00
            4.421328005713408E-02  -3.122978401307453E-02  -9.985338684576933E-01  0.0E+00  0.0E+00  0.0E+00
            0.0E+00  0.0E+00  0.0E+00  1.679164117998237E-03  -9.995075407872789E-01  3.133458659741255E-02
            0.0E+00  0.0E+00  0.0E+00  -9.990207036265336E-01  -3.062107095226051E-03  -4.413906688731774E-02
            0.0E+00  0.0E+00  0.0E+00  4.421328005713408E-02  -3.122978401307453E-02  -9.985338684576933E-01
           ApType=  Polygonal
             xObs=  -9.9522739998E-01  -0.0000000000E+00  -9.7582899759E-02
        PolyApVec=  6
  -1.8000000000E+00  -1.7282542323E+00  1.2319807564E-01
  -1.2000000000E+00  -1.3835252894E+00  8.9110600409E-02
  -6.0000000000E-01  -1.7282542323E+00  1.2319807564E-01
  -6.0000000000E-01  -2.4177121180E+00  1.9137302611E-01
  -1.2000000000E+00  -2.7624410608E+00  2.2546050135E-01
  -1.8000000000E+00  -2.4177121180E+00  1.9137302611E-01

    iElt=  17
 EltName=  Seg17
          nMetPos=  6
  -2.346820969288688E+00  -1.419839778877326E+00  9.270144848071282E-02
  -2.404999990753214E+00  -1.319556967371146E+00  8.278528703063584E-02
  -2.404999996091012E+00  -9.861365118654325E-01  4.981601724356838E-02
  -2.404999997830393E+00  -8.774876893791959E-01  3.907260818918731E-02
  -1.962110351143809E+00  -1.640874592864854E+00  1.145578052049458E-01
  -2.056661743304904E+00  -1.586550255576303E+00  1.091861079905281E-01
          tMetElt=  20  6
  0  0  0  0  1  0
  0  1  0  0  0  0
  0  0  0  1  0  0
  1  0  0  0  0  0
  0  0  0  0  0  1
  0  0  1  0  0  0
 Element=  Segment
 Surface=  FreeForm
    fElt=  3.84E+01
    eElt=  0.0E+00
   KrElt=  -3.84E+01
   KcElt=  -0.0E+00
  psiElt=  -0.0E+00  -9.758289975914947E-02  -9.952273999818312E-01
  VptElt=  0.0E+00  0.0E+00  0.0E+00
  RptElt=  -1.8E+00  -1.039698253040509E+00  4.605626759953907E-02
 FFZernType=  BornWolf
nFFZernCoef=   15
FFZernModes=    3    4    5    9   10   11
  12   13   19   20   21   22
  23   24   25
 FFZernCoef=  2.194530644557005E-03  1.844991463749379E-04  -1.306221092687606E-04  -3.30191323285365E-04  5.932762204496642E-05  2.083374039517029E-06
              1.751961163569184E-07  -5.471437816354341E-05  1.195364461708694E-07  8.707846039994075E-09  -5.64106012814184E-08  1.407108284102034E-09
              -2.233813085482016E-09  -4.528467147741682E-09  -6.995068316708596E-08
     lFF=  3.468810688698434E+00
MonZernType=  ANSI
nMonZernCoef=    1
MonZernModes=    1
 MonZernCoef=  0d0
    lMon=  6.928203288557364E-01
     pFF=  0.0E+00  0.0E+00  0.0E+00
     xFF=  -1.0E+00  0.0E+00  0.0E+00
     yFF=  0.0E+00  9.952273999818312E-01  -9.758289975914947E-02
     zFF=  -0.0E+00  -9.758289975914947E-02  -9.952273999818312E-01
    pMon=  -1.8E+00  -1.039698253040509E+00  4.605626759953907E-02
    xMon=  -8.647517020233469E-01  -5.021762885654797E-01  -4.844486590440422E-03
    yMon=  -4.999998845549783E-01  8.618257000512861E-01  -8.518555145163254E-02
    zMon=  4.695326711457993E-02  -7.124210786964828E-02  -9.963533272757995E-01
  IndRef=  1d0
    zElt=  0d0
 PropType= 1
  nECoord= 6
    TElt=  -8.647517020233469E-01  -4.999998845549783E-01  4.695326711457993E-02  0.0E+00  0.0E+00  0.0E+00
            -5.021762885654797E-01  8.618257000512861E-01  -7.124210786964828E-02  0.0E+00  0.0E+00  0.0E+00
            -4.844486590440422E-03  -8.518555145163254E-02  -9.963533272757995E-01  0.0E+00  0.0E+00  0.0E+00
            0.0E+00  0.0E+00  0.0E+00  -8.647517020233469E-01  -4.999998845549783E-01  4.695326711457993E-02
            0.0E+00  0.0E+00  0.0E+00  -5.021762885654797E-01  8.618257000512861E-01  -7.124210786964828E-02
            0.0E+00  0.0E+00  0.0E+00  -4.844486590440422E-03  -8.518555145163254E-02  -9.963533272757995E-01
           ApType=  Polygonal
             xObs=  -9.9522739998E-01  -0.0000000000E+00  -9.7582899759E-02
        PolyApVec=  6
  -2.4000000000E+00  -6.9408250208E-01  2.0937142891E-02
  -1.8000000000E+00  -3.4935355924E-01  -1.3150332344E-02
  -1.2000000000E+00  -6.9408250208E-01  2.0937142891E-02
  -1.2000000000E+00  -1.3835403878E+00  8.9112093361E-02
  -1.8000000000E+00  -1.7282693306E+00  1.2319956860E-01
  -2.4000000000E+00  -1.3835403878E+00  8.9112093361E-02

    iElt=  18
 EltName=  Seg18
          nMetPos=  6
  -2.945749832466411E+00  -3.862526776584465E-01  -9.501675010414101E-03
  -3.004999990742074E+00  -2.865872120608592E-01  -1.935679208401020E-02
  -3.004999996083288E+00  4.704661969149360E-02  -5.234716093361398E-02
  -3.004999997821637E+00  1.556308805866797E-01  -6.308418601101319E-02
  -2.561166195933037E+00  -6.072145345827828E-01  1.234746757605509E-02
  -2.655774360411305E+00  -5.528575788585186E-01  6.972544986621337E-03
          tMetElt=  20  6
  0  0  0  0  1  0
  0  1  0  0  0  0
  0  0  0  1  0  0
  1  0  0  0  0  0
  0  0  0  0  0  1
  0  0  1  0  0  0
 Element=  Segment
 Surface=  FreeForm
    fElt=  3.84E+01
    eElt=  0.0E+00
   KrElt=  -3.84E+01
   KcElt=  -0.0E+00
  psiElt=  -0.0E+00  -9.758289975914947E-02  -9.952273999818312E-01
  VptElt=  0.0E+00  0.0E+00  0.0E+00
  RptElt=  -2.4E+00  -7.337732652466622E-03  -7.483598670976477E-02
 FFZernType=  BornWolf
nFFZernCoef=   15
FFZernModes=    3    4    5    9   10   11
  12   13   19   20   21   22
  23   24   25
 FFZernCoef=  2.194530644557005E-03  1.844991463749379E-04  -1.306221092687606E-04  -3.30191323285365E-04  5.932762204496642E-05  2.083374039517029E-06
              1.751961163569184E-07  -5.471437816354341E-05  1.195364461708694E-07  8.707846039994075E-09  -5.64106012814184E-08  1.407108284102034E-09
              -2.233813085482016E-09  -4.528467147741682E-09  -6.995068316708596E-08
     lFF=  3.468810688698434E+00
MonZernType=  ANSI
nMonZernCoef=    1
MonZernModes=    1
 MonZernCoef=  0d0
    lMon=  6.928203288557364E-01
     pFF=  0.0E+00  0.0E+00  0.0E+00
     xFF=  -1.0E+00  0.0E+00  0.0E+00
     yFF=  0.0E+00  9.952273999818312E-01  -9.758289975914947E-02
     zFF=  -0.0E+00  -9.758289975914947E-02  -9.952273999818312E-01
    pMon=  -2.4E+00  -7.337732652466622E-03  -7.483598670976477E-02
    xMon=  -8.639161559537604E-01  -5.036146357706442E-01  -4.601534491819542E-03
    yMon=  -4.997455560828863E-01  8.583408526680321E-01  -1.16212563075264E-01
    zMon=  6.247603266441184E-02  -9.809831435206705E-02  -9.932137061397202E-01
  IndRef=  1d0
    zElt=  0d0
 PropType= 1
  nECoord= 6
    TElt=  -8.639161559537604E-01  -4.997455560828863E-01  6.247603266441184E-02  0.0E+00  0.0E+00  0.0E+00
            -5.036146357706442E-01  8.583408526680321E-01  -9.809831435206705E-02  0.0E+00  0.0E+00  0.0E+00
            -4.601534491819542E-03  -1.16212563075264E-01  -9.932137061397202E-01  0.0E+00  0.0E+00  0.0E+00
            0.0E+00  0.0E+00  0.0E+00  -8.639161559537604E-01  -4.997455560828863E-01  6.247603266441184E-02
            0.0E+00  0.0E+00  0.0E+00  -5.036146357706442E-01  8.583408526680321E-01  -9.809831435206705E-02
            0.0E+00  0.0E+00  0.0E+00  -4.601534491819542E-03  -1.16212563075264E-01  -9.932137061397202E-01
           ApType=  Polygonal
             xObs=  -9.9522739998E-01  -0.0000000000E+00  -9.7582899759E-02
        PolyApVec=  6
  -3.0000000000E+00  3.4012001893E-01  -8.1326834518E-02
  -2.4000000000E+00  6.8484896177E-01  -1.1541430975E-01
  -1.8000000000E+00  3.4012001893E-01  -8.1326834518E-02
  -1.8000000000E+00  -3.4933786675E-01  -1.3151884048E-02
  -2.4000000000E+00  -6.9406680959E-01  2.0935591187E-02
  -3.0000000000E+00  -3.4933786675E-01  -1.3151884048E-02

    iElt=  19
 EltName=  Seg19
          nMetPos=  6
  -2.404999999740328E+00  1.310315383902113E+00  -1.772616585689324E-01
  -2.346814814013081E+00  1.410594655531038E+00  -1.871774699889908E-01
  -2.056656644522504E+00  1.577304520572502E+00  -2.036620690169093E-01
  -1.962104926796420E+00  1.631629043398201E+00  -2.090337845776047E-01
  -2.404999992663134E+00  8.682452559854488E-01  -1.335488956852581E-01
  -2.404999994402510E+00  9.768937041833550E-01  -1.442922677292736E-01
          tMetElt=  20  6
  0  0  0  0  0  1
  0  0  1  0  0  0
  0  0  0  0  1  0
  0  1  0  0  0  0
  1  0  0  0  0  0
  0  0  0  1  0  0
 Element=  Segment
 Surface=  FreeForm
    fElt=  3.84E+01
    eElt=  0.0E+00
   KrElt=  -3.84E+01
   KcElt=  -0.0E+00
  psiElt=  -0.0E+00  -9.758289975914947E-02  -9.952273999818312E-01
  VptElt=  0.0E+00  0.0E+00  0.0E+00
  RptElt=  -1.8E+00  1.028694447913837E+00  -1.582817537569952E-01
 FFZernType=  BornWolf
nFFZernCoef=   15
FFZernModes=    3    4    5    9   10   11
  12   13   19   20   21   22
  23   24   25
 FFZernCoef=  2.194530644557005E-03  1.844991463749379E-04  -1.306221092687606E-04  -3.30191323285365E-04  5.932762204496642E-05  2.083374039517029E-06
              1.751961163569184E-07  -5.471437816354341E-05  1.195364461708694E-07  8.707846039994075E-09  -5.64106012814184E-08  1.407108284102034E-09
              -2.233813085482016E-09  -4.528467147741682E-09  -6.995068316708596E-08
     lFF=  3.468810688698434E+00
MonZernType=  ANSI
nMonZernCoef=    1
MonZernModes=    1
 MonZernCoef=  0d0
    lMon=  6.928203288557364E-01
     pFF=  0.0E+00  0.0E+00  0.0E+00
     xFF=  -1.0E+00  0.0E+00  0.0E+00
     yFF=  0.0E+00  9.952273999818312E-01  -9.758289975914947E-02
     zFF=  -0.0E+00  -9.758289975914947E-02  -9.952273999818312E-01
    pMon=  -1.8E+00  1.028694447913837E+00  -1.582817537569952E-01
    xMon=  -8.647596499521982E-01  4.915448230229256E-01  -1.028320707460107E-01
    yMon=  4.999999192265358E-01  8.618366042595076E-01  -8.507495713721284E-02
    zMon=  4.680628791102105E-02  -1.249854172205772E-01  -9.910538920231275E-01
  IndRef=  1d0
    zElt=  0d0
 PropType= 1
  nECoord= 6
    TElt=  -8.647596499521982E-01  4.999999192265358E-01  4.680628791102105E-02  0.0E+00  0.0E+00  0.0E+00
            4.915448230229256E-01  8.618366042595076E-01  -1.249854172205772E-01  0.0E+00  0.0E+00  0.0E+00
            -1.028320707460107E-01  -8.507495713721284E-02  -9.910538920231275E-01  0.0E+00  0.0E+00  0.0E+00
            0.0E+00  0.0E+00  0.0E+00  -8.647596499521982E-01  4.999999192265358E-01  4.680628791102105E-02
            0.0E+00  0.0E+00  0.0E+00  4.915448230229256E-01  8.618366042595076E-01  -1.249854172205772E-01
            0.0E+00  0.0E+00  0.0E+00  -1.028320707460107E-01  -8.507495713721284E-02  -9.910538920231275E-01
           ApType=  Polygonal
             xObs=  -9.9522739998E-01  -0.0000000000E+00  -9.7582899759E-02
        PolyApVec=  6
  -2.4000000000E+00  1.3742917192E+00  -1.8358776432E-01
  -1.8000000000E+00  1.7190206621E+00  -2.1767523955E-01
  -1.2000000000E+00  1.3742917192E+00  -1.8358776432E-01
  -1.2000000000E+00  6.8483383356E-01  -1.1541281385E-01
  -1.8000000000E+00  3.4010489071E-01  -8.1325338610E-02
  -2.4000000000E+00  6.8483383356E-01  -1.1541281385E-01


             iElt=  20
          EltName=  M2
          nMetPos=  6
  -3.418309043185628E-01  -3.399101146349509E+00  -1.716671521861085E+01
  -1.709154521592815E-01  -3.104332535164388E+00  -1.719406007590486E+01
  1.709154521592813E-01  -3.104332535164388E+00  -1.719406007590486E+01
  3.418309043185628E-01  -3.399101146349509E+00  -1.716671521861085E+01
  1.709154521592816E-01  -3.693869757534630E+00  -1.713937036131684E+01
  -1.709154521592814E-01  -3.693869757534630E+00  -1.713937036131684E+01
          Element=  Reflector
          Surface=  Zernike
            KrElt=-3.7999999999999998E+00
            KcElt=0.0000000000000000E+00
         ZernType=  BornWolf
        nZernCoef=  15
        ZernModes=  3 4 5 9 10 11 12 13 19 20 21 22 23 24 25
         ZernCoef=  1.5670203878831107E-03 -6.5427777782179231E-04 -1.2826071057798367E-05 1.2611186399476585E-04 6.7314700514678138E-05 -8.4816511295789792E-08
                   7.8938974450666978E-07 -8.8373323647076674E-06 -1.1067290769763183E-07 -6.5534822774810869E-08 -4.0330583684522439E-09 7.2596671805059900E-09
                   -4.5127486120059787E-09 -1.3744671213033494E-08 -5.3336859721464473E-09
             lMon=3.4183090431856283E-01
             pMon=  0.0000000000000000E+00  -3.3991011463495093E+00  -1.7166715218610850E+01
             xMon=  -1.0000000000000000E+00  0.0000000000000000E+00  0.0000000000000000E+00
             yMon=  0.0000000000000000E+00  9.9572469818458209E-01  -9.2370587446561570E-02
             zMon=  -0.0000000000000000E+00  -9.2370587446561570E-02  -9.9572469818458209E-01
           psiElt=  -0.0000000000000000E+00  -9.2370587446561570E-02  -9.9572469818458209E-01
           VptElt=  0.0000000000000000E+00  -3.3991011463495093E+00  -1.7166715218610850E+01
           RptElt=  0.0000000000000000E+00  -3.3991011463495093E+00  -1.7166715218610850E+01
           IndRef=1.0E+00
           Extinc=0.0E+00
             nObs=  0
           ApType=  None
         PropType=  Geometric
             zElt=1.4000000000000000E+01
          nECoord=  6
             TElt=  -1.0000000000000000E+00  0.0000000000000000E+00  0.0000000000000000E+00  0.0000000000000000E+00  0.0000000000000000E+00  0.0000000000000000E+00
                    0.0000000000000000E+00  9.9572469818458209E-01  -9.2370587446561570E-02  0.0000000000000000E+00  0.0000000000000000E+00  0.0000000000000000E+00
                    -0.0000000000000000E+00  -9.2370587446561570E-02  -9.9572469818458209E-01  0.0000000000000000E+00  0.0000000000000000E+00  0.0000000000000000E+00
                    0.0000000000000000E+00  0.0000000000000000E+00  0.0000000000000000E+00  -1.0000000000000000E+00  0.0000000000000000E+00  0.0000000000000000E+00
                    0.0000000000000000E+00  0.0000000000000000E+00  0.0000000000000000E+00  0.0000000000000000E+00  9.9572469818458209E-01  -9.2370587446561570E-02
                    0.0000000000000000E+00  0.0000000000000000E+00  0.0000000000000000E+00  -0.0000000000000000E+00  -9.2370587446561570E-02  -9.9572469818458209E-01
             iElt=  21
          EltName=  M3
          Element=  Reflector
          Surface=  Zernike
            KrElt=-2.0000000000000000E+00
            KcElt=0.0000000000000000E+00
         ZernType=  BornWolf
        nZernCoef=  15
        ZernModes=  3 4 5 9 10 11 12 13 19 20 21 22 23 24 25
         ZernCoef=  5.3728427036658151E-02 -1.7438289166564988E-03 -1.1789772949028865E-02 1.8422981212865529E-02 1.3009539746025957E-02 -7.0070858296950589E-02
                   5.1120489609540361E-03 -1.4540268609969141E-03 3.8284618749318054E-04 -1.1249601815970407E-02 -1.4977824174340182E-01 7.9067505940388250E-02
                   9.8654962896280399E-03 3.1319355461119046E-03 -2.8096520041123968E-04
             lMon=4.7861849240545734E-01
             pMon=  0.0000000000000000E+00  -3.5457061239769505E+00  -3.1674828474936803E+00
             xMon=  -1.0000000000000000E+00  0.0000000000000000E+00  0.0000000000000000E+00
             yMon=  0.0000000000000000E+00  9.8875638104700581E-01  1.4953534344370953E-01
             zMon=  0.0000000000000000E+00  1.4953534344370953E-01  -9.8875638104700592E-01
           psiElt=  0.0000000000000000E+00  1.4953534344370953E-01  -9.8875638104700592E-01
           VptElt=  0.0000000000000000E+00  -3.5457061239769505E+00  -3.1674828474936803E+00
           RptElt=  0.0000000000000000E+00  -3.5457061239769505E+00  -3.1674828474936803E+00
           IndRef=1.0E+00
           Extinc=0.0E+00
             nObs=  0
           ApType=  None
         PropType=  Geometric
             zElt=6.8253968253968300E-01
          nECoord=  6
             TElt=  -1.0000000000000000E+00  0.0000000000000000E+00  0.0000000000000000E+00  0.0000000000000000E+00  0.0000000000000000E+00  0.0000000000000000E+00
                    0.0000000000000000E+00  9.8875638104700581E-01  1.4953534344370953E-01  0.0000000000000000E+00  0.0000000000000000E+00  0.0000000000000000E+00
                    0.0000000000000000E+00  1.4953534344370953E-01  -9.8875638104700592E-01  0.0000000000000000E+00  0.0000000000000000E+00  0.0000000000000000E+00
                    0.0000000000000000E+00  0.0000000000000000E+00  0.0000000000000000E+00  -1.0000000000000000E+00  0.0000000000000000E+00  0.0000000000000000E+00
                    0.0000000000000000E+00  0.0000000000000000E+00  0.0000000000000000E+00  0.0000000000000000E+00  9.8875638104700581E-01  1.4953534344370953E-01
                    0.0000000000000000E+00  0.0000000000000000E+00  0.0000000000000000E+00  0.0000000000000000E+00  1.4953534344370953E-01  -9.8875638104700592E-01
             iElt=  22
          EltName=  FP_return
          Element=  Return
          Surface=  Flat
            KrElt=-1.0000000000000000E+22
            KcElt=0.0000000000000000E+00
           psiElt=  5.1611283501789363E-15  -4.6807392889137600E-02  9.9890393330436034E-01
           VptElt=  -3.6284496439472857E-15  -3.5127989268411142E+00  -3.8697464563826336E+00
           RptElt=  -3.6284496439472857E-15  -3.5127989268411142E+00  -3.8697464563826336E+00
           IndRef=1.0E+00
           Extinc=0.0E+00
             nObs=  0
           ApType=  None
         PropType=  Geometric
             zElt=2.1070509574502285E+00
          nECoord=  6
             TElt=  1.0000000000000000E+00  0.0000000000000000E+00  -5.1667914982634973E-15  0.0000000000000000E+00  0.0000000000000000E+00  0.0000000000000000E+00
                    2.4184403963547543E-16  9.9890393330436034E-01  4.6807392889137600E-02  0.0000000000000000E+00  0.0000000000000000E+00  0.0000000000000000E+00
                    5.1611283501789363E-15  -4.6807392889137600E-02  9.9890393330436034E-01  0.0000000000000000E+00  0.0000000000000000E+00  0.0000000000000000E+00
                    0.0000000000000000E+00  0.0000000000000000E+00  0.0000000000000000E+00  1.0000000000000000E+00  0.0000000000000000E+00  -5.1667914982634973E-15
                    0.0000000000000000E+00  0.0000000000000000E+00  0.0000000000000000E+00  2.4184403963547543E-16  9.9890393330436034E-01  4.6807392889137600E-02
                    0.0000000000000000E+00  0.0000000000000000E+00  0.0000000000000000E+00  5.1611283501789363E-15  -4.6807392889137600E-02  9.9890393330436034E-01
             iElt=  23
          EltName=  ExitPupil
          Element=  Return
          Surface=  Conic
            KrElt=-2.1070509574502285E+00
            KcElt=0.0000000000000000E+00
           psiElt=  -2.2847357660275538E-02  -2.8042135093637088E-01  9.5960505635754345E-01
           VptElt=  4.8140546833287758E-02  -2.9219368508611474E+00  -5.8916832091548761E+00
           RptElt=  4.8140546833287758E-02  -2.9219368508611474E+00  -5.8916832091548761E+00
           IndRef=1.0E+00
           Extinc=0.0E+00
             nObs=  0
           ApType=  None
         PropType=  FarField
             zElt=2.1070509574502285E+00
          nECoord=  6
             TElt=  9.9971668320857598E-01  0.0000000000000000E+00  2.3802380436499414E-02  0.0000000000000000E+00  0.0000000000000000E+00  0.0000000000000000E+00
                    -6.6746956775046110E-03  9.5987700563094058E-01  2.8034190285897681E-01  0.0000000000000000E+00  0.0000000000000000E+00  0.0000000000000000E+00
                    -2.2847357660275538E-02  -2.8042135093637088E-01  9.5960505635754345E-01  0.0000000000000000E+00  0.0000000000000000E+00  0.0000000000000000E+00
                    0.0000000000000000E+00  0.0000000000000000E+00  0.0000000000000000E+00  9.9971668320857598E-01  0.0000000000000000E+00  2.3802380436499414E-02
                    0.0000000000000000E+00  0.0000000000000000E+00  0.0000000000000000E+00  -6.6746956775046110E-03  9.5987700563094058E-01  2.8034190285897681E-01
                    0.0000000000000000E+00  0.0000000000000000E+00  0.0000000000000000E+00  -2.2847357660275538E-02  -2.8042135093637088E-01  9.5960505635754345E-01
             iElt=  24
          EltName=  FP
          Element=  FocalPlane
          Surface=  Flat
            KrElt=-1.0000000000000000E+22
            KcElt=0.0000000000000000E+00
           psiElt=  -7.0433424891617396E-11  2.8416558733553637E-01  -9.5877521816860145E-01
           VptElt=  -3.6284496439472857E-15  -3.5127989268411142E+00  -3.8697464563826336E+00
           RptElt=  -3.6284496439472857E-15  -3.5127989268411142E+00  -3.8697464563826336E+00
           IndRef=1.0E+00
           Extinc=0.0E+00
             nObs=  0
           ApType=  None
         PropType=  Geometric
             zElt=1.0000000000000000E+20
          nECoord=  6
             TElt=  -1.0000000000000000E+00  3.2311742677852644E-27  7.3461874646859743E-11  0.0000000000000000E+00  0.0000000000000000E+00  0.0000000000000000E+00
                    2.0875336755794450E-11  9.5877521816860156E-01  2.8416558733553643E-01  0.0000000000000000E+00  0.0000000000000000E+00  0.0000000000000000E+00
                    -7.0433424891617409E-11  2.8416558733553643E-01  -9.5877521816860167E-01  0.0000000000000000E+00  0.0000000000000000E+00  0.0000000000000000E+00
                    0.0000000000000000E+00  0.0000000000000000E+00  0.0000000000000000E+00  -1.0000000000000000E+00  3.2311742677852644E-27  7.3461874646859743E-11
                    0.0000000000000000E+00  0.0000000000000000E+00  0.0000000000000000E+00  2.0875336755794450E-11  9.5877521816860156E-01  2.8416558733553643E-01
                    0.0000000000000000E+00  0.0000000000000000E+00  0.0000000000000000E+00  -7.0433424891617409E-11  2.8416558733553643E-01  -9.5877521816860167E-01
% Output Coordinate System Definition
         nOutCord=  5
             Tout=  1.0000000000000000E+00  0.0000000000000000E+00  0.0000000000000000E+00  0.0000000000000000E+00  0.0000000000000000E+00  0.0000000000000000E+00  0.0E+00
                    0.0000000000000000E+00  1.0000000000000000E+00  0.0000000000000000E+00  0.0000000000000000E+00  0.0000000000000000E+00  0.0000000000000000E+00  0.0E+00
                    0.0000000000000000E+00  0.0000000000000000E+00  0.0000000000000000E+00  1.0000000000000000E+00  0.0000000000000000E+00  0.0000000000000000E+00  0.0E+00
                    0.0000000000000000E+00  0.0000000000000000E+00  0.0000000000000000E+00  0.0000000000000000E+00  1.0000000000000000E+00  0.0000000000000000E+00  0.0E+00
                    0.0000000000000000E+00  0.0000000000000000E+00  0.0000000000000000E+00  0.0000000000000000E+00  0.0000000000000000E+00  0.0000000000000000E+00  1.0E+00
