
% ---------------------------------------------------------------------------------------
% Source Definition
% ---------------------------------------------------------------------------------------

        ChfRayDir=  0.0E+00  -3.490658433100967E-04  9.999999390765167E-01
        ChfRayPos=  0.0E+00  7.714355605011924E+00  -2.209999999390765E+04
          zSource=1.0E+22

        BaseUnits=  mm
        WaveUnits=  mm

           IndRef=1.0E+00
           Extinc=0.0E+00
          Wavelen=1.0E-03
             Flux=1.0E+00

         Aperture=8.0E+03
         Obscratn=0.0E+00

         GridType=  Pie
         nGridpts=  128
            xGrid=  -1.0E+00  -8.256168163029683E-26  -2.881946477916146E-29
            yGrid=  -8.256168666024237E-26  9.999999390765167E-01  3.490658433100967E-04

             nSeg=  7
            width=  2.666666666666667E+03
              gap=  5.0E+01
         SegXgrid=  1.0E+00  0.0E+00  0.0E+00
         SegCoord=    0    0    0
                      1    2    1
                     -1    1    2
                     -2   -1    1
                     -1   -2   -1
                      1   -1   -2
                      2    1   -1

% ---------------------------------------------------------------------------------------
% Element Definitions
% ---------------------------------------------------------------------------------------

             nElt=  13


    iElt=   1
 EltName=  Seg1
 Element=  Segment
 Surface=  FreeForm
    fElt=  5.153424657534246E+04
    eElt=  0.0E+00
   KrElt=  -5.153424657534246E+04
   KcElt=  0.0E+00
  psiElt=  0.0E+00  -1.253332335643043E-01  -9.921147013144779E-01
  VptElt=  0.0E+00  0.0E+00  0.0E+00
  RptElt=  0.0E+00  4.547473508864641E-13  3.637978807091713E-12
 FFZernType=  BornWolf
nFFZernCoef=   16
FFZernModes=    1    3    4    5    9   10
  11   12   13   19   20   21
  22   23   24   25
 FFZernCoef=  1.197033345381584E+00  8.001048840672405E+00  -4.819152400977031E+00  1.803807588237849E+00  4.001252456159111E+00  4.686403726064767E-02
              4.454202695146058E-04  2.894345076153592E-02  6.090427484587182E-01  4.853572152725304E-04  -2.037059141355803E-04  5.655567335241816E-05
              -5.985985960057223E-06  -5.597372659639521E-08  -4.856161587539289E-06  2.268505602452859E-03
     lFF=  7.992027277230728E+03
MonZernType=  BornWolf
nMonZernCoef=    1
MonZernModes=    1
 MonZernCoef=  0d0
    lMon=  1.539600730790525E+03
 nGridMat=  256
 GridFile=  flat.txt
 GridSrfdx=  3.125E+01
     pFF=  0.0E+00  0.0E+00  0.0E+00
     xFF=  1.0E+00  0.0E+00  0.0E+00
     yFF=  0.0E+00  9.921147013144779E-01  -1.253332335643043E-01
     zFF=  0.0E+00  1.253332335643043E-01  9.921147013144779E-01
    pMon=  0.0E+00  4.547473508864641E-13  3.637978807091713E-12
    xMon=  -4.999999968454021E-01  8.591965366132949E-01  -1.085417644334064E-01
    yMon=  8.660254056057466E-01  4.96057347527516E-01  -6.266661638677619E-02
    zMon=  0.0E+00  -1.253332335643043E-01  -9.921147013144778E-01
   pData=  0.0E+00  0.0E+00  0.0E+00
   xData=  1.0E+00  0.0E+00  0.0E+00
   yData=  0.0E+00  9.921147013144779E-01  -1.253332335643043E-01
   zData=  0.0E+00  1.253332335643043E-01  9.921147013144779E-01
  IndRef=  1d0
    zElt=  0d0
 PropType= 1
  nECoord= 6
    TElt=  -8.660254037844386E-01  5.000000000000001E-01  0.0E+00  0.0E+00  0.0E+00  0.0E+00
            4.96057350657239E-01  8.591965348063484E-01  -1.253332335643043E-01  0.0E+00  0.0E+00  0.0E+00
            -6.266661678215216E-02  -1.08541764205136E-01  -9.921147013144778E-01  0.0E+00  0.0E+00  0.0E+00
            0.0E+00  0.0E+00  0.0E+00  -8.660254037844386E-01  5.000000000000001E-01  0.0E+00
            0.0E+00  0.0E+00  0.0E+00  4.96057350657239E-01  8.591965348063484E-01  -1.253332335643043E-01
            0.0E+00  0.0E+00  0.0E+00  -6.266661678215216E-02  -1.08541764205136E-01  -9.921147013144778E-01
           ApType=  Polygonal
             xObs=  -9.9211470131E-01  0.0000000000E+00  -1.2533323356E-01
        PolyApVec=  6
  -1.1368683772E-13  1.4914082787E+03  -2.4801981479E+02
  1.3083333333E+03  7.4199796783E+02  -1.5334727601E+02
  1.3083333333E+03  -7.5682265400E+02  3.5997801543E+01
  5.6843418861E-13  -1.5062329649E+03  1.3067034032E+02
  -1.3083333333E+03  -7.5682265400E+02  3.5997801543E+01
  -1.3083333333E+03  7.4199796783E+02  -1.5334727601E+02

    iElt=   2
 EltName=  Seg2
 Element=  Segment
 Surface=  FreeForm
    fElt=  5.153424657534246E+04
    eElt=  0.0E+00
   KrElt=  -5.153424657534246E+04
   KcElt=  0.0E+00
  psiElt=  0.0E+00  -1.253332335643043E-01  -9.921147013144779E-01
  VptElt=  0.0E+00  0.0E+00  0.0E+00
  RptElt=  -1.333333333333333E+03  2.282625562441744E+03  -3.572453755302849E+02
 FFZernType=  BornWolf
nFFZernCoef=   16
FFZernModes=    1    3    4    5    9   10
  11   12   13   19   20   21
  22   23   24   25
 FFZernCoef=  1.197033345381584E+00  8.001048840672405E+00  -4.819152400977031E+00  1.803807588237849E+00  4.001252456159111E+00  4.686403726064767E-02
              4.454202695146058E-04  2.894345076153592E-02  6.090427484587182E-01  4.853572152725304E-04  -2.037059141355803E-04  5.655567335241816E-05
              -5.985985960057223E-06  -5.597372659639521E-08  -4.856161587539289E-06  2.268505602452859E-03
     lFF=  7.992027277230728E+03
MonZernType=  BornWolf
nMonZernCoef=    1
MonZernModes=    1
 MonZernCoef=  0d0
    lMon=  1.539600730790525E+03
 nGridMat=  256
 GridFile=  flat.txt
 GridSrfdx=  3.125E+01
     pFF=  0.0E+00  0.0E+00  0.0E+00
     xFF=  1.0E+00  0.0E+00  0.0E+00
     yFF=  0.0E+00  9.921147013144779E-01  -1.253332335643043E-01
     zFF=  0.0E+00  1.253332335643043E-01  9.921147013144779E-01
    pMon=  -1.333333333333333E+03  2.282625562441744E+03  -3.572453755302849E+02
    xMon=  -4.993289228329346E-01  8.516898233456724E-01  -1.59044244259007E-01
    yMon=  8.660253235080674E-01  4.961118739453586E-01  -6.223461716096303E-02
    zMon=  2.589914796375315E-02  -1.688118874364064E-01  -9.853079624132294E-01
   pData=  0.0E+00  0.0E+00  0.0E+00
   xData=  1.0E+00  0.0E+00  0.0E+00
   yData=  0.0E+00  9.921147013144779E-01  -1.253332335643043E-01
   zData=  0.0E+00  1.253332335643043E-01  9.921147013144779E-01
  IndRef=  1d0
    zElt=  0d0
 PropType= 1
  nECoord= 6
    TElt=  -8.657295342198748E-01  4.998415826181237E-01  2.589914796375315E-02  0.0E+00  0.0E+00  0.0E+00
            4.890408809396816E-01  8.557695737930266E-01  -1.688118874364064E-01  0.0E+00  0.0E+00  0.0E+00
            -1.065429037955095E-01  -1.33479694545317E-01  -9.853079624132294E-01  0.0E+00  0.0E+00  0.0E+00
            0.0E+00  0.0E+00  0.0E+00  -8.657295342198748E-01  4.998415826181237E-01  2.589914796375315E-02
            0.0E+00  0.0E+00  0.0E+00  4.890408809396816E-01  8.557695737930266E-01  -1.688118874364064E-01
            0.0E+00  0.0E+00  0.0E+00  -1.065429037955095E-01  -1.33479694545317E-01  -9.853079624132294E-01
           ApType=  Polygonal
             xObs=  -9.9211470131E-01  0.0000000000E+00  -1.2533323356E-01
        PolyApVec=  15
  -1.3333333304E+03  7.8495779939E+02  -1.5877436483E+02
  -3.4547440956E+03  2.0001236320E+03  -3.1228550917E+02
  -3.2676504930E+03  2.2878351308E+03  -3.4863192399E+02
  -3.0562778905E+03  2.5584926904E+03  -3.8282392526E+02
  -2.8221968097E+03  2.8100852954E+03  -4.1460746268E+02
  -2.5671464985E+03  3.0407435855E+03  -4.4374638110E+02
  -2.2930220086E+03  3.2487537443E+03  -4.7002417517E+02
  -2.0018601149E+03  3.4325702336E+03  -4.9324559802E+02
  -1.6958241820E+03  3.5908272769E+03  -5.1323811193E+02
  -1.3771880903E+03  3.7223490070E+03  -5.2985317035E+02
  -1.0483193408E+03  3.8261582032E+03  -5.4296732157E+02
  -7.1166146417E+02  3.9014835517E+03  -5.5248312604E+02
  -3.6971586515E+02  3.9477653770E+03  -5.5832988026E+02
  -2.5023236905E+01  3.9646598002E+03  -5.6046414224E+02
  -2.4999994339E+01  1.5343681056E+03  -2.5344690302E+02

    iElt=   3
 EltName=  Seg3
 Element=  Segment
 Surface=  FreeForm
    fElt=  5.153424657534246E+04
    eElt=  0.0E+00
   KrElt=  -5.153424657534246E+04
   KcElt=  0.0E+00
  psiElt=  0.0E+00  -1.253332335643043E-01  -9.921147013144779E-01
  VptElt=  0.0E+00  0.0E+00  0.0E+00
  RptElt=  1.333333333333333E+03  2.282625562441744E+03  -3.572453755302849E+02
 FFZernType=  BornWolf
nFFZernCoef=   16
FFZernModes=    1    3    4    5    9   10
  11   12   13   19   20   21
  22   23   24   25
 FFZernCoef=  1.197033345381584E+00  8.001048840672405E+00  -4.819152400977031E+00  1.803807588237849E+00  4.001252456159111E+00  4.686403726064767E-02
              4.454202695146058E-04  2.894345076153592E-02  6.090427484587182E-01  4.853572152725304E-04  -2.037059141355803E-04  5.655567335241816E-05
              -5.985985960057223E-06  -5.597372659639521E-08  -4.856161587539289E-06  2.268505602452859E-03
     lFF=  7.992027277230728E+03
MonZernType=  BornWolf
nMonZernCoef=    1
MonZernModes=    1
 MonZernCoef=  0d0
    lMon=  1.539600730790525E+03
 nGridMat=  256
 GridFile=  flat.txt
 GridSrfdx=  3.125E+01
     pFF=  0.0E+00  0.0E+00  0.0E+00
     xFF=  1.0E+00  0.0E+00  0.0E+00
     yFF=  0.0E+00  9.921147013144779E-01  -1.253332335643043E-01
     zFF=  0.0E+00  1.253332335643043E-01  9.921147013144779E-01
    pMon=  1.333333333333333E+03  2.282625562441744E+03  -3.572453755302849E+02
    xMon=  4.993289228329346E-01  8.516898233456724E-01  -1.59044244259007E-01
    yMon=  8.660253235080674E-01  -4.961118739453586E-01  6.223461716096303E-02
    zMon=  -2.589914796375315E-02  -1.688118874364064E-01  -9.853079624132294E-01
   pData=  0.0E+00  0.0E+00  0.0E+00
   xData=  1.0E+00  0.0E+00  0.0E+00
   yData=  0.0E+00  9.921147013144779E-01  -1.253332335643043E-01
   zData=  0.0E+00  1.253332335643043E-01  9.921147013144779E-01
  IndRef=  1d0
    zElt=  0d0
 PropType= 1
  nECoord= 6
    TElt=  -1.140379473138478E-03  9.996639103565802E-01  -2.589914796375315E-02  0.0E+00  0.0E+00  0.0E+00
            9.856429320805525E-01  -3.249169095249878E-03  -1.688118874364064E-01  0.0E+00  0.0E+00  0.0E+00
            -1.6883930222051E-01  -2.571982174863596E-02  -9.853079624132294E-01  0.0E+00  0.0E+00  0.0E+00
            0.0E+00  0.0E+00  0.0E+00  -1.140379473138478E-03  9.996639103565802E-01  -2.589914796375315E-02
            0.0E+00  0.0E+00  0.0E+00  9.856429320805525E-01  -3.249169095249878E-03  -1.688118874364064E-01
            0.0E+00  0.0E+00  0.0E+00  -1.6883930222051E-01  -2.571982174863596E-02  -9.853079624132294E-01
           ApType=  Polygonal
             xObs=  -9.9211470131E-01  0.0000000000E+00  -1.2533323356E-01
        PolyApVec=  15
  2.4999994339E+01  1.5343681056E+03  -2.5344690302E+02
  2.5023236905E+01  3.9646598002E+03  -5.6046414224E+02
  3.6971586515E+02  3.9477653770E+03  -5.5832988026E+02
  7.1166146417E+02  3.9014835517E+03  -5.5248312604E+02
  1.0483193408E+03  3.8261582032E+03  -5.4296732157E+02
  1.3771880903E+03  3.7223490070E+03  -5.2985317035E+02
  1.6958241820E+03  3.5908272769E+03  -5.1323811193E+02
  2.0018601149E+03  3.4325702336E+03  -4.9324559802E+02
  2.2930220086E+03  3.2487537443E+03  -4.7002417517E+02
  2.5671464985E+03  3.0407435855E+03  -4.4374638110E+02
  2.8221968097E+03  2.8100852954E+03  -4.1460746268E+02
  3.0562778905E+03  2.5584926904E+03  -3.8282392526E+02
  3.2676504930E+03  2.2878351308E+03  -3.4863192399E+02
  3.4547440956E+03  2.0001236320E+03  -3.1228550917E+02
  1.3333333304E+03  7.8495779939E+02  -1.5877436483E+02

    iElt=   4
 EltName=  Seg4
 Element=  Segment
 Surface=  FreeForm
    fElt=  5.153424657534246E+04
    eElt=  0.0E+00
   KrElt=  -5.153424657534246E+04
   KcElt=  0.0E+00
  psiElt=  0.0E+00  -1.253332335643043E-01  -9.921147013144779E-01
  VptElt=  0.0E+00  0.0E+00  0.0E+00
  RptElt=  2.666666666666667E+03  -8.716009924581158E+00  -6.899432287082527E+01
 FFZernType=  BornWolf
nFFZernCoef=   16
FFZernModes=    1    3    4    5    9   10
  11   12   13   19   20   21
  22   23   24   25
 FFZernCoef=  1.197033345381584E+00  8.001048840672405E+00  -4.819152400977031E+00  1.803807588237849E+00  4.001252456159111E+00  4.686403726064767E-02
              4.454202695146058E-04  2.894345076153592E-02  6.090427484587182E-01  4.853572152725304E-04  -2.037059141355803E-04  5.655567335241816E-05
              -5.985985960057223E-06  -5.597372659639521E-08  -4.856161587539289E-06  2.268505602452859E-03
     lFF=  7.992027277230728E+03
MonZernType=  BornWolf
nMonZernCoef=    1
MonZernModes=    1
 MonZernCoef=  0d0
    lMon=  1.539600730790525E+03
 nGridMat=  256
 GridFile=  flat.txt
 GridSrfdx=  3.125E+01
     pFF=  0.0E+00  0.0E+00  0.0E+00
     xFF=  1.0E+00  0.0E+00  0.0E+00
     yFF=  0.0E+00  9.921147013144779E-01  -1.253332335643043E-01
     zFF=  0.0E+00  1.253332335643043E-01  9.921147013144779E-01
    pMon=  2.666666666666667E+03  -8.716009924581158E+00  -6.899432287082527E+01
    xMon=  9.986425804075336E-01  -6.519421025944844E-03  -5.167682020470465E-02
    yMon=  0.0E+00  -9.92135885104907E-01  1.251654324767929E-01
    zMon=  -5.208643390541247E-02  -1.249955304664494E-01  -9.907891404160767E-01
   pData=  0.0E+00  0.0E+00  0.0E+00
   xData=  1.0E+00  0.0E+00  0.0E+00
   yData=  0.0E+00  9.921147013144779E-01  -1.253332335643043E-01
   zData=  0.0E+00  1.253332335643043E-01  9.921147013144779E-01
  IndRef=  1d0
    zElt=  0d0
 PropType= 1
  nECoord= 6
    TElt=  8.645570103087148E-01  4.998281497965815E-01  -5.208643390541247E-02  0.0E+00  0.0E+00  0.0E+00
            4.909274271557452E-01  -8.62186974286698E-01  -1.249955304664494E-01  0.0E+00  0.0E+00  0.0E+00
            -1.073845295761793E-01  8.249510313512345E-02  -9.907891404160767E-01  0.0E+00  0.0E+00  0.0E+00
            0.0E+00  0.0E+00  0.0E+00  8.645570103087148E-01  4.998281497965815E-01  -5.208643390541247E-02
            0.0E+00  0.0E+00  0.0E+00  4.909274271557452E-01  -8.62186974286698E-01  -1.249955304664494E-01
            0.0E+00  0.0E+00  0.0E+00  -1.073845295761793E-01  8.249510313512345E-02  -9.907891404160767E-01
           ApType=  Polygonal
             xObs=  -9.9211470131E-01  0.0000000000E+00  -1.2533323356E-01
        PolyApVec=  15
  1.3583333333E+03  7.4199796783E+02  -1.5334727601E+02
  3.4797673399E+03  1.9571238292E+03  -3.0685337081E+02
  3.6373663658E+03  1.6525179066E+03  -2.6837269394E+02
  3.7679393626E+03  1.3355785210E+03  -2.2833393836E+02
  3.8705161587E+03  1.0086605667E+03  -1.8703459639E+02
  3.9443345971E+03  6.7419307982E+02  -1.4478152666E+02
  3.9888461990E+03  3.3466119021E+02  -1.0188867408E+02
  4.0037202382E+03  -7.4123430855E+00  -5.8674737236E+01
  3.9888461990E+03  -3.4948587638E+02  -1.5460800391E+01
  3.9443345971E+03  -6.8901776599E+02  2.7432052185E+01
  3.8705161587E+03  -1.0234852529E+03  6.9685121917E+01
  3.7679393626E+03  -1.3504032072E+03  1.1098446388E+02
  3.6373663658E+03  -1.6673425927E+03  1.5102321947E+02
  3.4797673399E+03  -1.9719485154E+03  1.8950389634E+02
  1.3583333333E+03  -7.5682265400E+02  3.5997801543E+01

    iElt=   5
 EltName=  Seg5
 Element=  Segment
 Surface=  FreeForm
    fElt=  5.153424657534246E+04
    eElt=  0.0E+00
   KrElt=  -5.153424657534246E+04
   KcElt=  0.0E+00
  psiElt=  0.0E+00  -1.253332335643043E-01  -9.921147013144779E-01
  VptElt=  0.0E+00  0.0E+00  0.0E+00
  RptElt=  1.333333333333333E+03  -2.299852753316298E+03  2.208781180763581E+02
 FFZernType=  BornWolf
nFFZernCoef=   16
FFZernModes=    1    3    4    5    9   10
  11   12   13   19   20   21
  22   23   24   25
 FFZernCoef=  1.197033345381584E+00  8.001048840672405E+00  -4.819152400977031E+00  1.803807588237849E+00  4.001252456159111E+00  4.686403726064767E-02
              4.454202695146058E-04  2.894345076153592E-02  6.090427484587182E-01  4.853572152725304E-04  -2.037059141355803E-04  5.655567335241816E-05
              -5.985985960057223E-06  -5.597372659639521E-08  -4.856161587539289E-06  2.268505602452859E-03
     lFF=  7.992027277230728E+03
MonZernType=  BornWolf
nMonZernCoef=    1
MonZernModes=    1
 MonZernCoef=  0d0
    lMon=  1.539600730790525E+03
 nGridMat=  256
 GridFile=  flat.txt
 GridSrfdx=  3.125E+01
     pFF=  0.0E+00  0.0E+00  0.0E+00
     xFF=  1.0E+00  0.0E+00  0.0E+00
     yFF=  0.0E+00  9.921147013144779E-01  -1.253332335643043E-01
     zFF=  0.0E+00  1.253332335643043E-01  9.921147013144779E-01
    pMon=  1.333333333333333E+03  -2.299852753316298E+03  2.208781180763581E+02
    xMon=  4.993136360945214E-01  -8.645512131860177E-01  5.68954531456863E-02
    yMon=  -8.660253735090916E-01  -4.960232062524752E-01  6.293672455294066E-02
    zMon=  -2.619055647568828E-02  -8.069807084187014E-02  -9.963944380183454E-01
   pData=  0.0E+00  0.0E+00  0.0E+00
   xData=  1.0E+00  0.0E+00  0.0E+00
   yData=  0.0E+00  9.921147013144779E-01  -1.253332335643043E-01
   zData=  0.0E+00  1.253332335643043E-01  9.921147013144779E-01
  IndRef=  1d0
    zElt=  0d0
 PropType= 1
  nECoord= 6
    TElt=  8.657249947376789E-01  -4.998342607684467E-01  -2.619055647568828E-02  0.0E+00  0.0E+00  0.0E+00
            -5.002049240331529E-01  -8.621385360459121E-01  -8.069807084187014E-02  0.0E+00  0.0E+00  0.0E+00
            1.775577256650822E-02  8.296298226722654E-02  -9.963944380183454E-01  0.0E+00  0.0E+00  0.0E+00
            0.0E+00  0.0E+00  0.0E+00  8.657249947376789E-01  -4.998342607684467E-01  -2.619055647568828E-02
            0.0E+00  0.0E+00  0.0E+00  -5.002049240331529E-01  -8.621385360459121E-01  -8.069807084187014E-02
            0.0E+00  0.0E+00  0.0E+00  1.775577256650822E-02  8.296298226722654E-02  -9.963944380183454E-01
           ApType=  Polygonal
             xObs=  -9.9211470131E-01  0.0000000000E+00  -1.2533323356E-01
        PolyApVec=  15
  1.3333333304E+03  -7.9978248556E+02  4.1424890362E+01
  3.4547440956E+03  -2.0149483181E+03  1.9493603470E+02
  3.2676504930E+03  -2.3026598170E+03  2.3128244952E+02
  3.0562778905E+03  -2.5733173765E+03  2.6547445079E+02
  2.8221968097E+03  -2.8249099816E+03  2.9725798821E+02
  2.5671464985E+03  -3.0555682717E+03  3.2639690663E+02
  2.2930220086E+03  -3.2635784305E+03  3.5267470070E+02
  2.0018601149E+03  -3.4473949198E+03  3.7589612355E+02
  1.6958241820E+03  -3.6056519631E+03  3.9588863746E+02
  1.3771880903E+03  -3.7371736932E+03  4.1250369588E+02
  1.0483193408E+03  -3.8409828893E+03  4.2561784710E+02
  7.1166146417E+02  -3.9163082379E+03  4.3513365156E+02
  3.6971586515E+02  -3.9625900632E+03  4.4098040579E+02
  2.5023236905E+01  -3.9794844864E+03  4.4311466777E+02
  2.4999994339E+01  -1.5491927917E+03  1.3609742854E+02

    iElt=   6
 EltName=  Seg6
 Element=  Segment
 Surface=  FreeForm
    fElt=  5.153424657534246E+04
    eElt=  0.0E+00
   KrElt=  -5.153424657534246E+04
   KcElt=  0.0E+00
  psiElt=  0.0E+00  -1.253332335643043E-01  -9.921147013144779E-01
  VptElt=  0.0E+00  0.0E+00  0.0E+00
  RptElt=  -1.333333333333333E+03  -2.299852753316298E+03  2.208781180763581E+02
 FFZernType=  BornWolf
nFFZernCoef=   16
FFZernModes=    1    3    4    5    9   10
  11   12   13   19   20   21
  22   23   24   25
 FFZernCoef=  1.197033345381584E+00  8.001048840672405E+00  -4.819152400977031E+00  1.803807588237849E+00  4.001252456159111E+00  4.686403726064767E-02
              4.454202695146058E-04  2.894345076153592E-02  6.090427484587182E-01  4.853572152725304E-04  -2.037059141355803E-04  5.655567335241816E-05
              -5.985985960057223E-06  -5.597372659639521E-08  -4.856161587539289E-06  2.268505602452859E-03
     lFF=  7.992027277230728E+03
MonZernType=  BornWolf
nMonZernCoef=    1
MonZernModes=    1
 MonZernCoef=  0d0
    lMon=  1.539600730790525E+03
 nGridMat=  256
 GridFile=  flat.txt
 GridSrfdx=  3.125E+01
     pFF=  0.0E+00  0.0E+00  0.0E+00
     xFF=  1.0E+00  0.0E+00  0.0E+00
     yFF=  0.0E+00  9.921147013144779E-01  -1.253332335643043E-01
     zFF=  0.0E+00  1.253332335643043E-01  9.921147013144779E-01
    pMon=  -1.333333333333333E+03  -2.299852753316298E+03  2.208781180763581E+02
    xMon=  -4.993136360945214E-01  -8.645512131860177E-01  5.68954531456863E-02
    yMon=  -8.660253735090916E-01  4.960232062524752E-01  -6.293672455294066E-02
    zMon=  2.619055647568828E-02  -8.069807084187014E-02  -9.963944380183454E-01
   pData=  0.0E+00  0.0E+00  0.0E+00
   xData=  1.0E+00  0.0E+00  0.0E+00
   yData=  0.0E+00  9.921147013144779E-01  -1.253332335643043E-01
   zData=  0.0E+00  1.253332335643043E-01  9.921147013144779E-01
  IndRef=  1d0
    zElt=  0d0
 PropType= 1
  nECoord= 6
    TElt=  1.175030909637116E-03  -9.996562779545053E-01  2.619055647568828E-02  0.0E+00  0.0E+00  0.0E+00
            -9.96733176210238E-01  -3.285849091341764E-03  -8.069807084187014E-02  0.0E+00  0.0E+00  0.0E+00
            8.075639135209027E-02  -2.601017381513911E-02  -9.963944380183454E-01  0.0E+00  0.0E+00  0.0E+00
            0.0E+00  0.0E+00  0.0E+00  1.175030909637116E-03  -9.996562779545053E-01  2.619055647568828E-02
            0.0E+00  0.0E+00  0.0E+00  -9.96733176210238E-01  -3.285849091341764E-03  -8.069807084187014E-02
            0.0E+00  0.0E+00  0.0E+00  8.075639135209027E-02  -2.601017381513911E-02  -9.963944380183454E-01
           ApType=  Polygonal
             xObs=  -9.9211470131E-01  0.0000000000E+00  -1.2533323356E-01
        PolyApVec=  15
  -2.4999994339E+01  -1.5491927917E+03  1.3609742854E+02
  -2.5023236905E+01  -3.9794844864E+03  4.4311466777E+02
  -3.6971586515E+02  -3.9625900632E+03  4.4098040579E+02
  -7.1166146417E+02  -3.9163082379E+03  4.3513365156E+02
  -1.0483193408E+03  -3.8409828893E+03  4.2561784710E+02
  -1.3771880903E+03  -3.7371736932E+03  4.1250369588E+02
  -1.6958241820E+03  -3.6056519631E+03  3.9588863746E+02
  -2.0018601149E+03  -3.4473949198E+03  3.7589612355E+02
  -2.2930220086E+03  -3.2635784305E+03  3.5267470070E+02
  -2.5671464985E+03  -3.0555682717E+03  3.2639690663E+02
  -2.8221968097E+03  -2.8249099816E+03  2.9725798821E+02
  -3.0562778905E+03  -2.5733173765E+03  2.6547445079E+02
  -3.2676504930E+03  -2.3026598170E+03  2.3128244952E+02
  -3.4547440956E+03  -2.0149483181E+03  1.9493603470E+02
  -1.3333333304E+03  -7.9978248556E+02  4.1424890362E+01

    iElt=   7
 EltName=  Seg7
 Element=  Segment
 Surface=  FreeForm
    fElt=  5.153424657534246E+04
    eElt=  0.0E+00
   KrElt=  -5.153424657534246E+04
   KcElt=  0.0E+00
  psiElt=  0.0E+00  -1.253332335643043E-01  -9.921147013144779E-01
  VptElt=  0.0E+00  0.0E+00  0.0E+00
  RptElt=  -2.666666666666667E+03  -8.716009924580703E+00  -6.899432287082527E+01
 FFZernType=  BornWolf
nFFZernCoef=   16
FFZernModes=    1    3    4    5    9   10
  11   12   13   19   20   21
  22   23   24   25
 FFZernCoef=  1.197033345381584E+00  8.001048840672405E+00  -4.819152400977031E+00  1.803807588237849E+00  4.001252456159111E+00  4.686403726064767E-02
              4.454202695146058E-04  2.894345076153592E-02  6.090427484587182E-01  4.853572152725304E-04  -2.037059141355803E-04  5.655567335241816E-05
              -5.985985960057223E-06  -5.597372659639521E-08  -4.856161587539289E-06  2.268505602452859E-03
     lFF=  7.992027277230728E+03
MonZernType=  BornWolf
nMonZernCoef=    1
MonZernModes=    1
 MonZernCoef=  0d0
    lMon=  1.539600730790525E+03
 nGridMat=  256
 GridFile=  flat.txt
 GridSrfdx=  3.125E+01
     pFF=  0.0E+00  0.0E+00  0.0E+00
     xFF=  1.0E+00  0.0E+00  0.0E+00
     yFF=  0.0E+00  9.921147013144779E-01  -1.253332335643043E-01
     zFF=  0.0E+00  1.253332335643043E-01  9.921147013144779E-01
    pMon=  -2.666666666666667E+03  -8.716009924580703E+00  -6.899432287082527E+01
    xMon=  -9.986425804075336E-01  -6.519421025944676E-03  -5.167682020470467E-02
    yMon=  1.691891870515702E-16  9.92135885104907E-01  -1.251654324767929E-01
    zMon=  5.208643390541247E-02  -1.249955304664494E-01  -9.907891404160767E-01
   pData=  0.0E+00  0.0E+00  0.0E+00
   xData=  1.0E+00  0.0E+00  0.0E+00
   yData=  0.0E+00  9.921147013144779E-01  -1.253332335643043E-01
   zData=  0.0E+00  1.253332335643043E-01  9.921147013144779E-01
  IndRef=  1d0
    zElt=  0d0
 PropType= 1
  nECoord= 6
    TElt=  -8.645548041852126E-01  -4.998319657277692E-01  5.208643390541247E-02  0.0E+00  0.0E+00  0.0E+00
            -5.022193488734091E-01  8.556587187544926E-01  -1.249955304664494E-01  0.0E+00  0.0E+00  0.0E+00
            1.790855040023488E-02  -1.34224301287562E-01  -9.907891404160767E-01  0.0E+00  0.0E+00  0.0E+00
            0.0E+00  0.0E+00  0.0E+00  -8.645548041852126E-01  -4.998319657277692E-01  5.208643390541247E-02
            0.0E+00  0.0E+00  0.0E+00  -5.022193488734091E-01  8.556587187544926E-01  -1.249955304664494E-01
            0.0E+00  0.0E+00  0.0E+00  1.790855040023488E-02  -1.34224301287562E-01  -9.907891404160767E-01
           ApType=  Polygonal
             xObs=  -9.9211470131E-01  0.0000000000E+00  -1.2533323356E-01
        PolyApVec=  15
  -1.3583333333E+03  -7.5682265400E+02  3.5997801543E+01
  -3.4797673399E+03  -1.9719485154E+03  1.8950389634E+02
  -3.6373663658E+03  -1.6673425927E+03  1.5102321947E+02
  -3.7679393626E+03  -1.3504032072E+03  1.1098446388E+02
  -3.8705161587E+03  -1.0234852529E+03  6.9685121917E+01
  -3.9443345971E+03  -6.8901776599E+02  2.7432052185E+01
  -3.9888461990E+03  -3.4948587638E+02  -1.5460800391E+01
  -4.0037202382E+03  -7.4123430855E+00  -5.8674737236E+01
  -3.9888461990E+03  3.3466119021E+02  -1.0188867408E+02
  -3.9443345971E+03  6.7419307982E+02  -1.4478152666E+02
  -3.8705161587E+03  1.0086605667E+03  -1.8703459639E+02
  -3.7679393626E+03  1.3355785210E+03  -2.2833393836E+02
  -3.6373663658E+03  1.6525179066E+03  -2.6837269394E+02
  -3.4797673399E+03  1.9571238292E+03  -3.0685337081E+02
  -1.3583333333E+03  7.4199796783E+02  -1.5334727601E+02


             iElt=  8
          EltName=  m2
          Element=  Reflector
          Surface=  Zernike
            KrElt=-8.870967741935485E+03
            KcElt=0.0E+00
           psiElt=  0.0E+00  -1.034817834603057E-01  -9.946313490393687E-01
           VptElt=  0.0E+00  -5.471177517626807E+03  -2.130882954482988E+04
           RptElt=  0.0E+00  -5.478901018988601E+03  -2.130802936919462E+04
         ZernType=  BornWolf
        nZernCoef=  16
        ZernModes=  1  3  4  5  9 10 11 12 13 19 20 21 22 23 24 25
         ZernCoef=  2.281226317817701E-02  2.648855555400775E-01  -2.834786712998551E-01  3.461391042046717E-02  1.322154671603264E-01  2.164785369384526E-03
                    1.678661481097936E-05  9.43096499583604E-04  1.180425978572936E-02  -1.515404064748394E-04  -6.759565779598963E-06  4.111039403578995E-06
                    -2.141021035984196E-07  -1.181856552133203E-07  -2.148065703638688E-06  2.612543439193223E-06
             lMon=6.813690285782741E+02
             pMon=  0.0E+00  -5.471177517626807E+03  -2.130882954482988E+04
             xMon=  1.0E+00  0.0E+00  0.0E+00
             yMon=  0.0E+00  9.946313490393687E-01  -1.034817834603057E-01
             zMon=  0.0E+00  1.034817834603057E-01  9.946313490393687E-01
           IndRef=1.0E+00
           Extinc=0.0E+00
            nCoat=  0
             xObs=  -1.0E+00  0.0E+00  0.0E+00
             nObs=  0
           ApType=  Circular
            ApVec=  6.15E+02  0.0E+00  0.0E+00
         PropType=  Geometric
             zElt=8.87096774194E+03
          nECoord=  6
             TElt=  -1.0E+00  0.0E+00  0.0E+00  0.0E+00  0.0E+00  0.0E+00
                    0.0E+00  9.94631349039E-01  1.0348178346E-01  0.0E+00  0.0E+00  0.0E+00
                    0.0E+00  -1.0348178346E-01  9.94631349039E-01  0.0E+00  0.0E+00  0.0E+00
                    0.0E+00  0.0E+00  0.0E+00  -1.0E+00  0.0E+00  0.0E+00
                    0.0E+00  0.0E+00  0.0E+00  0.0E+00  9.94631349039E-01  1.0348178346E-01
                    0.0E+00  0.0E+00  0.0E+00  0.0E+00  -1.0348178346E-01  9.94631349039E-01

             iElt=  9
          EltName=  lens_s1
          Element=  Refractor
          Surface=  FreeForm
            KrElt=-1.178141044931459E+03
            KcElt=0.0E+00
           psiElt=  0.0E+00  4.397848758392087E-02  -9.990324782657624E-01
           VptElt=  0.0E+00  -6.565848734547728E+03  3.55814880770777E+03
           RptElt=  0.0E+00  -6.625200796130088E+03  3.554028148023747E+03
       FFZernType=  BornWolf
      nFFZernCoef=   7
      FFZernModes=  1  4  9 10 11 12
                   13
       FFZernCoef=  -3.982615101969725E-03  -1.705468054646671E-03  8.837009300771345E-05  -4.122252015103961E-04  4.90052402921808E-03  -2.014553029541305E-04
                    3.982615103995399E-03
              lFF=8.627680116988223E+01
      MonZernType=  BornWolf
     nMonZernCoef=   1
      MonZernCoef=0.0E+00
             lMon=8.627680116988223E+01
         nGridMat=  256
         GridFile=  flat.txt
        GridSrfdx=7.15E-01
              pFF=  0.0E+00  -6.565848734547728E+03  3.55814880770777E+03
              xFF=  1.0E+00  0.0E+00  0.0E+00
              yFF=  0.0E+00  9.990324782657622E-01  4.397848758392087E-02
              zFF=  0.0E+00  -4.397848758392087E-02  9.990324782657622E-01
             pMon=  0.0E+00  -6.565848734547728E+03  3.55814880770777E+03
             xMon=  1.0E+00  0.0E+00  0.0E+00
             yMon=  0.0E+00  9.990324782657622E-01  4.397848758392087E-02
             zMon=  0.0E+00  -4.397848758392087E-02  9.990324782657622E-01
            pData=  0.0E+00  0.0E+00  0.0E+00
            xData=  1.0E+00  0.0E+00  0.0E+00
            yData=  0.0E+00  9.921147013144779E-01  -1.253332335643043E-01
            zData=  0.0E+00  1.253332335643043E-01  9.921147013144779E-01
           IndRef=1.45041571277E+00
           Extinc=0.0E+00
            nCoat=  0
             xObs=  -1.0E+00  0.0E+00  0.0E+00
             nObs=  0
           ApType=  Circular
            ApVec=  9.0E+01  0.0E+00  0.0E+00
         PropType=  Geometric
             zElt=1.17814104493E+03
          nECoord=  6
             TElt=  -1.0E+00  0.0E+00  0.0E+00  0.0E+00  0.0E+00  0.0E+00
                    0.0E+00  9.990324782659999E-01  -4.39784875839E-02  0.0E+00  0.0E+00  0.0E+00
                    0.0E+00  4.39784875839E-02  9.990324782659999E-01  0.0E+00  0.0E+00  0.0E+00
                    0.0E+00  0.0E+00  0.0E+00  -1.0E+00  0.0E+00  0.0E+00
                    0.0E+00  0.0E+00  0.0E+00  0.0E+00  9.990324782659999E-01  -4.39784875839E-02
                    0.0E+00  0.0E+00  0.0E+00  0.0E+00  4.39784875839E-02  9.990324782659999E-01

             iElt=  10
          EltName=  lens_s2
          Element=  Refractor
          Surface=  Conic
            KrElt=-1.0E+18
            KcElt=0.0E+00
           psiElt=  0.0E+00  -4.397848758392087E-02  9.990324782657624E-01
           VptElt=  0.0E+00  -6.566728304299406E+03  3.578129457273085E+03
           RptElt=  0.0E+00  -6.626514095845032E+03  3.57549762222429E+03
           IndRef=1.0E+00
           Extinc=0.0E+00
            nCoat=  0
             xObs=  1.0E+00  0.0E+00  0.0E+00
             nObs=  0
           ApType=  Circular
            ApVec=  9.0E+01  0.0E+00  0.0E+00
         PropType=  Geometric
             zElt=1.0E+18
          nECoord=  6
             TElt=  -1.0E+00  0.0E+00  0.0E+00  0.0E+00  0.0E+00  0.0E+00
                    0.0E+00  9.990324782659999E-01  -4.39784875839E-02  0.0E+00  0.0E+00  0.0E+00
                    0.0E+00  4.39784875839E-02  9.990324782659999E-01  0.0E+00  0.0E+00  0.0E+00
                    0.0E+00  0.0E+00  0.0E+00  -1.0E+00  0.0E+00  0.0E+00
                    0.0E+00  0.0E+00  0.0E+00  0.0E+00  9.990324782659999E-01  -4.39784875839E-02
                    0.0E+00  0.0E+00  0.0E+00  0.0E+00  4.39784875839E-02  9.990324782659999E-01

             iElt=  11
          EltName=  fpa
          Element=  Return
          Surface=  Flat
            KrElt=-1.0E+20
            KcElt=0.0E+00
           psiElt=  0.0E+00  -4.397848758392087E-02  9.990324782657624E-01
           VptElt=  0.0E+00  -6.571126153057798E+03  3.678032705099662E+03
           RptElt=  0.0E+00  -6.63339065198377E+03  3.67529175467762E+03
           IndRef=1.0E+00
           Extinc=0.0E+00
            nCoat=  0
             nObs=  0
           ApType=  None
         PropType=  Geometric
             zElt=1.0E+20
          nECoord=  6
             TElt=  -1.0E+00  0.0E+00  0.0E+00  0.0E+00  0.0E+00  0.0E+00
                    0.0E+00  9.990324782659999E-01  -4.39784875839E-02  0.0E+00  0.0E+00  0.0E+00
                    0.0E+00  4.39784875839E-02  9.990324782659999E-01  0.0E+00  0.0E+00  0.0E+00
                    0.0E+00  0.0E+00  0.0E+00  -1.0E+00  0.0E+00  0.0E+00
                    0.0E+00  0.0E+00  0.0E+00  0.0E+00  9.990324782659999E-01  -4.39784875839E-02
                    0.0E+00  0.0E+00  0.0E+00  0.0E+00  4.39784875839E-02  9.990324782659999E-01

             iElt=  12
          EltName=  exitpupil
          Element=  Return
          Surface=  Conic
            KrElt=-2.548001852124474E+03
            KcElt=0.0E+00
           psiElt=  -2.378631529918106E-24  -6.874402194112693E-02  9.976343315300241E-01
           VptElt=  0.0E+00  -6.458229779520717E+03  1.133317697534683E+03
           RptElt=  0.0E+00  -6.458229779520717E+03  1.133317697534683E+03
           IndRef=1.0E+00
           Extinc=0.0E+00
            nCoat=  0
             nObs=  0
           ApType=  None
         PropType=  FarField
             zElt=2.548001852125085E+03
          nECoord=  6
             TElt=  -1.0E+00  0.0E+00  0.0E+00  0.0E+00  0.0E+00  0.0E+00
                    0.0E+00  9.990324782659999E-01  -4.39784875839E-02  0.0E+00  0.0E+00  0.0E+00
                    0.0E+00  4.39784875839E-02  9.990324782659999E-01  0.0E+00  0.0E+00  0.0E+00
                    0.0E+00  0.0E+00  0.0E+00  -1.0E+00  0.0E+00  0.0E+00
                    0.0E+00  0.0E+00  0.0E+00  0.0E+00  9.990324782659999E-01  -4.39784875839E-02
                    0.0E+00  0.0E+00  0.0E+00  0.0E+00  4.39784875839E-02  9.990324782659999E-01

             iElt=  13
          EltName=
          Element=  FocalPlane
          Surface=  Flat
            KrElt=-1.0E+20
            KcElt=0.0E+00
           psiElt=  0.0E+00  -4.397848758392087E-02  9.990324782657624E-01
           VptElt=  0.0E+00  -6.571126153057798E+03  3.678032705099662E+03
           RptElt=  0.0E+00  -6.63339065198377E+03  3.67529175467762E+03
           IndRef=1.0E+00
           Extinc=0.0E+00
            nCoat=  0
             xObs=  1.0E+00  0.0E+00  0.0E+00
             nObs=  0
           ApType=  Rectangular
            ApVec=  -6.6E+01  6.6E+01  -6.6E+01  6.6E+01
         PropType=  Geometric
             zElt=1.0E+20
          nECoord=  6
             TElt=  -1.0E+00  0.0E+00  0.0E+00  0.0E+00  0.0E+00  0.0E+00
                    0.0E+00  9.990324782659999E-01  -4.39784875839E-02  0.0E+00  0.0E+00  0.0E+00
                    0.0E+00  4.39784875839E-02  9.990324782659999E-01  0.0E+00  0.0E+00  0.0E+00
                    0.0E+00  0.0E+00  0.0E+00  -1.0E+00  0.0E+00  0.0E+00
                    0.0E+00  0.0E+00  0.0E+00  0.0E+00  9.990324782659999E-01  -4.39784875839E-02
                    0.0E+00  0.0E+00  0.0E+00  0.0E+00  4.39784875839E-02  9.990324782659999E-01

% ---------------------------------------------------------------------------------------
% Output Coordinate System Definition
% ---------------------------------------------------------------------------------------

         nOutCord=  5
             Tout=  1.0E+00  0.0E+00  0.0E+00  0.0E+00  0.0E+00  0.0E+00  0.0E+00
                    0.0E+00  9.990324782659999E-01  4.39784875839E-02  0.0E+00  0.0E+00  0.0E+00  0.0E+00
                    0.0E+00  0.0E+00  0.0E+00  1.0E+00  0.0E+00  0.0E+00  0.0E+00
                    0.0E+00  0.0E+00  0.0E+00  0.0E+00  9.990324782659999E-01  4.39784875839E-02  0.0E+00
                    0.0E+00  0.0E+00  0.0E+00  0.0E+00  0.0E+00  0.0E+00  1.0E+00
