% MACOS prescription emitted by macos.design.Telescope (family=tma)
% Source Definition
        ChfRayDir=  0.0000000000000000E+00  1.7171787717488857E-04  9.9999998525648526E-01
        ChfRayPos=  0.0000000000000000E+00  -1.2497245505505780E-03  -7.2777776704777537E+00
          zSource=1.0E+22
        BaseUnits=  m
        WaveUnits=  m
           IndRef=1.0E+00
           Extinc=0.0E+00
          Wavelen=4.9999999999999998E-07
             Flux=1.0E+00
         Aperture=4.0000000000000000E+00
         Obscratn=0.0E+00
         ApStop=  0.0000000000000000E+00  0.0000000000000000E+00  0.0000000000000000E+00
         GridType=  Circular
         nGridpts=  41
            xGrid=  1.0000000000000000E+00  0.0000000000000000E+00  0.0000000000000000E+00
            yGrid=  0.0000000000000000E+00  1.0000000000000000E+00  0.0000000000000000E+00
% Element Definitions
             nElt=  11
             iElt=  1
          EltName=  M1
          Element=  Reflector
          Surface=  Zernike
            KrElt=-1.4000000000000000E+01
            KcElt=-9.8945500047017954E-01
         ZernType=  BornWolf
        nZernCoef=  15
        ZernModes=  3 4 5 9 10 11 12 13 19 20 21 22 23 24 25
         ZernCoef=  6.8594689344078055E-04 7.3047132011880259E-07 -9.1445727836224393E-07 6.8188811218141999E-06 -6.2905141757545310E-07 1.0997310833069365E-07
                   -3.5930072641614780E-08 -3.3219658952079623E-07 -2.8183133467843244E-09 -2.6328568679189139E-09 -1.9633741363019578E-09 5.6737451250717880E-09
                   2.4569962041581448E-09 9.4092728208679696E-11 -3.9712971326839765E-09
             lMon=2.1994888890395643E+00
             pMon=  0.0000000000000000E+00  0.0000000000000000E+00  0.0000000000000000E+00
             xMon=  -1.0000000000000000E+00  0.0000000000000000E+00  0.0000000000000000E+00
             yMon=  0.0000000000000000E+00  1.0000000000000000E+00  0.0000000000000000E+00
             zMon=  -0.0000000000000000E+00  0.0000000000000000E+00  -1.0000000000000000E+00
           psiElt=  -0.0000000000000000E+00  0.0000000000000000E+00  -1.0000000000000000E+00
           VptElt=  0.0000000000000000E+00  0.0000000000000000E+00  0.0000000000000000E+00
           RptElt=  0.0000000000000000E+00  0.0000000000000000E+00  0.0000000000000000E+00
           IndRef=1.0E+00
           Extinc=0.0E+00
             nObs=  1
          ObsType=  Circle
           ObsVec=  1.2249303609840223E-01  0.0000000000000000E+00  0.0000000000000000E+00
           ApType=  None
         PropType=  Geometric
             zElt=6.2777777777777777E+00
          nECoord=  6
             TElt=  -1.0000000000000000E+00  0.0000000000000000E+00  0.0000000000000000E+00  0.0000000000000000E+00  0.0000000000000000E+00  0.0000000000000000E+00
                    0.0000000000000000E+00  1.0000000000000000E+00  0.0000000000000000E+00  0.0000000000000000E+00  0.0000000000000000E+00  0.0000000000000000E+00
                    -0.0000000000000000E+00  0.0000000000000000E+00  -1.0000000000000000E+00  0.0000000000000000E+00  0.0000000000000000E+00  0.0000000000000000E+00
                    0.0000000000000000E+00  0.0000000000000000E+00  0.0000000000000000E+00  -1.0000000000000000E+00  0.0000000000000000E+00  0.0000000000000000E+00
                    0.0000000000000000E+00  0.0000000000000000E+00  0.0000000000000000E+00  0.0000000000000000E+00  1.0000000000000000E+00  0.0000000000000000E+00
                    0.0000000000000000E+00  0.0000000000000000E+00  0.0000000000000000E+00  -0.0000000000000000E+00  0.0000000000000000E+00  -1.0000000000000000E+00
             iElt=  2
          EltName=  M2
          Element=  Reflector
          Surface=  Zernike
            KrElt=-1.6507936507936507E+00
            KcElt=-1.5079142383719306E+00
         ZernType=  BornWolf
        nZernCoef=  15
        ZernModes=  3 4 5 9 10 11 12 13 19 20 21 22 23 24 25
         ZernCoef=  -9.2208701941237116E-04 -1.6213724071798617E-06 -1.3761428798770548E-06 -5.5643832362183797E-06 2.2098653378743732E-06 1.7011883587680608E-07
                   -7.8510641101654994E-08 -3.2137767889969942E-07 2.7845226454609810E-09 1.1293567186594788E-08 -2.0196721427381226E-08 1.2257163447393021E-08
                   -5.9534617413572741E-09 1.4568204053388616E-09 -5.6171948165599921E-09
             lMon=2.3199987937802094E-01
             pMon=  0.0000000000000000E+00  0.0000000000000000E+00  -6.2777777777777777E+00
             xMon=  -1.0000000000000000E+00  0.0000000000000000E+00  0.0000000000000000E+00
             yMon=  0.0000000000000000E+00  1.0000000000000000E+00  0.0000000000000000E+00
             zMon=  -0.0000000000000000E+00  0.0000000000000000E+00  -1.0000000000000000E+00
           psiElt=  -0.0000000000000000E+00  0.0000000000000000E+00  -1.0000000000000000E+00
           VptElt=  0.0000000000000000E+00  0.0000000000000000E+00  -6.2777777777777777E+00
           RptElt=  0.0000000000000000E+00  0.0000000000000000E+00  -6.2777777777777777E+00
           IndRef=1.0E+00
           Extinc=0.0E+00
             nObs=  0
           ApType=  None
         PropType=  Geometric
             zElt=6.5777777777777775E+00
          nECoord=  6
             TElt=  -1.0000000000000000E+00  0.0000000000000000E+00  0.0000000000000000E+00  0.0000000000000000E+00  0.0000000000000000E+00  0.0000000000000000E+00
                    0.0000000000000000E+00  1.0000000000000000E+00  0.0000000000000000E+00  0.0000000000000000E+00  0.0000000000000000E+00  0.0000000000000000E+00
                    -0.0000000000000000E+00  0.0000000000000000E+00  -1.0000000000000000E+00  0.0000000000000000E+00  0.0000000000000000E+00  0.0000000000000000E+00
                    0.0000000000000000E+00  0.0000000000000000E+00  0.0000000000000000E+00  -1.0000000000000000E+00  0.0000000000000000E+00  0.0000000000000000E+00
                    0.0000000000000000E+00  0.0000000000000000E+00  0.0000000000000000E+00  0.0000000000000000E+00  1.0000000000000000E+00  0.0000000000000000E+00
                    0.0000000000000000E+00  0.0000000000000000E+00  0.0000000000000000E+00  -0.0000000000000000E+00  0.0000000000000000E+00  -1.0000000000000000E+00
             iElt=  3
          EltName=  FM
          Element=  Reflector
          Surface=  Flat
            KrElt=-1.0000000000000000E+22
            KcElt=0.0000000000000000E+00
           psiElt=  7.0710678118654746E-01  -0.0000000000000000E+00  -7.0710678118654746E-01
           VptElt=  0.0000000000000000E+00  0.0000000000000000E+00  2.9999999999999982E-01
           RptElt=  0.0000000000000000E+00  0.0000000000000000E+00  2.9999999999999982E-01
           IndRef=1.0E+00
           Extinc=0.0E+00
             nObs=  0
           ApType=  None
         PropType=  Geometric
             zElt=2.0999999999999996E+00
          nECoord=  6
             TElt=  -7.0710678118654757E-01  0.0000000000000000E+00  -7.0710678118654757E-01  0.0000000000000000E+00  0.0000000000000000E+00  0.0000000000000000E+00
                    0.0000000000000000E+00  1.0000000000000000E+00  0.0000000000000000E+00  0.0000000000000000E+00  0.0000000000000000E+00  0.0000000000000000E+00
                    7.0710678118654757E-01  -0.0000000000000000E+00  -7.0710678118654757E-01  0.0000000000000000E+00  0.0000000000000000E+00  0.0000000000000000E+00
                    0.0000000000000000E+00  0.0000000000000000E+00  0.0000000000000000E+00  -7.0710678118654757E-01  0.0000000000000000E+00  -7.0710678118654757E-01
                    0.0000000000000000E+00  0.0000000000000000E+00  0.0000000000000000E+00  0.0000000000000000E+00  1.0000000000000000E+00  0.0000000000000000E+00
                    0.0000000000000000E+00  0.0000000000000000E+00  0.0000000000000000E+00  7.0710678118654757E-01  -0.0000000000000000E+00  -7.0710678118654757E-01
             iElt=  4
          EltName=  M3
          Element=  Reflector
          Surface=  Zernike
            KrElt=-3.2624999999999411E+00
            KcElt=-9.8712086113179864E-01
         ZernType=  BornWolf
        nZernCoef=  15
        ZernModes=  3 4 5 9 10 11 12 13 19 20 21 22 23 24 25
         ZernCoef=  6.4917530098596466E-04 -7.4128427362104331E-06 -6.8253260708941824E-07 3.3328617956302746E-07 -5.3028992795689471E-06 -1.7185625848598437E-07
                   6.3791303145809409E-08 9.5607366208827339E-08 -2.2151227053288734E-09 1.3246620203522240E-09 -1.2320983766701331E-09 3.0175012250407009E-10
                   7.3223777680397005E-09 5.7387791472902904E-09 3.9273123896252986E-09
             lMon=1.7143092291460482E-01
             pMon=  2.0999999999999992E+00  0.0000000000000000E+00  3.0000000000000027E-01
             xMon=  -2.2204460492503136E-16  0.0000000000000000E+00  1.0000000000000000E+00
             yMon=  0.0000000000000000E+00  1.0000000000000000E+00  0.0000000000000000E+00
             zMon=  -1.0000000000000000E+00  0.0000000000000000E+00  -2.2204460492503136E-16
           psiElt=  -9.9999999999999978E-01  0.0000000000000000E+00  -2.2204460492503131E-16
           VptElt=  2.0999999999999992E+00  0.0000000000000000E+00  3.0000000000000027E-01
           RptElt=  2.0999999999999992E+00  0.0000000000000000E+00  3.0000000000000027E-01
           IndRef=1.0E+00
           Extinc=0.0E+00
             nObs=  0
           ApType=  None
         PropType=  Geometric
             zElt=4.1792134101280443E+00
          nECoord=  6
             TElt=  -2.2204460492503136E-16  0.0000000000000000E+00  1.0000000000000000E+00  0.0000000000000000E+00  0.0000000000000000E+00  0.0000000000000000E+00
                    0.0000000000000000E+00  1.0000000000000000E+00  0.0000000000000000E+00  0.0000000000000000E+00  0.0000000000000000E+00  0.0000000000000000E+00
                    -1.0000000000000000E+00  0.0000000000000000E+00  -2.2204460492503136E-16  0.0000000000000000E+00  0.0000000000000000E+00  0.0000000000000000E+00
                    0.0000000000000000E+00  0.0000000000000000E+00  0.0000000000000000E+00  -2.2204460492503136E-16  0.0000000000000000E+00  1.0000000000000000E+00
                    0.0000000000000000E+00  0.0000000000000000E+00  0.0000000000000000E+00  0.0000000000000000E+00  1.0000000000000000E+00  0.0000000000000000E+00
                    0.0000000000000000E+00  0.0000000000000000E+00  0.0000000000000000E+00  -1.0000000000000000E+00  0.0000000000000000E+00  -2.2204460492503136E-16
             iElt=  5
          EltName=  M4
          Element=  Reflector
          Surface=  Zernike
            KrElt=-1.0000000000000000E+06
            KcElt=0.0000000000000000E+00
         ZernType=  BornWolf
        nZernCoef=  15
        ZernModes=  3 4 5 9 10 11 12 13 19 20 21 22 23 24 25
         ZernCoef=  3.9229911715477740E-09 -1.9409347381449300E-08 -4.0244805905476382E-08 -1.0736120332437249E-08 2.8438245748392259E-09 2.1140384051617747E-08
                   8.7581782670699484E-09 3.3781851122946129E-09 -4.4108458013618878E-09 -8.3920095848418290E-09 -1.2540514663218872E-09 3.2794575743242710E-09
                   1.9189085738685802E-09 6.3870143020121855E-10 2.7154297226234955E-09
             lMon=7.7439418911058058E-02
             pMon=  -2.0792134101280442E+00  0.0000000000000000E+00  2.9999999999999938E-01
             xMon=  2.2204460492503136E-16  0.0000000000000000E+00  -1.0000000000000000E+00
             yMon=  8.7155742747658180E-02  9.9619469809174555E-01  1.9352462465351429E-17
             zMon=  9.9619469809174555E-01  -8.7155742747658180E-02  2.2119965816619253E-16
           psiElt=  9.9619469809174532E-01  -8.7155742747658166E-02  2.2119965816619248E-16
           VptElt=  -2.0792134101280442E+00  0.0000000000000000E+00  2.9999999999999938E-01
           RptElt=  -2.0792134101280442E+00  0.0000000000000000E+00  2.9999999999999938E-01
           IndRef=1.0E+00
           Extinc=0.0E+00
             nObs=  0
           ApType=  None
         PropType=  Geometric
             zElt=1.5338074031828581E+00
          nECoord=  6
             TElt=  2.2204460492503136E-16  0.0000000000000000E+00  -1.0000000000000000E+00  0.0000000000000000E+00  0.0000000000000000E+00  0.0000000000000000E+00
                    8.7155742747658180E-02  9.9619469809174555E-01  1.9352462465351429E-17  0.0000000000000000E+00  0.0000000000000000E+00  0.0000000000000000E+00
                    9.9619469809174555E-01  -8.7155742747658180E-02  2.2119965816619253E-16  0.0000000000000000E+00  0.0000000000000000E+00  0.0000000000000000E+00
                    0.0000000000000000E+00  0.0000000000000000E+00  0.0000000000000000E+00  2.2204460492503136E-16  0.0000000000000000E+00  -1.0000000000000000E+00
                    0.0000000000000000E+00  0.0000000000000000E+00  0.0000000000000000E+00  8.7155742747658180E-02  9.9619469809174555E-01  1.9352462465351429E-17
                    0.0000000000000000E+00  0.0000000000000000E+00  0.0000000000000000E+00  9.9619469809174555E-01  -8.7155742747658180E-02  2.2119965816619253E-16
             iElt=  6
          EltName=  M5
          Element=  Reflector
          Surface=  Zernike
            KrElt=-2.0000000000000000E+00
            KcElt=0.0000000000000000E+00
         ZernType=  BornWolf
        nZernCoef=  15
        ZernModes=  3 4 5 9 10 11 12 13 19 20 21 22 23 24 25
         ZernCoef=  -5.5281161447705361E-04 -2.0444613047637589E-06 -6.0334449916276793E-07 2.1902361761801200E-06 -1.1419583585313473E-05 -7.0476363865337444E-08
                   8.9378869922551252E-09 -1.4259173667536284E-08 3.6631842162411139E-08 -4.6381682048320321E-08 4.6140050919202184E-08 1.5771848172866281E-09
                   -1.1946152566444446E-08 -4.8168019218880906E-09 -6.8741942028743797E-09
             lMon=1.6998735541773741E-01
             pMon=  -5.6870798784604404E-01  -2.6634286045474997E-01  2.9999999999999971E-01
             xMon=  -2.2204460492503136E-16  0.0000000000000000E+00  1.0000000000000000E+00
             yMon=  2.9538693258783671E-01  9.5537770544238088E-01  6.5589074746483071E-17
             zMon=  -9.5537770544238099E-01  2.9538693258783671E-01  -2.1213646515913647E-16
           psiElt=  -9.5537770544238065E-01  2.9538693258783660E-01  -2.1213646515913639E-16
           VptElt=  -5.6870798784604404E-01  -2.6634286045474997E-01  2.9999999999999971E-01
           RptElt=  -5.6870798784604404E-01  -2.6634286045474997E-01  2.9999999999999971E-01
           IndRef=1.0E+00
           Extinc=0.0E+00
             nObs=  0
           ApType=  None
         PropType=  Geometric
             zElt=1.0160675790064644E+00
          nECoord=  6
             TElt=  -2.2204460492503136E-16  0.0000000000000000E+00  1.0000000000000000E+00  0.0000000000000000E+00  0.0000000000000000E+00  0.0000000000000000E+00
                    2.9538693258783671E-01  9.5537770544238088E-01  6.5589074746483071E-17  0.0000000000000000E+00  0.0000000000000000E+00  0.0000000000000000E+00
                    -9.5537770544238099E-01  2.9538693258783671E-01  -2.1213646515913647E-16  0.0000000000000000E+00  0.0000000000000000E+00  0.0000000000000000E+00
                    0.0000000000000000E+00  0.0000000000000000E+00  0.0000000000000000E+00  -2.2204460492503136E-16  0.0000000000000000E+00  1.0000000000000000E+00
                    0.0000000000000000E+00  0.0000000000000000E+00  0.0000000000000000E+00  2.9538693258783671E-01  9.5537770544238088E-01  6.5589074746483071E-17
                    0.0000000000000000E+00  0.0000000000000000E+00  0.0000000000000000E+00  -9.5537770544238099E-01  2.9538693258783671E-01  -2.1213646515913647E-16
             iElt=  7
          EltName=  M6
          Element=  Reflector
          Surface=  Conic
            KrElt=-1.0000000000000000E+00
            KcElt=0.0000000000000000E+00
           psiElt=  -9.8515729908321747E-01  1.7165400101092787E-01  -2.1874886326394398E-16
           VptElt=  -1.4943060996475876E+00  1.5277700370999575E-01  2.9999999999999949E-01
           RptElt=  -1.4943060996475876E+00  1.5277700370999575E-01  2.9999999999999949E-01
           IndRef=1.0E+00
           Extinc=0.0E+00
             nObs=  0
           ApType=  None
         PropType=  Geometric
             zElt=1.0160675790064644E+00
          nECoord=  6
             TElt=  -2.2204460492503136E-16  0.0000000000000000E+00  1.0000000000000000E+00  0.0000000000000000E+00  0.0000000000000000E+00  0.0000000000000000E+00
                    1.7165400101092790E-01  9.8515729908321770E-01  3.8114844838272416E-17  0.0000000000000000E+00  0.0000000000000000E+00  0.0000000000000000E+00
                    -9.8515729908321770E-01  1.7165400101092790E-01  -2.1874886326394403E-16  0.0000000000000000E+00  0.0000000000000000E+00  0.0000000000000000E+00
                    0.0000000000000000E+00  0.0000000000000000E+00  0.0000000000000000E+00  -2.2204460492503136E-16  0.0000000000000000E+00  1.0000000000000000E+00
                    0.0000000000000000E+00  0.0000000000000000E+00  0.0000000000000000E+00  1.7165400101092790E-01  9.8515729908321770E-01  3.8114844838272416E-17
                    0.0000000000000000E+00  0.0000000000000000E+00  0.0000000000000000E+00  -9.8515729908321770E-01  1.7165400101092790E-01  -2.1874886326394403E-16
             iElt=  8
          EltName=  M7
          Element=  Reflector
          Surface=  Zernike
            KrElt=-2.0000000000000000E+00
            KcElt=0.0000000000000000E+00
         ZernType=  BornWolf
        nZernCoef=  15
        ZernModes=  3 4 5 9 10 11 12 13 19 20 21 22 23 24 25
         ZernCoef=  -7.6403339990904968E-04 -2.0939085915483296E-06 -2.9418232552897818E-07 2.2542704233356509E-08 1.9998810445904903E-06 -1.0782412734895170E-07
                   1.1650034879082377E-07 -1.8556321602438192E-08 3.6704179044873248E-08 -6.5648106371983063E-08 7.4957191251801328E-08 9.9597647667260848E-09
                   -1.3967281550737749E-08 2.8050945214002920E-09 -3.9218746945246401E-09
             lMon=6.5494739337705499E-02
             pMon=  -4.8150213395447705E-01  2.3414930971373199E-01  2.9999999999999971E-01
             xMon=  -2.2204460492503136E-16  0.0000000000000000E+00  1.0000000000000000E+00
             yMon=  4.5140847503596038E-02  9.9898063238816459E-01  1.0023281649917070E-17
             zMon=  -9.9898063238816448E-01  4.5140847503596038E-02  -2.2181825984638797E-16
           psiElt=  -9.9898063238816426E-01  4.5140847503596031E-02  -2.2181825984638792E-16
           VptElt=  -4.8150213395447705E-01  2.3414930971373199E-01  2.9999999999999971E-01
           RptElt=  -4.8150213395447705E-01  2.3414930971373199E-01  2.9999999999999971E-01
           IndRef=1.0E+00
           Extinc=0.0E+00
             nObs=  0
           ApType=  None
         PropType=  Geometric
             zElt=1.9839232179697790E+00
          nECoord=  6
             TElt=  -2.2204460492503136E-16  0.0000000000000000E+00  1.0000000000000000E+00  0.0000000000000000E+00  0.0000000000000000E+00  0.0000000000000000E+00
                    4.5140847503596038E-02  9.9898063238816459E-01  1.0023281649917070E-17  0.0000000000000000E+00  0.0000000000000000E+00  0.0000000000000000E+00
                    -9.9898063238816448E-01  4.5140847503596038E-02  -2.2181825984638797E-16  0.0000000000000000E+00  0.0000000000000000E+00  0.0000000000000000E+00
                    0.0000000000000000E+00  0.0000000000000000E+00  0.0000000000000000E+00  -2.2204460492503136E-16  0.0000000000000000E+00  1.0000000000000000E+00
                    0.0000000000000000E+00  0.0000000000000000E+00  0.0000000000000000E+00  4.5140847503596038E-02  9.9898063238816459E-01  1.0023281649917070E-17
                    0.0000000000000000E+00  0.0000000000000000E+00  0.0000000000000000E+00  -9.9898063238816448E-01  4.5140847503596038E-02  -2.2181825984638797E-16
             iElt=  9
          EltName=  FP_return
          Element=  Return
          Surface=  Flat
            KrElt=-1.0000000000000000E+22
            KcElt=0.0000000000000000E+00
           psiElt=  9.8580252577731642E-01  -1.6790884482677876E-01  -2.8018416795685660E-16
           VptElt=  -2.4346115295220003E+00  5.6681668868142443E-01  3.0000000000000027E-01
           RptElt=  -2.4346115295220003E+00  5.6681668868142443E-01  3.0000000000000027E-01
           IndRef=1.0E+00
           Extinc=0.0E+00
             nObs=  0
           ApType=  Circular
            ApVec=  2.2000000000000002E+00  0.0000000000000000E+00  0.0000000000000000E+00
         PropType=  Geometric
             zElt=1.9766544696826034E+00
          nECoord=  6
             TElt=  -2.8421936506596822E-16  -6.1629758220391547E-33  -1.0000000000000000E+00  0.0000000000000000E+00  0.0000000000000000E+00  0.0000000000000000E+00
                    1.6790884482677879E-01  9.8580252577731653E-01  -4.7722945265627249E-17  0.0000000000000000E+00  0.0000000000000000E+00  0.0000000000000000E+00
                    9.8580252577731653E-01  -1.6790884482677879E-01  -2.8018416795685665E-16  0.0000000000000000E+00  0.0000000000000000E+00  0.0000000000000000E+00
                    0.0000000000000000E+00  0.0000000000000000E+00  0.0000000000000000E+00  -2.8421936506596822E-16  -6.1629758220391547E-33  -1.0000000000000000E+00
                    0.0000000000000000E+00  0.0000000000000000E+00  0.0000000000000000E+00  1.6790884482677879E-01  9.8580252577731653E-01  -4.7722945265627249E-17
                    0.0000000000000000E+00  0.0000000000000000E+00  0.0000000000000000E+00  9.8580252577731653E-01  -1.6790884482677879E-01  -2.8018416795685665E-16
             iElt=  10
          EltName=  ExitPupil
          Element=  Return
          Surface=  Conic
            KrElt=-1.9766544696826034E+00
            KcElt=0.0000000000000000E+00
           psiElt=  -9.8945701903092076E-01  1.4481998386196274E-01  1.4070411027688728E-03
           VptElt=  -4.7879689029570605E-01  2.8055762028131331E-01  2.9721876591518503E-01
           RptElt=  -4.7879689029570605E-01  2.8055762028131331E-01  2.9721876591518503E-01
           IndRef=1.0E+00
           Extinc=0.0E+00
             nObs=  0
           ApType=  Circular
            ApVec=  2.2000000000000002E+00  0.0000000000000000E+00  0.0000000000000000E+00
         PropType=  FarField
             zElt=1.9766544696826034E+00
          nECoord=  6
             TElt=  1.4220321378934297E-03  2.7105054312137611E-20  9.9999898891178807E-01  0.0000000000000000E+00  0.0000000000000000E+00  0.0000000000000000E+00
                    1.4481983743618421E-01  9.8945801946026024E-01  -2.0593867126091886E-04  0.0000000000000000E+00  0.0000000000000000E+00  0.0000000000000000E+00
                    -9.8945701903092076E-01  1.4481998386196274E-01  1.4070411027688728E-03  0.0000000000000000E+00  0.0000000000000000E+00  0.0000000000000000E+00
                    0.0000000000000000E+00  0.0000000000000000E+00  0.0000000000000000E+00  1.4220321378934297E-03  2.7105054312137611E-20  9.9999898891178807E-01
                    0.0000000000000000E+00  0.0000000000000000E+00  0.0000000000000000E+00  1.4481983743618421E-01  9.8945801946026024E-01  -2.0593867126091886E-04
                    0.0000000000000000E+00  0.0000000000000000E+00  0.0000000000000000E+00  -9.8945701903092076E-01  1.4481998386196274E-01  1.4070411027688728E-03
             iElt=  11
          EltName=  FP
          Element=  FocalPlane
          Surface=  Flat
            KrElt=-1.0000000000000000E+22
            KcElt=0.0000000000000000E+00
           psiElt=  -9.9060909738888703E-01  1.3672459972651135E-01  -6.1693067971711763E-11
           VptElt=  -2.4346115295220003E+00  5.6681668868142443E-01  3.0000000000000027E-01
           RptElt=  -2.4346115295220003E+00  5.6681668868142443E-01  3.0000000000000027E-01
           IndRef=1.0E+00
           Extinc=0.0E+00
             nObs=  0
           ApType=  None
         PropType=  Geometric
             zElt=1.0000000000000000E+20
          nECoord=  6
             TElt=  -6.2277913794983752E-11  0.0000000000000000E+00  1.0000000000000000E+00  0.0000000000000000E+00  0.0000000000000000E+00  0.0000000000000000E+00
                    1.3672459972651138E-01  9.9060909738888692E-01  8.5149228354213325E-12  0.0000000000000000E+00  0.0000000000000000E+00  0.0000000000000000E+00
                    -9.9060909738888703E-01  1.3672459972651135E-01  -6.1693067971711763E-11  0.0000000000000000E+00  0.0000000000000000E+00  0.0000000000000000E+00
                    0.0000000000000000E+00  0.0000000000000000E+00  0.0000000000000000E+00  -6.2277913794983752E-11  0.0000000000000000E+00  1.0000000000000000E+00
                    0.0000000000000000E+00  0.0000000000000000E+00  0.0000000000000000E+00  1.3672459972651138E-01  9.9060909738888692E-01  8.5149228354213325E-12
                    0.0000000000000000E+00  0.0000000000000000E+00  0.0000000000000000E+00  -9.9060909738888703E-01  1.3672459972651135E-01  -6.1693067971711763E-11
% Output Coordinate System Definition
         nOutCord=  5
             Tout=  1.0000000000000000E+00  0.0000000000000000E+00  0.0000000000000000E+00  0.0000000000000000E+00  0.0000000000000000E+00  0.0000000000000000E+00  0.0E+00
                    0.0000000000000000E+00  1.0000000000000000E+00  0.0000000000000000E+00  0.0000000000000000E+00  0.0000000000000000E+00  0.0000000000000000E+00  0.0E+00
                    0.0000000000000000E+00  0.0000000000000000E+00  0.0000000000000000E+00  1.0000000000000000E+00  0.0000000000000000E+00  0.0000000000000000E+00  0.0E+00
                    0.0000000000000000E+00  0.0000000000000000E+00  0.0000000000000000E+00  0.0000000000000000E+00  1.0000000000000000E+00  0.0000000000000000E+00  0.0E+00
                    0.0000000000000000E+00  0.0000000000000000E+00  0.0000000000000000E+00  0.0000000000000000E+00  0.0000000000000000E+00  0.0000000000000000E+00  1.0E+00
