% MACOS prescription emitted by macos.design.Telescope (family=tma)
% Source Definition
        ChfRayDir=  0.0000000000000000E+00  0.0000000000000000E+00  1.0000000000000000E+00
        ChfRayPos=  0.0000000000000000E+00  0.0000000000000000E+00  -2.5308829544829884E+01
          zSource=1.0E+22
        BaseUnits=  m
        WaveUnits=  m
           IndRef=1.0E+00
           Extinc=0.0E+00
          Wavelen=9.9999999999999995E-07
             Flux=1.0E+00
         Aperture=8.0000000000000000E+00
         Obscratn=0.0E+00
         ApStop=  0.0000000000000000E+00  0.0000000000000000E+00  0.0000000000000000E+00
         GridType=  Circular
         nGridpts=  41
            xGrid=  1.0000000000000000E+00  0.0000000000000000E+00  0.0000000000000000E+00
            yGrid=  0.0000000000000000E+00  1.0000000000000000E+00  0.0000000000000000E+00
% Element Definitions
             nElt=  6
             iElt=  1
          EltName=  M1
          Element=  Reflector
          Surface=  Zernike
            KrElt=-5.1533999999999999E+01
            KcElt=0.0000000000000000E+00
         ZernType=  BornWolf
        nZernCoef=  15
        ZernModes=  3 4 5 9 10 11 12 13 19 20 21 22 23 24 25
         ZernCoef=  1.0273476032616163E-02 6.8376700782265664E-04 2.6305545420247679E-04 -4.6039595837363701E-04 2.4091587119304459E-04 6.1444718186260652E-06
                   -5.7949870940750391E-06 -5.5180695656726014E-05 -6.8760129597163417E-07 6.9678628068283216E-07 -7.2641974914374510E-07 1.8752737188757870E-07
                   -7.9414995725063494E-08 -6.9153403379549197E-09 -1.9480130764842622E-08
             lMon=4.4000000000000004E+00
             pMon=  0.0000000000000000E+00  0.0000000000000000E+00  0.0000000000000000E+00
             xMon=  -1.0000000000000000E+00  0.0000000000000000E+00  0.0000000000000000E+00
             yMon=  0.0000000000000000E+00  9.9211470131447788E-01  -1.2533323356430426E-01
             zMon=  -0.0000000000000000E+00  -1.2533323356430426E-01  -9.9211470131447788E-01
           psiElt=  -0.0000000000000000E+00  -1.2533323356430426E-01  -9.9211470131447788E-01
           VptElt=  0.0000000000000000E+00  0.0000000000000000E+00  0.0000000000000000E+00
           RptElt=  0.0000000000000000E+00  0.0000000000000000E+00  0.0000000000000000E+00
           IndRef=1.0E+00
           Extinc=0.0E+00
             nObs=  0
           ApType=  Circular
            ApVec=  4.1580000000000048E+00  2.4424906541753444E-15  2.2204460492503131E-15
         PropType=  Geometric
             zElt=2.2000000000000000E+01
          nECoord=  6
             TElt=  -1.0000000000000000E+00  0.0000000000000000E+00  0.0000000000000000E+00  0.0000000000000000E+00  0.0000000000000000E+00  0.0000000000000000E+00
                    0.0000000000000000E+00  9.9211470131447788E-01  -1.2533323356430426E-01  0.0000000000000000E+00  0.0000000000000000E+00  0.0000000000000000E+00
                    -0.0000000000000000E+00  -1.2533323356430426E-01  -9.9211470131447788E-01  0.0000000000000000E+00  0.0000000000000000E+00  0.0000000000000000E+00
                    0.0000000000000000E+00  0.0000000000000000E+00  0.0000000000000000E+00  -1.0000000000000000E+00  0.0000000000000000E+00  0.0000000000000000E+00
                    0.0000000000000000E+00  0.0000000000000000E+00  0.0000000000000000E+00  0.0000000000000000E+00  9.9211470131447788E-01  -1.2533323356430426E-01
                    0.0000000000000000E+00  0.0000000000000000E+00  0.0000000000000000E+00  -0.0000000000000000E+00  -1.2533323356430426E-01  -9.9211470131447788E-01
             iElt=  2
          EltName=  M2
          Element=  Reflector
          Surface=  Zernike
            KrElt=-8.8710000000000004E+00
            KcElt=0.0000000000000000E+00
         ZernType=  BornWolf
        nZernCoef=  15
        ZernModes=  3 4 5 9 10 11 12 13 19 20 21 22 23 24 25
         ZernCoef=  7.5182684744004816E-02 -9.4659843024338247E-03 -1.8885273439324271E-03 -1.0306015277698755E-03 9.0828374651472699E-02 -3.6693072482013561E-02
                   2.1605535498877824E-03 -7.4890585721746120E-04 -6.8054923946976077E-03 7.8646843397362845E-03 -1.3038170985909023E-02 1.3301415533774293E-02
                   -6.9281665888347582E-03 8.6354086079740221E-04 2.1075596121706130E-03
             lMon=4.0000000000000000E+00
             pMon=  0.0000000000000000E+00  -5.4711775176268045E+00  -2.1308829544829884E+01
             xMon=  -1.0000000000000000E+00  0.0000000000000000E+00  0.0000000000000000E+00
             yMon=  0.0000000000000000E+00  9.9463081199143233E-01  -1.0348694525042249E-01
             zMon=  -0.0000000000000000E+00  -1.0348694525042249E-01  -9.9463081199143233E-01
           psiElt=  -0.0000000000000000E+00  -1.0348694525042249E-01  -9.9463081199143233E-01
           VptElt=  0.0000000000000000E+00  -5.4711775176268045E+00  -2.1308829544829884E+01
           RptElt=  0.0000000000000000E+00  -5.4711775176268045E+00  -2.1308829544829884E+01
           IndRef=1.0E+00
           Extinc=0.0E+00
             nObs=  0
           ApType=  Circular
            ApVec=  6.3231773991825890E-01  6.6613381477509392E-16  -5.5901929032080719E+00
         PropType=  Geometric
             zElt=2.8000000000000000E+01
          nECoord=  6
             TElt=  -1.0000000000000000E+00  0.0000000000000000E+00  0.0000000000000000E+00  0.0000000000000000E+00  0.0000000000000000E+00  0.0000000000000000E+00
                    0.0000000000000000E+00  9.9463081199143233E-01  -1.0348694525042249E-01  0.0000000000000000E+00  0.0000000000000000E+00  0.0000000000000000E+00
                    -0.0000000000000000E+00  -1.0348694525042249E-01  -9.9463081199143233E-01  0.0000000000000000E+00  0.0000000000000000E+00  0.0000000000000000E+00
                    0.0000000000000000E+00  0.0000000000000000E+00  0.0000000000000000E+00  -1.0000000000000000E+00  0.0000000000000000E+00  0.0000000000000000E+00
                    0.0000000000000000E+00  0.0000000000000000E+00  0.0000000000000000E+00  0.0000000000000000E+00  9.9463081199143233E-01  -1.0348694525042249E-01
                    0.0000000000000000E+00  0.0000000000000000E+00  0.0000000000000000E+00  -0.0000000000000000E+00  -1.0348694525042249E-01  -9.9463081199143233E-01
             iElt=  3
          EltName=  M3
          Element=  Reflector
          Surface=  Zernike
            KrElt=-3.0000000000000000E+00
            KcElt=0.0000000000000000E+00
         ZernType=  BornWolf
        nZernCoef=  15
        ZernModes=  3 4 5 9 10 11 12 13 19 20 21 22 23 24 25
         ZernCoef=  9.7279357745330397E-01 2.8493454886765823E-01 -2.1848229613301273E-01 4.5688811788978601E-01 -2.8064760022810264E-01 2.7306217084201907E+00
                   -4.4960853783339083E-02 3.4570380240284318E-02 5.7905545892347442E-02 -1.3804206170667990E-01 4.6271957460122959E-01 -7.9750048020646247E-01
                   5.4628253710926566E-01 -2.2652240024033592E-02 2.6103260986757353E-02
             lMon=4.0000000000000000E+00
             pMon=  0.0000000000000000E+00  -6.7022848305270237E+00  6.6640926261576077E+00
             xMon=  -1.0000000000000000E+00  0.0000000000000000E+00  0.0000000000000000E+00
             yMon=  0.0000000000000000E+00  9.6806018228791790E-01  2.5071793607295673E-01
             zMon=  0.0000000000000000E+00  2.5071793607295673E-01  -9.6806018228791790E-01
           psiElt=  0.0000000000000000E+00  2.5071793607295673E-01  -9.6806018228791790E-01
           VptElt=  0.0000000000000000E+00  -6.7022848305270237E+00  6.6640926261576077E+00
           RptElt=  0.0000000000000000E+00  -6.7022848305270237E+00  6.6640926261576077E+00
           IndRef=1.0E+00
           Extinc=0.0E+00
             nObs=  0
           ApType=  Circular
            ApVec=  2.8871096026725335E-01  4.4408920985006262E-16  -6.8927253531906079E+00
         PropType=  Geometric
             zElt=2.9940825243128470E+00
          nECoord=  6
             TElt=  -1.0000000000000000E+00  0.0000000000000000E+00  0.0000000000000000E+00  0.0000000000000000E+00  0.0000000000000000E+00  0.0000000000000000E+00
                    0.0000000000000000E+00  9.6806018228791790E-01  2.5071793607295673E-01  0.0000000000000000E+00  0.0000000000000000E+00  0.0000000000000000E+00
                    0.0000000000000000E+00  2.5071793607295673E-01  -9.6806018228791790E-01  0.0000000000000000E+00  0.0000000000000000E+00  0.0000000000000000E+00
                    0.0000000000000000E+00  0.0000000000000000E+00  0.0000000000000000E+00  -1.0000000000000000E+00  0.0000000000000000E+00  0.0000000000000000E+00
                    0.0000000000000000E+00  0.0000000000000000E+00  0.0000000000000000E+00  0.0000000000000000E+00  9.6806018228791790E-01  2.5071793607295673E-01
                    0.0000000000000000E+00  0.0000000000000000E+00  0.0000000000000000E+00  0.0000000000000000E+00  2.5071793607295673E-01  -9.6806018228791790E-01
             iElt=  4
          EltName=  FP_return
          Element=  Return
          Surface=  Conic
            KrElt=-1.0000000000000000E+22
            KcElt=0.0000000000000000E+00
           psiElt=  0.0000000000000000E+00  0.0000000000000000E+00  1.0000000000000000E+00
           VptElt=  0.0000000000000000E+00  -5.3653965128125831E+00  3.9850517925094451E+00
           RptElt=  0.0000000000000000E+00  -5.3653965128125831E+00  3.9850517925094451E+00
           IndRef=1.0E+00
           Extinc=0.0E+00
             nObs=  0
           ApType=  Circular
            ApVec=  4.4000000000000004E+00  0.0000000000000000E+00  0.0000000000000000E+00
         PropType=  Geometric
             zElt=7.7453497402277738E-01
          nECoord=  6
             TElt=  1.0000000000000000E+00  0.0000000000000000E+00  0.0000000000000000E+00  0.0000000000000000E+00  0.0000000000000000E+00  0.0000000000000000E+00
                    0.0000000000000000E+00  1.0000000000000000E+00  0.0000000000000000E+00  0.0000000000000000E+00  0.0000000000000000E+00  0.0000000000000000E+00
                    0.0000000000000000E+00  0.0000000000000000E+00  1.0000000000000000E+00  0.0000000000000000E+00  0.0000000000000000E+00  0.0000000000000000E+00
                    0.0000000000000000E+00  0.0000000000000000E+00  0.0000000000000000E+00  1.0000000000000000E+00  0.0000000000000000E+00  0.0000000000000000E+00
                    0.0000000000000000E+00  0.0000000000000000E+00  0.0000000000000000E+00  0.0000000000000000E+00  1.0000000000000000E+00  0.0000000000000000E+00
                    0.0000000000000000E+00  0.0000000000000000E+00  0.0000000000000000E+00  0.0000000000000000E+00  0.0000000000000000E+00  1.0000000000000000E+00
             iElt=  5
          EltName=  ExitPupil
          Element=  Return
          Surface=  Conic
            KrElt=-7.7453497402277738E-01
            KcElt=0.0000000000000000E+00
           psiElt=  1.6657574896826195E-02  7.3678351028439992E-01  -6.7592350467457063E-01
           VptElt=  -1.2901874339995744E-02  -5.9360611098111216E+00  4.5085781866439483E+00
           RptElt=  -1.2901874339995744E-02  -5.9360611098111216E+00  4.5085781866439483E+00
           IndRef=1.0E+00
           Extinc=0.0E+00
             nObs=  0
           ApType=  Circular
            ApVec=  4.4000000000000004E+00  0.0000000000000000E+00  0.0000000000000000E+00
         PropType=  Geometric
             zElt=7.7453497402277738E-01
          nECoord=  6
             TElt=  -9.9969647065196543E-01  0.0000000000000000E+00  -2.4636691458148695E-02  0.0000000000000000E+00  0.0000000000000000E+00  0.0000000000000000E+00
                    -1.8151908014328488E-02  6.7612872958704939E-01  7.3655987486588070E-01  0.0000000000000000E+00  0.0000000000000000E+00  0.0000000000000000E+00
                    1.6657574896826195E-02  7.3678351028439992E-01  -6.7592350467457063E-01  0.0000000000000000E+00  0.0000000000000000E+00  0.0000000000000000E+00
                    0.0000000000000000E+00  0.0000000000000000E+00  0.0000000000000000E+00  -9.9969647065196543E-01  0.0000000000000000E+00  -2.4636691458148695E-02
                    0.0000000000000000E+00  0.0000000000000000E+00  0.0000000000000000E+00  -1.8151908014328488E-02  6.7612872958704939E-01  7.3655987486588070E-01
                    0.0000000000000000E+00  0.0000000000000000E+00  0.0000000000000000E+00  1.6657574896826195E-02  7.3678351028439992E-01  -6.7592350467457063E-01
             iElt=  6
          EltName=  FP
          Element=  FocalPlane
          Surface=  Flat
            KrElt=-1.0000000000000000E+22
            KcElt=0.0000000000000000E+00
           psiElt=  -0.0000000000000000E+00  -4.4651017694352352E-01  8.9477855466359013E-01
           VptElt=  0.0000000000000000E+00  -5.3653965128125831E+00  3.9850517925094451E+00
           RptElt=  0.0000000000000000E+00  -5.3653965128125831E+00  3.9850517925094451E+00
           IndRef=1.0E+00
           Extinc=0.0E+00
             nObs=  0
           ApType=  Rectangular
            ApVec=  -8.0744971126013143E-02  8.0744971126009590E-02  -5.6897818580518900E+00  -5.5282919157998665E+00
         PropType=  Geometric
             zElt=1.0000000000000000E+20
          nECoord=  6
             TElt=  1.0000000000000000E+00  -0.0000000000000000E+00  0.0000000000000000E+00  0.0000000000000000E+00  0.0000000000000000E+00  0.0000000000000000E+00
                    0.0000000000000000E+00  8.9477855466359013E-01  4.4651017694352352E-01  0.0000000000000000E+00  0.0000000000000000E+00  0.0000000000000000E+00
                    -0.0000000000000000E+00  -4.4651017694352352E-01  8.9477855466359013E-01  0.0000000000000000E+00  0.0000000000000000E+00  0.0000000000000000E+00
                    0.0000000000000000E+00  0.0000000000000000E+00  0.0000000000000000E+00  1.0000000000000000E+00  -0.0000000000000000E+00  0.0000000000000000E+00
                    0.0000000000000000E+00  0.0000000000000000E+00  0.0000000000000000E+00  0.0000000000000000E+00  8.9477855466359013E-01  4.4651017694352352E-01
                    0.0000000000000000E+00  0.0000000000000000E+00  0.0000000000000000E+00  -0.0000000000000000E+00  -4.4651017694352352E-01  8.9477855466359013E-01
% Output Coordinate System Definition
         nOutCord=  5
             Tout=  1.0000000000000000E+00  0.0000000000000000E+00  0.0000000000000000E+00  0.0000000000000000E+00  0.0000000000000000E+00  0.0000000000000000E+00  0.0E+00
                    0.0000000000000000E+00  1.0000000000000000E+00  0.0000000000000000E+00  0.0000000000000000E+00  0.0000000000000000E+00  0.0000000000000000E+00  0.0E+00
                    0.0000000000000000E+00  0.0000000000000000E+00  0.0000000000000000E+00  1.0000000000000000E+00  0.0000000000000000E+00  0.0000000000000000E+00  0.0E+00
                    0.0000000000000000E+00  0.0000000000000000E+00  0.0000000000000000E+00  0.0000000000000000E+00  1.0000000000000000E+00  0.0000000000000000E+00  0.0E+00
                    0.0000000000000000E+00  0.0000000000000000E+00  0.0000000000000000E+00  0.0000000000000000E+00  0.0000000000000000E+00  0.0000000000000000E+00  1.0E+00
