
% ---------------------------------------------------------------------------------------
% Source Definition
% ---------------------------------------------------------------------------------------

        ChfRayDir=  0.0E+00  -3.490658433100967E-04  9.999999390765167E-01
        ChfRayPos=  0.0E+00  7.714355605011924E+00  -2.209999999390765E+04
          zSource=1.0E+22

        BaseUnits=  mm
        WaveUnits=  mm

           IndRef=1.0E+00
           Extinc=0.0E+00
          Wavelen=1.0E-03
             Flux=1.0E+00

         Aperture=8.0E+03
         Obscratn=0.0E+00

         GridType=  Pie
         nGridpts=  128
            xGrid=  -1.0E+00  -8.256168163029683E-26  -2.881946477916146E-29
            yGrid=  -8.256168666024237E-26  9.999999390765167E-01  3.490658433100967E-04

             nSeg=  7
            width=  2.666666666666667E+03
              gap=  5.0E+01
         SegXgrid=  1.0E+00  0.0E+00  0.0E+00
         SegCoord=    0    0    0
                      1    2    1
                     -1    1    2
                     -2   -1    1
                     -1   -2   -1
                      1   -1   -2
                      2    1   -1

% ---------------------------------------------------------------------------------------
% Element Definitions
% ---------------------------------------------------------------------------------------

             nElt=  13


    iElt=   1
 EltName=  Seg1
          nMetPos=  6
  -5.388602557766837E+02  9.259737290163789E+02  -1.169776856440605E+02
  5.388602557766839E+02  9.259737290163789E+02  -1.169776856440605E+02
  1.077720511553367E+03  2.752708319808615E-13  3.645456995379446E-12
  5.388602557766840E+02  -9.259737290163780E+02  1.169776856440678E+02
  -5.388602557766836E+02  -9.259737290163781E+02  1.169776856440678E+02
  -1.077720511553367E+03  -2.385669952847613E-14  3.712760689969047E-12
          tMetElt=  8  3
  1  0  0
  0  1  0
  0  1  0
  0  0  1
  0  0  1
  1  0  0
 Element=  Segment
 Surface=  FreeForm
    fElt=  5.153424657534246E+04
    eElt=  0.0E+00
   KrElt=  -5.153424657534246E+04
   KcElt=  0.0E+00
  psiElt=  0.0E+00  -1.253332335643043E-01  -9.921147013144779E-01
  VptElt=  0.0E+00  0.0E+00  0.0E+00
  RptElt=  0.0E+00  4.547473508864641E-13  3.637978807091713E-12
 FFZernType=  BornWolf
nFFZernCoef=   16
FFZernModes=    1    3    4    5    9   10
  11   12   13   19   20   21
  22   23   24   25
 FFZernCoef=  1.197033345381584E+00  8.001048840672405E+00  -4.819152400977031E+00  1.803807588237849E+00  4.001252456159111E+00  4.686403726064767E-02
              4.454202695146058E-04  2.894345076153592E-02  6.090427484587182E-01  4.853572152725304E-04  -2.037059141355803E-04  5.655567335241816E-05
              -5.985985960057223E-06  -5.597372659639521E-08  -4.856161587539289E-06  2.268505602452859E-03
     lFF=  7.992027277230728E+03
MonZernType=  BornWolf
nMonZernCoef=    1
MonZernModes=    1
 MonZernCoef=  0d0
    lMon=  1.539600730790525E+03
 nGridMat=  256
 GridFile=  flat.txt
 GridSrfdx=  3.125E+01
     pFF=  0.0E+00  0.0E+00  0.0E+00
     xFF=  1.0E+00  0.0E+00  0.0E+00
     yFF=  0.0E+00  9.921147013144779E-01  -1.253332335643043E-01
     zFF=  0.0E+00  1.253332335643043E-01  9.921147013144779E-01
    pMon=  0.0E+00  4.547473508864641E-13  3.637978807091713E-12
    xMon=  -8.660254037844386E-01  4.96057350657239E-01  -6.266661678215216E-02
    yMon=  5.000000000000001E-01  8.591965348063484E-01  -1.08541764205136E-01
    zMon=  0.0E+00  -1.253332335643043E-01  -9.921147013144778E-01
   pData=  0.0E+00  0.0E+00  0.0E+00
   xData=  1.0E+00  0.0E+00  0.0E+00
   yData=  0.0E+00  9.921147013144779E-01  -1.253332335643043E-01
   zData=  0.0E+00  1.253332335643043E-01  9.921147013144779E-01
  IndRef=  1d0
    zElt=  0d0
 PropType= 1
  nECoord= 6
    TElt=  -8.660254037844386E-01  5.000000000000001E-01  0.0E+00  0.0E+00  0.0E+00  0.0E+00
            4.96057350657239E-01  8.591965348063484E-01  -1.253332335643043E-01  0.0E+00  0.0E+00  0.0E+00
            -6.266661678215216E-02  -1.08541764205136E-01  -9.921147013144778E-01  0.0E+00  0.0E+00  0.0E+00
            0.0E+00  0.0E+00  0.0E+00  -8.660254037844386E-01  5.000000000000001E-01  0.0E+00
            0.0E+00  0.0E+00  0.0E+00  4.96057350657239E-01  8.591965348063484E-01  -1.253332335643043E-01
            0.0E+00  0.0E+00  0.0E+00  -6.266661678215216E-02  -1.08541764205136E-01  -9.921147013144778E-01

    iElt=   2
 EltName=  Seg2
          nMetPos=  6
  -1.872002809011685E+03  3.200203933245138E+03  -5.286123222529591E+02
  -7.946438072184840E+02  3.204905985281772E+03  -5.010991802176512E+02
  -2.559743315401322E+02  2.287327614478378E+03  -3.297322334949769E+02
  -7.946638576549810E+02  1.365047191638351E+03  -1.858784288076106E+02
  -1.872022859448182E+03  1.360345139601716E+03  -2.133915708429186E+02
  -2.410692335126534E+03  2.277923510405109E+03  -3.847585175655928E+02
          tMetElt=  8  3
  1  0  0
  0  1  0
  0  1  0
  0  0  1
  0  0  1
  1  0  0
 Element=  Segment
 Surface=  FreeForm
    fElt=  5.153424657534246E+04
    eElt=  0.0E+00
   KrElt=  -5.153424657534246E+04
   KcElt=  0.0E+00
  psiElt=  0.0E+00  -1.253332335643043E-01  -9.921147013144779E-01
  VptElt=  0.0E+00  0.0E+00  0.0E+00
  RptElt=  -1.333333333333333E+03  2.282625562441744E+03  -3.572453755302849E+02
 FFZernType=  BornWolf
nFFZernCoef=   16
FFZernModes=    1    3    4    5    9   10
  11   12   13   19   20   21
  22   23   24   25
 FFZernCoef=  1.197033345381584E+00  8.001048840672405E+00  -4.819152400977031E+00  1.803807588237849E+00  4.001252456159111E+00  4.686403726064767E-02
              4.454202695146058E-04  2.894345076153592E-02  6.090427484587182E-01  4.853572152725304E-04  -2.037059141355803E-04  5.655567335241816E-05
              -5.985985960057223E-06  -5.597372659639521E-08  -4.856161587539289E-06  2.268505602452859E-03
     lFF=  7.992027277230728E+03
MonZernType=  BornWolf
nMonZernCoef=    1
MonZernModes=    1
 MonZernCoef=  0d0
    lMon=  1.539600730790525E+03
 nGridMat=  256
 GridFile=  flat.txt
 GridSrfdx=  3.125E+01
     pFF=  0.0E+00  0.0E+00  0.0E+00
     xFF=  1.0E+00  0.0E+00  0.0E+00
     yFF=  0.0E+00  9.921147013144779E-01  -1.253332335643043E-01
     zFF=  0.0E+00  1.253332335643043E-01  9.921147013144779E-01
    pMon=  -1.333333333333333E+03  2.282625562441744E+03  -3.572453755302849E+02
    xMon=  -8.657295342198748E-01  4.890408809396816E-01  -1.065429037955095E-01
    yMon=  4.998415826181237E-01  8.557695737930266E-01  -1.33479694545317E-01
    zMon=  2.589914796375315E-02  -1.688118874364064E-01  -9.853079624132294E-01
   pData=  0.0E+00  0.0E+00  0.0E+00
   xData=  1.0E+00  0.0E+00  0.0E+00
   yData=  0.0E+00  9.921147013144779E-01  -1.253332335643043E-01
   zData=  0.0E+00  1.253332335643043E-01  9.921147013144779E-01
  IndRef=  1d0
    zElt=  0d0
 PropType= 1
  nECoord= 6
    TElt=  -8.657295342198748E-01  4.998415826181237E-01  2.589914796375315E-02  0.0E+00  0.0E+00  0.0E+00
            4.890408809396816E-01  8.557695737930266E-01  -1.688118874364064E-01  0.0E+00  0.0E+00  0.0E+00
            -1.065429037955095E-01  -1.33479694545317E-01  -9.853079624132294E-01  0.0E+00  0.0E+00  0.0E+00
            0.0E+00  0.0E+00  0.0E+00  -8.657295342198748E-01  4.998415826181237E-01  2.589914796375315E-02
            0.0E+00  0.0E+00  0.0E+00  4.890408809396816E-01  8.557695737930266E-01  -1.688118874364064E-01
            0.0E+00  0.0E+00  0.0E+00  -1.065429037955095E-01  -1.33479694545317E-01  -9.853079624132294E-01

    iElt=   3
 EltName=  Seg3
          nMetPos=  6
  1.870948129574917E+03  3.200808125365918E+03  -5.286881153210605E+02
  2.410691634184266E+03  2.279123866262288E+03  -3.849641549822863E+02
  1.873076837942683E+03  1.360941303338114E+03  -2.135214151915106E+02
  7.957185370917496E+02  1.364442999517570E+03  -1.858026357395093E+02
  2.559750324823997E+02  2.286127258621200E+03  -3.295265960782835E+02
  7.935898287239830E+02  3.204309821545374E+03  -5.009693358690591E+02
          tMetElt=  8  3
  1  0  0
  0  1  0
  0  1  0
  0  0  1
  0  0  1
  1  0  0
 Element=  Segment
 Surface=  FreeForm
    fElt=  5.153424657534246E+04
    eElt=  0.0E+00
   KrElt=  -5.153424657534246E+04
   KcElt=  0.0E+00
  psiElt=  0.0E+00  -1.253332335643043E-01  -9.921147013144779E-01
  VptElt=  0.0E+00  0.0E+00  0.0E+00
  RptElt=  1.333333333333333E+03  2.282625562441744E+03  -3.572453755302849E+02
 FFZernType=  BornWolf
nFFZernCoef=   16
FFZernModes=    1    3    4    5    9   10
  11   12   13   19   20   21
  22   23   24   25
 FFZernCoef=  1.197033345381584E+00  8.001048840672405E+00  -4.819152400977031E+00  1.803807588237849E+00  4.001252456159111E+00  4.686403726064767E-02
              4.454202695146058E-04  2.894345076153592E-02  6.090427484587182E-01  4.853572152725304E-04  -2.037059141355803E-04  5.655567335241816E-05
              -5.985985960057223E-06  -5.597372659639521E-08  -4.856161587539289E-06  2.268505602452859E-03
     lFF=  7.992027277230728E+03
MonZernType=  BornWolf
nMonZernCoef=    1
MonZernModes=    1
 MonZernCoef=  0d0
    lMon=  1.539600730790525E+03
 nGridMat=  256
 GridFile=  flat.txt
 GridSrfdx=  3.125E+01
     pFF=  0.0E+00  0.0E+00  0.0E+00
     xFF=  1.0E+00  0.0E+00  0.0E+00
     yFF=  0.0E+00  9.921147013144779E-01  -1.253332335643043E-01
     zFF=  0.0E+00  1.253332335643043E-01  9.921147013144779E-01
    pMon=  1.333333333333333E+03  2.282625562441744E+03  -3.572453755302849E+02
    xMon=  -1.140379473138478E-03  9.856429320805525E-01  -1.6883930222051E-01
    yMon=  9.996639103565802E-01  -3.249169095249878E-03  -2.571982174863596E-02
    zMon=  -2.589914796375315E-02  -1.688118874364064E-01  -9.853079624132294E-01
   pData=  0.0E+00  0.0E+00  0.0E+00
   xData=  1.0E+00  0.0E+00  0.0E+00
   yData=  0.0E+00  9.921147013144779E-01  -1.253332335643043E-01
   zData=  0.0E+00  1.253332335643043E-01  9.921147013144779E-01
  IndRef=  1d0
    zElt=  0d0
 PropType= 1
  nECoord= 6
    TElt=  -1.140379473138478E-03  9.996639103565802E-01  -2.589914796375315E-02  0.0E+00  0.0E+00  0.0E+00
            9.856429320805525E-01  -3.249169095249878E-03  -1.688118874364064E-01  0.0E+00  0.0E+00  0.0E+00
            -1.6883930222051E-01  -2.571982174863596E-02  -9.853079624132294E-01  0.0E+00  0.0E+00  0.0E+00
            0.0E+00  0.0E+00  0.0E+00  -1.140379473138478E-03  9.996639103565802E-01  -2.589914796375315E-02
            0.0E+00  0.0E+00  0.0E+00  9.856429320805525E-01  -3.249169095249878E-03  -1.688118874364064E-01
            0.0E+00  0.0E+00  0.0E+00  -1.6883930222051E-01  -2.571982174863596E-02  -9.853079624132294E-01

    iElt=   4
 EltName=  Seg4
          nMetPos=  6
  3.742924074386594E+03  -1.511536754951835E+01  -1.247665522759997E+02
  3.205341715954212E+03  -9.379125969074914E+02  1.991234188060778E+01
  2.129084308234285E+03  -9.315132392825541E+02  7.568457128578220E+01
  1.590409258946740E+03  -2.316652299644206E+00  -1.322209346565084E+01
  2.127991617379122E+03  9.204805770583290E+02  -1.579009876222583E+02
  3.204249025099048E+03  9.140812194333921E+02  -2.136732170274327E+02
          tMetElt=  8  3
  1  0  0
  0  1  0
  0  1  0
  0  0  1
  0  0  1
  1  0  0
 Element=  Segment
 Surface=  FreeForm
    fElt=  5.153424657534246E+04
    eElt=  0.0E+00
   KrElt=  -5.153424657534246E+04
   KcElt=  0.0E+00
  psiElt=  0.0E+00  -1.253332335643043E-01  -9.921147013144779E-01
  VptElt=  0.0E+00  0.0E+00  0.0E+00
  RptElt=  2.666666666666667E+03  -8.716009924581158E+00  -6.899432287082527E+01
 FFZernType=  BornWolf
nFFZernCoef=   16
FFZernModes=    1    3    4    5    9   10
  11   12   13   19   20   21
  22   23   24   25
 FFZernCoef=  1.197033345381584E+00  8.001048840672405E+00  -4.819152400977031E+00  1.803807588237849E+00  4.001252456159111E+00  4.686403726064767E-02
              4.454202695146058E-04  2.894345076153592E-02  6.090427484587182E-01  4.853572152725304E-04  -2.037059141355803E-04  5.655567335241816E-05
              -5.985985960057223E-06  -5.597372659639521E-08  -4.856161587539289E-06  2.268505602452859E-03
     lFF=  7.992027277230728E+03
MonZernType=  BornWolf
nMonZernCoef=    1
MonZernModes=    1
 MonZernCoef=  0d0
    lMon=  1.539600730790525E+03
 nGridMat=  256
 GridFile=  flat.txt
 GridSrfdx=  3.125E+01
     pFF=  0.0E+00  0.0E+00  0.0E+00
     xFF=  1.0E+00  0.0E+00  0.0E+00
     yFF=  0.0E+00  9.921147013144779E-01  -1.253332335643043E-01
     zFF=  0.0E+00  1.253332335643043E-01  9.921147013144779E-01
    pMon=  2.666666666666667E+03  -8.716009924581158E+00  -6.899432287082527E+01
    xMon=  8.645570103087148E-01  4.909274271557452E-01  -1.073845295761793E-01
    yMon=  4.998281497965815E-01  -8.62186974286698E-01  8.249510313512345E-02
    zMon=  -5.208643390541247E-02  -1.249955304664494E-01  -9.907891404160767E-01
   pData=  0.0E+00  0.0E+00  0.0E+00
   xData=  1.0E+00  0.0E+00  0.0E+00
   yData=  0.0E+00  9.921147013144779E-01  -1.253332335643043E-01
   zData=  0.0E+00  1.253332335643043E-01  9.921147013144779E-01
  IndRef=  1d0
    zElt=  0d0
 PropType= 1
  nECoord= 6
    TElt=  8.645570103087148E-01  4.998281497965815E-01  -5.208643390541247E-02  0.0E+00  0.0E+00  0.0E+00
            4.909274271557452E-01  -8.62186974286698E-01  -1.249955304664494E-01  0.0E+00  0.0E+00  0.0E+00
            -1.073845295761793E-01  8.249510313512345E-02  -9.907891404160767E-01  0.0E+00  0.0E+00  0.0E+00
            0.0E+00  0.0E+00  0.0E+00  8.645570103087148E-01  4.998281497965815E-01  -5.208643390541247E-02
            0.0E+00  0.0E+00  0.0E+00  4.909274271557452E-01  -8.62186974286698E-01  -1.249955304664494E-01
            0.0E+00  0.0E+00  0.0E+00  -1.073845295761793E-01  8.249510313512345E-02  -9.907891404160767E-01

    iElt=   5
 EltName=  Seg5
          nMetPos=  6
  1.872002517615389E+03  -3.231282878389874E+03  2.821556264556884E+02
  7.946516981260634E+02  -3.228997137413569E+03  3.102890257653864E+02
  2.559825138440069E+02  -2.297567012339994E+03  2.490115173860561E+02
  7.946641490512764E+02  -1.368422628242722E+03  1.596006096970278E+02
  1.872014968540603E+03  -1.370708369219026E+03  1.314672103873298E+02
  2.410684152822659E+03  -2.302138494292602E+03  1.927447187666600E+02
          tMetElt=  8  3
  1  0  0
  0  1  0
  0  1  0
  0  0  1
  0  0  1
  1  0  0
 Element=  Segment
 Surface=  FreeForm
    fElt=  5.153424657534246E+04
    eElt=  0.0E+00
   KrElt=  -5.153424657534246E+04
   KcElt=  0.0E+00
  psiElt=  0.0E+00  -1.253332335643043E-01  -9.921147013144779E-01
  VptElt=  0.0E+00  0.0E+00  0.0E+00
  RptElt=  1.333333333333333E+03  -2.299852753316298E+03  2.208781180763581E+02
 FFZernType=  BornWolf
nFFZernCoef=   16
FFZernModes=    1    3    4    5    9   10
  11   12   13   19   20   21
  22   23   24   25
 FFZernCoef=  1.197033345381584E+00  8.001048840672405E+00  -4.819152400977031E+00  1.803807588237849E+00  4.001252456159111E+00  4.686403726064767E-02
              4.454202695146058E-04  2.894345076153592E-02  6.090427484587182E-01  4.853572152725304E-04  -2.037059141355803E-04  5.655567335241816E-05
              -5.985985960057223E-06  -5.597372659639521E-08  -4.856161587539289E-06  2.268505602452859E-03
     lFF=  7.992027277230728E+03
MonZernType=  BornWolf
nMonZernCoef=    1
MonZernModes=    1
 MonZernCoef=  0d0
    lMon=  1.539600730790525E+03
 nGridMat=  256
 GridFile=  flat.txt
 GridSrfdx=  3.125E+01
     pFF=  0.0E+00  0.0E+00  0.0E+00
     xFF=  1.0E+00  0.0E+00  0.0E+00
     yFF=  0.0E+00  9.921147013144779E-01  -1.253332335643043E-01
     zFF=  0.0E+00  1.253332335643043E-01  9.921147013144779E-01
    pMon=  1.333333333333333E+03  -2.299852753316298E+03  2.208781180763581E+02
    xMon=  8.657249947376789E-01  -5.002049240331529E-01  1.775577256650822E-02
    yMon=  -4.998342607684467E-01  -8.621385360459121E-01  8.296298226722654E-02
    zMon=  -2.619055647568828E-02  -8.069807084187014E-02  -9.963944380183454E-01
   pData=  0.0E+00  0.0E+00  0.0E+00
   xData=  1.0E+00  0.0E+00  0.0E+00
   yData=  0.0E+00  9.921147013144779E-01  -1.253332335643043E-01
   zData=  0.0E+00  1.253332335643043E-01  9.921147013144779E-01
  IndRef=  1d0
    zElt=  0d0
 PropType= 1
  nECoord= 6
    TElt=  8.657249947376789E-01  -4.998342607684467E-01  -2.619055647568828E-02  0.0E+00  0.0E+00  0.0E+00
            -5.002049240331529E-01  -8.621385360459121E-01  -8.069807084187014E-02  0.0E+00  0.0E+00  0.0E+00
            1.775577256650822E-02  8.296298226722654E-02  -9.963944380183454E-01  0.0E+00  0.0E+00  0.0E+00
            0.0E+00  0.0E+00  0.0E+00  8.657249947376789E-01  -4.998342607684467E-01  -2.619055647568828E-02
            0.0E+00  0.0E+00  0.0E+00  -5.002049240331529E-01  -8.621385360459121E-01  -8.069807084187014E-02
            0.0E+00  0.0E+00  0.0E+00  1.775577256650822E-02  8.296298226722654E-02  -9.963944380183454E-01

    iElt=   6
 EltName=  Seg6
          nMetPos=  6
  -1.870911675435778E+03  -3.231907672420118E+03  2.822349017242081E+02
  -2.410683408587998E+03  -2.303393980279906E+03  1.928464202467144E+02
  -1.873105066485552E+03  -1.371339061176085E+03  1.314896365988644E+02
  -7.957549912308880E+02  -1.367797834212477E+03  1.595213344285081E+02
  -2.559832580786683E+02  -2.296311526352690E+03  2.489098159060018E+02
  -7.935616001811131E+02  -3.228366445456510E+03  3.102665995538518E+02
          tMetElt=  8  3
  1  0  0
  0  1  0
  0  1  0
  0  0  1
  0  0  1
  1  0  0
 Element=  Segment
 Surface=  FreeForm
    fElt=  5.153424657534246E+04
    eElt=  0.0E+00
   KrElt=  -5.153424657534246E+04
   KcElt=  0.0E+00
  psiElt=  0.0E+00  -1.253332335643043E-01  -9.921147013144779E-01
  VptElt=  0.0E+00  0.0E+00  0.0E+00
  RptElt=  -1.333333333333333E+03  -2.299852753316298E+03  2.208781180763581E+02
 FFZernType=  BornWolf
nFFZernCoef=   16
FFZernModes=    1    3    4    5    9   10
  11   12   13   19   20   21
  22   23   24   25
 FFZernCoef=  1.197033345381584E+00  8.001048840672405E+00  -4.819152400977031E+00  1.803807588237849E+00  4.001252456159111E+00  4.686403726064767E-02
              4.454202695146058E-04  2.894345076153592E-02  6.090427484587182E-01  4.853572152725304E-04  -2.037059141355803E-04  5.655567335241816E-05
              -5.985985960057223E-06  -5.597372659639521E-08  -4.856161587539289E-06  2.268505602452859E-03
     lFF=  7.992027277230728E+03
MonZernType=  BornWolf
nMonZernCoef=    1
MonZernModes=    1
 MonZernCoef=  0d0
    lMon=  1.539600730790525E+03
 nGridMat=  256
 GridFile=  flat.txt
 GridSrfdx=  3.125E+01
     pFF=  0.0E+00  0.0E+00  0.0E+00
     xFF=  1.0E+00  0.0E+00  0.0E+00
     yFF=  0.0E+00  9.921147013144779E-01  -1.253332335643043E-01
     zFF=  0.0E+00  1.253332335643043E-01  9.921147013144779E-01
    pMon=  -1.333333333333333E+03  -2.299852753316298E+03  2.208781180763581E+02
    xMon=  1.175030909637116E-03  -9.96733176210238E-01  8.075639135209027E-02
    yMon=  -9.996562779545053E-01  -3.285849091341764E-03  -2.601017381513911E-02
    zMon=  2.619055647568828E-02  -8.069807084187014E-02  -9.963944380183454E-01
   pData=  0.0E+00  0.0E+00  0.0E+00
   xData=  1.0E+00  0.0E+00  0.0E+00
   yData=  0.0E+00  9.921147013144779E-01  -1.253332335643043E-01
   zData=  0.0E+00  1.253332335643043E-01  9.921147013144779E-01
  IndRef=  1d0
    zElt=  0d0
 PropType= 1
  nECoord= 6
    TElt=  1.175030909637116E-03  -9.996562779545053E-01  2.619055647568828E-02  0.0E+00  0.0E+00  0.0E+00
            -9.96733176210238E-01  -3.285849091341764E-03  -8.069807084187014E-02  0.0E+00  0.0E+00  0.0E+00
            8.075639135209027E-02  -2.601017381513911E-02  -9.963944380183454E-01  0.0E+00  0.0E+00  0.0E+00
            0.0E+00  0.0E+00  0.0E+00  1.175030909637116E-03  -9.996562779545053E-01  2.619055647568828E-02
            0.0E+00  0.0E+00  0.0E+00  -9.96733176210238E-01  -3.285849091341764E-03  -8.069807084187014E-02
            0.0E+00  0.0E+00  0.0E+00  8.075639135209027E-02  -2.601017381513911E-02  -9.963944380183454E-01

    iElt=   7
 EltName=  Seg7
          nMetPos=  6
  -3.742924071591630E+03  -1.637359677064745E+01  -1.246078170132604E+02
  -3.205345828461524E+03  9.134449421666101E+02  -2.136506055173499E+02
  -2.129088423536560E+03  9.211025290126768E+02  -1.580371113749148E+02
  -1.590409261741704E+03  -1.058423078513719E+00  -1.338082872839019E+01
  -2.127987504871810E+03  -9.308769620157714E+02  7.566195977569936E+01
  -3.204244909796773E+03  -9.385345488618384E+02  2.004846563326429E+01
          tMetElt=  8  3
  1  0  0
  0  1  0
  0  1  0
  0  0  1
  0  0  1
  1  0  0
 Element=  Segment
 Surface=  FreeForm
    fElt=  5.153424657534246E+04
    eElt=  0.0E+00
   KrElt=  -5.153424657534246E+04
   KcElt=  0.0E+00
  psiElt=  0.0E+00  -1.253332335643043E-01  -9.921147013144779E-01
  VptElt=  0.0E+00  0.0E+00  0.0E+00
  RptElt=  -2.666666666666667E+03  -8.716009924580703E+00  -6.899432287082527E+01
 FFZernType=  BornWolf
nFFZernCoef=   16
FFZernModes=    1    3    4    5    9   10
  11   12   13   19   20   21
  22   23   24   25
 FFZernCoef=  1.197033345381584E+00  8.001048840672405E+00  -4.819152400977031E+00  1.803807588237849E+00  4.001252456159111E+00  4.686403726064767E-02
              4.454202695146058E-04  2.894345076153592E-02  6.090427484587182E-01  4.853572152725304E-04  -2.037059141355803E-04  5.655567335241816E-05
              -5.985985960057223E-06  -5.597372659639521E-08  -4.856161587539289E-06  2.268505602452859E-03
     lFF=  7.992027277230728E+03
MonZernType=  BornWolf
nMonZernCoef=    1
MonZernModes=    1
 MonZernCoef=  0d0
    lMon=  1.539600730790525E+03
 nGridMat=  256
 GridFile=  flat.txt
 GridSrfdx=  3.125E+01
     pFF=  0.0E+00  0.0E+00  0.0E+00
     xFF=  1.0E+00  0.0E+00  0.0E+00
     yFF=  0.0E+00  9.921147013144779E-01  -1.253332335643043E-01
     zFF=  0.0E+00  1.253332335643043E-01  9.921147013144779E-01
    pMon=  -2.666666666666667E+03  -8.716009924580703E+00  -6.899432287082527E+01
    xMon=  -8.645548041852126E-01  -5.022193488734091E-01  1.790855040023488E-02
    yMon=  -4.998319657277692E-01  8.556587187544926E-01  -1.34224301287562E-01
    zMon=  5.208643390541247E-02  -1.249955304664494E-01  -9.907891404160767E-01
   pData=  0.0E+00  0.0E+00  0.0E+00
   xData=  1.0E+00  0.0E+00  0.0E+00
   yData=  0.0E+00  9.921147013144779E-01  -1.253332335643043E-01
   zData=  0.0E+00  1.253332335643043E-01  9.921147013144779E-01
  IndRef=  1d0
    zElt=  0d0
 PropType= 1
  nECoord= 6
    TElt=  -8.645548041852126E-01  -4.998319657277692E-01  5.208643390541247E-02  0.0E+00  0.0E+00  0.0E+00
            -5.022193488734091E-01  8.556587187544926E-01  -1.249955304664494E-01  0.0E+00  0.0E+00  0.0E+00
            1.790855040023488E-02  -1.34224301287562E-01  -9.907891404160767E-01  0.0E+00  0.0E+00  0.0E+00
            0.0E+00  0.0E+00  0.0E+00  -8.645548041852126E-01  -4.998319657277692E-01  5.208643390541247E-02
            0.0E+00  0.0E+00  0.0E+00  -5.022193488734091E-01  8.556587187544926E-01  -1.249955304664494E-01
            0.0E+00  0.0E+00  0.0E+00  1.790855040023488E-02  -1.34224301287562E-01  -9.907891404160767E-01


             iElt=  8
          EltName=  m2
          nMetPos=  3
  0.000000000000000E+00  -5.769566922338618E+03  -2.127778500979179E+04
  -2.598076211353316E+02  -5.321982815270901E+03  -2.132435181234893E+04
  2.598076211353315E+02  -5.321982815270901E+03  -2.132435181234893E+04
          Element=  Reflector
          Surface=  Zernike
            KrElt=-8.870967741935485E+03
            KcElt=0.0E+00
           psiElt=  0.0E+00  -1.034817834603057E-01  -9.946313490393687E-01
           VptElt=  0.0E+00  -5.471177517626807E+03  -2.130882954482988E+04
           RptElt=  0.0E+00  -5.478901018988601E+03  -2.130802936919462E+04
         ZernType=  BornWolf
        nZernCoef=  16
        ZernModes=  1  3  4  5  9 10 11 12 13 19 20 21 22 23 24 25
         ZernCoef=  2.281226317817701E-02  2.648855555400775E-01  -2.834786712998551E-01  3.461391042046717E-02  1.322154671603264E-01  2.164785369384526E-03
                    1.678661481097936E-05  9.43096499583604E-04  1.180425978572936E-02  -1.515404064748394E-04  -6.759565779598963E-06  4.111039403578995E-06
                    -2.141021035984196E-07  -1.181856552133203E-07  -2.148065703638688E-06  2.612543439193223E-06
             lMon=6.813690285782741E+02
             pMon=  0.0E+00  -5.471177517626807E+03  -2.130882954482988E+04
             xMon=  1.0E+00  0.0E+00  0.0E+00
             yMon=  0.0E+00  9.946313490393687E-01  -1.034817834603057E-01
             zMon=  0.0E+00  1.034817834603057E-01  9.946313490393687E-01
           IndRef=1.0E+00
           Extinc=0.0E+00
            nCoat=  0
             xObs=  -1.0E+00  0.0E+00  0.0E+00
             nObs=  0
           ApType=  Circular
            ApVec=  6.15E+02  0.0E+00  0.0E+00
         PropType=  Geometric
             zElt=8.87096774194E+03
          nECoord=  6
             TElt=  -1.0E+00  0.0E+00  0.0E+00  0.0E+00  0.0E+00  0.0E+00
                    0.0E+00  9.94631349039E-01  1.0348178346E-01  0.0E+00  0.0E+00  0.0E+00
                    0.0E+00  -1.0348178346E-01  9.94631349039E-01  0.0E+00  0.0E+00  0.0E+00
                    0.0E+00  0.0E+00  0.0E+00  -1.0E+00  0.0E+00  0.0E+00
                    0.0E+00  0.0E+00  0.0E+00  0.0E+00  9.94631349039E-01  1.0348178346E-01
                    0.0E+00  0.0E+00  0.0E+00  0.0E+00  -1.0348178346E-01  9.94631349039E-01

             iElt=  9
          EltName=  lens_s1
          Element=  Refractor
          Surface=  FreeForm
            KrElt=-1.178141044931459E+03
            KcElt=0.0E+00
           psiElt=  0.0E+00  4.397848758392087E-02  -9.990324782657624E-01
           VptElt=  0.0E+00  -6.565848734547728E+03  3.55814880770777E+03
           RptElt=  0.0E+00  -6.625200796130088E+03  3.554028148023747E+03
       FFZernType=  BornWolf
      nFFZernCoef=   7
      FFZernModes=  1  4  9 10 11 12
                   13
       FFZernCoef=  -3.982615101969725E-03  -1.705468054646671E-03  8.837009300771345E-05  -4.122252015103961E-04  4.90052402921808E-03  -2.014553029541305E-04
                    3.982615103995399E-03
              lFF=8.627680116988223E+01
      MonZernType=  BornWolf
     nMonZernCoef=   1
      MonZernCoef=0.0E+00
             lMon=8.627680116988223E+01
         nGridMat=  256
         GridFile=  flat.txt
        GridSrfdx=7.15E-01
              pFF=  0.0E+00  -6.565848734547728E+03  3.55814880770777E+03
              xFF=  1.0E+00  0.0E+00  0.0E+00
              yFF=  0.0E+00  9.990324782657622E-01  4.397848758392087E-02
              zFF=  0.0E+00  -4.397848758392087E-02  9.990324782657622E-01
             pMon=  0.0E+00  -6.565848734547728E+03  3.55814880770777E+03
             xMon=  1.0E+00  0.0E+00  0.0E+00
             yMon=  0.0E+00  9.990324782657622E-01  4.397848758392087E-02
             zMon=  0.0E+00  -4.397848758392087E-02  9.990324782657622E-01
            pData=  0.0E+00  0.0E+00  0.0E+00
            xData=  1.0E+00  0.0E+00  0.0E+00
            yData=  0.0E+00  9.921147013144779E-01  -1.253332335643043E-01
            zData=  0.0E+00  1.253332335643043E-01  9.921147013144779E-01
           IndRef=1.45041571277E+00
           Extinc=0.0E+00
            nCoat=  0
             xObs=  -1.0E+00  0.0E+00  0.0E+00
             nObs=  0
           ApType=  Circular
            ApVec=  9.0E+01  0.0E+00  0.0E+00
         PropType=  Geometric
             zElt=1.17814104493E+03
          nECoord=  6
             TElt=  -1.0E+00  0.0E+00  0.0E+00  0.0E+00  0.0E+00  0.0E+00
                    0.0E+00  9.990324782659999E-01  -4.39784875839E-02  0.0E+00  0.0E+00  0.0E+00
                    0.0E+00  4.39784875839E-02  9.990324782659999E-01  0.0E+00  0.0E+00  0.0E+00
                    0.0E+00  0.0E+00  0.0E+00  -1.0E+00  0.0E+00  0.0E+00
                    0.0E+00  0.0E+00  0.0E+00  0.0E+00  9.990324782659999E-01  -4.39784875839E-02
                    0.0E+00  0.0E+00  0.0E+00  0.0E+00  4.39784875839E-02  9.990324782659999E-01

             iElt=  10
          EltName=  lens_s2
          Element=  Refractor
          Surface=  Conic
            KrElt=-1.0E+18
            KcElt=0.0E+00
           psiElt=  0.0E+00  -4.397848758392087E-02  9.990324782657624E-01
           VptElt=  0.0E+00  -6.566728304299406E+03  3.578129457273085E+03
           RptElt=  0.0E+00  -6.626514095845032E+03  3.57549762222429E+03
           IndRef=1.0E+00
           Extinc=0.0E+00
            nCoat=  0
             xObs=  1.0E+00  0.0E+00  0.0E+00
             nObs=  0
           ApType=  Circular
            ApVec=  9.0E+01  0.0E+00  0.0E+00
         PropType=  Geometric
             zElt=1.0E+18
          nECoord=  6
             TElt=  -1.0E+00  0.0E+00  0.0E+00  0.0E+00  0.0E+00  0.0E+00
                    0.0E+00  9.990324782659999E-01  -4.39784875839E-02  0.0E+00  0.0E+00  0.0E+00
                    0.0E+00  4.39784875839E-02  9.990324782659999E-01  0.0E+00  0.0E+00  0.0E+00
                    0.0E+00  0.0E+00  0.0E+00  -1.0E+00  0.0E+00  0.0E+00
                    0.0E+00  0.0E+00  0.0E+00  0.0E+00  9.990324782659999E-01  -4.39784875839E-02
                    0.0E+00  0.0E+00  0.0E+00  0.0E+00  4.39784875839E-02  9.990324782659999E-01

             iElt=  11
          EltName=  fpa
          nMetPos=  6
  -1.500000000000000E+02  -6.311569901442635E+03  3.689458651339970E+03
  -3.000000000000000E+02  -6.571126153057798E+03  3.678032705099662E+03
  -1.500000000000000E+02  -6.830682404672960E+03  3.666606758859354E+03
  1.499999999999999E+02  -6.830682404672960E+03  3.666606758859354E+03
  3.000000000000000E+02  -6.571126153057798E+03  3.678032705099662E+03
  1.500000000000001E+02  -6.311569901442635E+03  3.689458651339970E+03
          tMetElt=  8  3
  1  0  0
  0  1  0
  0  1  0
  0  0  1
  0  0  1
  1  0  0
          Element=  Return
          Surface=  Flat
            KrElt=-1.0E+20
            KcElt=0.0E+00
           psiElt=  0.0E+00  -4.397848758392087E-02  9.990324782657624E-01
           VptElt=  0.0E+00  -6.571126153057798E+03  3.678032705099662E+03
           RptElt=  0.0E+00  -6.63339065198377E+03  3.67529175467762E+03
           IndRef=1.0E+00
           Extinc=0.0E+00
            nCoat=  0
             nObs=  0
           ApType=  None
         PropType=  Geometric
             zElt=1.0E+20
          nECoord=  6
             TElt=  -1.0E+00  0.0E+00  0.0E+00  0.0E+00  0.0E+00  0.0E+00
                    0.0E+00  9.990324782659999E-01  -4.39784875839E-02  0.0E+00  0.0E+00  0.0E+00
                    0.0E+00  4.39784875839E-02  9.990324782659999E-01  0.0E+00  0.0E+00  0.0E+00
                    0.0E+00  0.0E+00  0.0E+00  -1.0E+00  0.0E+00  0.0E+00
                    0.0E+00  0.0E+00  0.0E+00  0.0E+00  9.990324782659999E-01  -4.39784875839E-02
                    0.0E+00  0.0E+00  0.0E+00  0.0E+00  4.39784875839E-02  9.990324782659999E-01

             iElt=  12
          EltName=  exitpupil
          Element=  Return
          Surface=  Conic
            KrElt=-2.548001852124474E+03
            KcElt=0.0E+00
           psiElt=  -2.378631529918106E-24  -6.874402194112693E-02  9.976343315300241E-01
           VptElt=  0.0E+00  -6.458229779520717E+03  1.133317697534683E+03
           RptElt=  0.0E+00  -6.458229779520717E+03  1.133317697534683E+03
           IndRef=1.0E+00
           Extinc=0.0E+00
            nCoat=  0
             nObs=  0
           ApType=  None
         PropType=  FarField
             zElt=2.548001852125085E+03
          nECoord=  6
             TElt=  -1.0E+00  0.0E+00  0.0E+00  0.0E+00  0.0E+00  0.0E+00
                    0.0E+00  9.990324782659999E-01  -4.39784875839E-02  0.0E+00  0.0E+00  0.0E+00
                    0.0E+00  4.39784875839E-02  9.990324782659999E-01  0.0E+00  0.0E+00  0.0E+00
                    0.0E+00  0.0E+00  0.0E+00  -1.0E+00  0.0E+00  0.0E+00
                    0.0E+00  0.0E+00  0.0E+00  0.0E+00  9.990324782659999E-01  -4.39784875839E-02
                    0.0E+00  0.0E+00  0.0E+00  0.0E+00  4.39784875839E-02  9.990324782659999E-01

             iElt=  13
          EltName=
          Element=  FocalPlane
          Surface=  Flat
            KrElt=-1.0E+20
            KcElt=0.0E+00
           psiElt=  0.0E+00  -4.397848758392087E-02  9.990324782657624E-01
           VptElt=  0.0E+00  -6.571126153057798E+03  3.678032705099662E+03
           RptElt=  0.0E+00  -6.63339065198377E+03  3.67529175467762E+03
           IndRef=1.0E+00
           Extinc=0.0E+00
            nCoat=  0
             xObs=  1.0E+00  0.0E+00  0.0E+00
             nObs=  0
           ApType=  Rectangular
            ApVec=  -6.6E+01  6.6E+01  -6.6E+01  6.6E+01
         PropType=  Geometric
             zElt=1.0E+20
          nECoord=  6
             TElt=  -1.0E+00  0.0E+00  0.0E+00  0.0E+00  0.0E+00  0.0E+00
                    0.0E+00  9.990324782659999E-01  -4.39784875839E-02  0.0E+00  0.0E+00  0.0E+00
                    0.0E+00  4.39784875839E-02  9.990324782659999E-01  0.0E+00  0.0E+00  0.0E+00
                    0.0E+00  0.0E+00  0.0E+00  -1.0E+00  0.0E+00  0.0E+00
                    0.0E+00  0.0E+00  0.0E+00  0.0E+00  9.990324782659999E-01  -4.39784875839E-02
                    0.0E+00  0.0E+00  0.0E+00  0.0E+00  4.39784875839E-02  9.990324782659999E-01

% ---------------------------------------------------------------------------------------
% Output Coordinate System Definition
% ---------------------------------------------------------------------------------------

         nOutCord=  5
             Tout=  1.0E+00  0.0E+00  0.0E+00  0.0E+00  0.0E+00  0.0E+00  0.0E+00
                    0.0E+00  9.990324782659999E-01  4.39784875839E-02  0.0E+00  0.0E+00  0.0E+00  0.0E+00
                    0.0E+00  0.0E+00  0.0E+00  1.0E+00  0.0E+00  0.0E+00  0.0E+00
                    0.0E+00  0.0E+00  0.0E+00  0.0E+00  9.990324782659999E-01  4.39784875839E-02  0.0E+00
                    0.0E+00  0.0E+00  0.0E+00  0.0E+00  0.0E+00  0.0E+00  1.0E+00
