% MACOS prescription emitted by tma_longslit (templates/10_telescopes/tma_longslit)
% Zig-zag long-slit TMA: three off-axis conic sections, element stop on M2, telecentric slit
% Source Definition
        ChfRayDir=  0.0000000000000000E+00  0.0000000000000000E+00  1.0000000000000000E+00
        ChfRayPos=  0.0000000000000000E+00  0.0000000000000000E+00  -5.9999999999999998E-01
          zSource=1.0E+22
        BaseUnits=  m
        WaveUnits=  m
           IndRef=1.0E+00
           Extinc=0.0E+00
          Wavelen=6.3300000000000002E-07
             Flux=1.0E+00
         Aperture=1.8300000000000000E-01
         Obscratn=0.0E+00
         GridType=  Circular
         nGridpts=  41
            xGrid=  1.0000000000000000E+00  0.0000000000000000E+00  0.0000000000000000E+00
            yGrid=  0.0000000000000000E+00  1.0000000000000000E+00  0.0000000000000000E+00
% Element Definitions
             nElt=  4
             iElt=  1
          EltName=  M1
          Element=  Reflector
          Surface=  Monomial
            KrElt=-1.5187500000000018E+00
            KcElt=-2.7462079743011913E-01
          MonCoef=  0.0000000000000000E+00 0.0000000000000000E+00 0.0000000000000000E+00 0.0000000000000000E+00 0.0000000000000000E+00 0.0000000000000000E+00
                    -7.2954187004709221E-04 0.0000000000000000E+00 -1.6828020273251934E-04 0.0000000000000000E+00 -1.1459587682907655E-04 0.0000000000000000E+00
                    -9.7703562178128806E-05 0.0000000000000000E+00 -4.0998351178829427E-05 0.0000000000000000E+00 0.0000000000000000E+00 0.0000000000000000E+00
                    0.0000000000000000E+00 0.0000000000000000E+00 0.0000000000000000E+00 0.0000000000000000E+00 0.0000000000000000E+00 0.0000000000000000E+00
                    0.0000000000000000E+00 0.0000000000000000E+00 0.0000000000000000E+00 0.0000000000000000E+00 0.0000000000000000E+00 0.0000000000000000E+00
                    0.0000000000000000E+00 0.0000000000000000E+00 0.0000000000000000E+00 0.0000000000000000E+00 0.0000000000000000E+00 0.0000000000000000E+00
                    0.0000000000000000E+00 0.0000000000000000E+00 0.0000000000000000E+00 0.0000000000000000E+00 0.0000000000000000E+00 0.0000000000000000E+00
                    0.0000000000000000E+00 0.0000000000000000E+00 0.0000000000000000E+00 0.0000000000000000E+00 0.0000000000000000E+00 0.0000000000000000E+00
                    0.0000000000000000E+00 0.0000000000000000E+00 0.0000000000000000E+00 0.0000000000000000E+00 0.0000000000000000E+00 0.0000000000000000E+00
                    0.0000000000000000E+00 0.0000000000000000E+00 0.0000000000000000E+00 0.0000000000000000E+00 0.0000000000000000E+00 0.0000000000000000E+00
                    0.0000000000000000E+00 0.0000000000000000E+00 0.0000000000000000E+00 0.0000000000000000E+00 0.0000000000000000E+00 0.0000000000000000E+00
                    0.0000000000000000E+00 0.0000000000000000E+00 0.0000000000000000E+00 0.0000000000000000E+00 0.0000000000000000E+00 0.0000000000000000E+00
                    0.0000000000000000E+00 0.0000000000000000E+00 0.0000000000000000E+00 0.0000000000000000E+00 0.0000000000000000E+00 0.0000000000000000E+00
                    0.0000000000000000E+00 0.0000000000000000E+00 0.0000000000000000E+00 0.0000000000000000E+00 0.0000000000000000E+00 0.0000000000000000E+00
                    0.0000000000000000E+00 0.0000000000000000E+00 0.0000000000000000E+00 0.0000000000000000E+00 0.0000000000000000E+00 0.0000000000000000E+00
                    0.0000000000000000E+00 0.0000000000000000E+00 0.0000000000000000E+00 0.0000000000000000E+00 0.0000000000000000E+00 0.0000000000000000E+00
                    0.0000000000000000E+00 0.0000000000000000E+00 0.0000000000000000E+00 0.0000000000000000E+00 0.0000000000000000E+00 0.0000000000000000E+00
                    0.0000000000000000E+00 0.0000000000000000E+00 0.0000000000000000E+00 0.0000000000000000E+00 0.0000000000000000E+00 0.0000000000000000E+00
                    0.0000000000000000E+00 0.0000000000000000E+00 0.0000000000000000E+00 0.0000000000000000E+00 0.0000000000000000E+00 0.0000000000000000E+00
                    0.0000000000000000E+00 0.0000000000000000E+00 0.0000000000000000E+00 0.0000000000000000E+00 0.0000000000000000E+00 0.0000000000000000E+00
             lMon=1.0571967958867053E-01
             pMon=  0.0000000000000000E+00  0.0000000000000000E+00  0.0000000000000000E+00
             xMon=  1.0000000000000000E+00  0.0000000000000000E+00  0.0000000000000000E+00
             yMon=  0.0000000000000000E+00  -8.6602540378443860E-01  5.0000000000000011E-01
             zMon=  0.0000000000000000E+00  -5.0000000000000011E-01  -8.6602540378443860E-01
           psiElt=  0.0000000000000000E+00  6.7658149535675705E-01  -7.3636776147575522E-01
           VptElt=  0.0000000000000000E+00  -2.1589294687603044E+00  -1.2338009443999276E-01
           RptElt=  0.0000000000000000E+00  0.0000000000000000E+00  0.0000000000000000E+00
           IndRef=1.0E+00
           Extinc=0.0E+00
             nObs=  0
           ApType=  None
         PropType=  Geometric
             zElt=2.5826086956521743E-01
          nECoord=  6
             TElt=  1.0000000000000000E+00  0.0000000000000000E+00  0.0000000000000000E+00  0.0000000000000000E+00  0.0000000000000000E+00  0.0000000000000000E+00
                    0.0000000000000000E+00  -8.6602540378443860E-01  -5.0000000000000011E-01  0.0000000000000000E+00  0.0000000000000000E+00  0.0000000000000000E+00
                    0.0000000000000000E+00  5.0000000000000011E-01  -8.6602540378443860E-01  0.0000000000000000E+00  0.0000000000000000E+00  0.0000000000000000E+00
                    0.0000000000000000E+00  0.0000000000000000E+00  0.0000000000000000E+00  1.0000000000000000E+00  0.0000000000000000E+00  0.0000000000000000E+00
                    0.0000000000000000E+00  0.0000000000000000E+00  0.0000000000000000E+00  0.0000000000000000E+00  -8.6602540378443860E-01  -5.0000000000000011E-01
                    0.0000000000000000E+00  0.0000000000000000E+00  0.0000000000000000E+00  0.0000000000000000E+00  5.0000000000000011E-01  -8.6602540378443860E-01
             iElt=  2
          EltName=  M2
          Element=  Reflector
          Surface=  Monomial
            KrElt=-5.7662865581393996E-01
            KcElt=-7.4705718306671098E-01
          MonCoef=  0.0000000000000000E+00 0.0000000000000000E+00 0.0000000000000000E+00 0.0000000000000000E+00 0.0000000000000000E+00 0.0000000000000000E+00
                    -6.7265633705487391E-04 0.0000000000000000E+00 -6.2632604343365768E-04 0.0000000000000000E+00 1.1526852903382777E-04 0.0000000000000000E+00
                    1.4213067994803806E-04 0.0000000000000000E+00 1.0293366689915231E-04 0.0000000000000000E+00 0.0000000000000000E+00 0.0000000000000000E+00
                    0.0000000000000000E+00 0.0000000000000000E+00 0.0000000000000000E+00 0.0000000000000000E+00 0.0000000000000000E+00 0.0000000000000000E+00
                    0.0000000000000000E+00 0.0000000000000000E+00 0.0000000000000000E+00 0.0000000000000000E+00 0.0000000000000000E+00 0.0000000000000000E+00
                    0.0000000000000000E+00 0.0000000000000000E+00 0.0000000000000000E+00 0.0000000000000000E+00 0.0000000000000000E+00 0.0000000000000000E+00
                    0.0000000000000000E+00 0.0000000000000000E+00 0.0000000000000000E+00 0.0000000000000000E+00 0.0000000000000000E+00 0.0000000000000000E+00
                    0.0000000000000000E+00 0.0000000000000000E+00 0.0000000000000000E+00 0.0000000000000000E+00 0.0000000000000000E+00 0.0000000000000000E+00
                    0.0000000000000000E+00 0.0000000000000000E+00 0.0000000000000000E+00 0.0000000000000000E+00 0.0000000000000000E+00 0.0000000000000000E+00
                    0.0000000000000000E+00 0.0000000000000000E+00 0.0000000000000000E+00 0.0000000000000000E+00 0.0000000000000000E+00 0.0000000000000000E+00
                    0.0000000000000000E+00 0.0000000000000000E+00 0.0000000000000000E+00 0.0000000000000000E+00 0.0000000000000000E+00 0.0000000000000000E+00
                    0.0000000000000000E+00 0.0000000000000000E+00 0.0000000000000000E+00 0.0000000000000000E+00 0.0000000000000000E+00 0.0000000000000000E+00
                    0.0000000000000000E+00 0.0000000000000000E+00 0.0000000000000000E+00 0.0000000000000000E+00 0.0000000000000000E+00 0.0000000000000000E+00
                    0.0000000000000000E+00 0.0000000000000000E+00 0.0000000000000000E+00 0.0000000000000000E+00 0.0000000000000000E+00 0.0000000000000000E+00
                    0.0000000000000000E+00 0.0000000000000000E+00 0.0000000000000000E+00 0.0000000000000000E+00 0.0000000000000000E+00 0.0000000000000000E+00
                    0.0000000000000000E+00 0.0000000000000000E+00 0.0000000000000000E+00 0.0000000000000000E+00 0.0000000000000000E+00 0.0000000000000000E+00
                    0.0000000000000000E+00 0.0000000000000000E+00 0.0000000000000000E+00 0.0000000000000000E+00 0.0000000000000000E+00 0.0000000000000000E+00
                    0.0000000000000000E+00 0.0000000000000000E+00 0.0000000000000000E+00 0.0000000000000000E+00 0.0000000000000000E+00 0.0000000000000000E+00
                    0.0000000000000000E+00 0.0000000000000000E+00 0.0000000000000000E+00 0.0000000000000000E+00 0.0000000000000000E+00 0.0000000000000000E+00
                    0.0000000000000000E+00 0.0000000000000000E+00 0.0000000000000000E+00 0.0000000000000000E+00 0.0000000000000000E+00 0.0000000000000000E+00
             lMon=8.5346655273544153E-02
             pMon=  0.0000000000000000E+00  -2.2366047384693769E-01  -1.2913043478260866E-01
             xMon=  1.0000000000000000E+00  0.0000000000000000E+00  0.0000000000000000E+00
             yMon=  0.0000000000000000E+00  -9.2050485345244026E-01  3.9073112848927394E-01
             zMon=  -0.0000000000000000E+00  -3.9073112848927394E-01  -9.2050485345244026E-01
           psiElt=  0.0000000000000000E+00  -9.2138620083359724E-01  -3.8864825860079444E-01
           VptElt=  0.0000000000000000E+00  1.8441416297636129E-01  -5.0262336786220863E-01
           RptElt=  0.0000000000000000E+00  -2.2366047384693769E-01  -1.2913043478260866E-01
           IndRef=1.0E+00
           Extinc=0.0E+00
             nObs=  0
           ApType=  None
           ApStop=  0.0000000000000000E+00  5.2156999899164957E-01
         PropType=  Geometric
             zElt=2.4582608695652178E-01
          nECoord=  6
             TElt=  1.0000000000000000E+00  0.0000000000000000E+00  -0.0000000000000000E+00  0.0000000000000000E+00  0.0000000000000000E+00  0.0000000000000000E+00
                    0.0000000000000000E+00  -9.2050485345244026E-01  -3.9073112848927394E-01  0.0000000000000000E+00  0.0000000000000000E+00  0.0000000000000000E+00
                    0.0000000000000000E+00  3.9073112848927394E-01  -9.2050485345244026E-01  0.0000000000000000E+00  0.0000000000000000E+00  0.0000000000000000E+00
                    0.0000000000000000E+00  0.0000000000000000E+00  0.0000000000000000E+00  1.0000000000000000E+00  0.0000000000000000E+00  -0.0000000000000000E+00
                    0.0000000000000000E+00  0.0000000000000000E+00  0.0000000000000000E+00  0.0000000000000000E+00  -9.2050485345244026E-01  -3.9073112848927394E-01
                    0.0000000000000000E+00  0.0000000000000000E+00  0.0000000000000000E+00  0.0000000000000000E+00  3.9073112848927394E-01  -9.2050485345244026E-01
             iElt=  3
          EltName=  M3
          Element=  Reflector
          Surface=  Monomial
            KrElt=-4.5871772317379211E-01
            KcElt=-3.3330235331942759E-01
          MonCoef=  0.0000000000000000E+00 0.0000000000000000E+00 0.0000000000000000E+00 0.0000000000000000E+00 0.0000000000000000E+00 0.0000000000000000E+00
                    4.6398507678766199E-05 0.0000000000000000E+00 -4.1967050036182421E-04 0.0000000000000000E+00 6.0533226023326708E-05 0.0000000000000000E+00
                    6.4336821060605005E-05 0.0000000000000000E+00 7.3072708188731081E-05 0.0000000000000000E+00 0.0000000000000000E+00 0.0000000000000000E+00
                    0.0000000000000000E+00 0.0000000000000000E+00 0.0000000000000000E+00 0.0000000000000000E+00 0.0000000000000000E+00 0.0000000000000000E+00
                    0.0000000000000000E+00 0.0000000000000000E+00 0.0000000000000000E+00 0.0000000000000000E+00 0.0000000000000000E+00 0.0000000000000000E+00
                    0.0000000000000000E+00 0.0000000000000000E+00 0.0000000000000000E+00 0.0000000000000000E+00 0.0000000000000000E+00 0.0000000000000000E+00
                    0.0000000000000000E+00 0.0000000000000000E+00 0.0000000000000000E+00 0.0000000000000000E+00 0.0000000000000000E+00 0.0000000000000000E+00
                    0.0000000000000000E+00 0.0000000000000000E+00 0.0000000000000000E+00 0.0000000000000000E+00 0.0000000000000000E+00 0.0000000000000000E+00
                    0.0000000000000000E+00 0.0000000000000000E+00 0.0000000000000000E+00 0.0000000000000000E+00 0.0000000000000000E+00 0.0000000000000000E+00
                    0.0000000000000000E+00 0.0000000000000000E+00 0.0000000000000000E+00 0.0000000000000000E+00 0.0000000000000000E+00 0.0000000000000000E+00
                    0.0000000000000000E+00 0.0000000000000000E+00 0.0000000000000000E+00 0.0000000000000000E+00 0.0000000000000000E+00 0.0000000000000000E+00
                    0.0000000000000000E+00 0.0000000000000000E+00 0.0000000000000000E+00 0.0000000000000000E+00 0.0000000000000000E+00 0.0000000000000000E+00
                    0.0000000000000000E+00 0.0000000000000000E+00 0.0000000000000000E+00 0.0000000000000000E+00 0.0000000000000000E+00 0.0000000000000000E+00
                    0.0000000000000000E+00 0.0000000000000000E+00 0.0000000000000000E+00 0.0000000000000000E+00 0.0000000000000000E+00 0.0000000000000000E+00
                    0.0000000000000000E+00 0.0000000000000000E+00 0.0000000000000000E+00 0.0000000000000000E+00 0.0000000000000000E+00 0.0000000000000000E+00
                    0.0000000000000000E+00 0.0000000000000000E+00 0.0000000000000000E+00 0.0000000000000000E+00 0.0000000000000000E+00 0.0000000000000000E+00
                    0.0000000000000000E+00 0.0000000000000000E+00 0.0000000000000000E+00 0.0000000000000000E+00 0.0000000000000000E+00 0.0000000000000000E+00
                    0.0000000000000000E+00 0.0000000000000000E+00 0.0000000000000000E+00 0.0000000000000000E+00 0.0000000000000000E+00 0.0000000000000000E+00
                    0.0000000000000000E+00 0.0000000000000000E+00 0.0000000000000000E+00 0.0000000000000000E+00 0.0000000000000000E+00 0.0000000000000000E+00
                    0.0000000000000000E+00 0.0000000000000000E+00 0.0000000000000000E+00 0.0000000000000000E+00 0.0000000000000000E+00 0.0000000000000000E+00
             lMon=9.6548071827476906E-02
             pMon=  0.0000000000000000E+00  -2.8313118679130816E-01  1.0939356679845588E-01
             xMon=  1.0000000000000000E+00  0.0000000000000000E+00  0.0000000000000000E+00
             yMon=  0.0000000000000000E+00  -9.9984769515639127E-01  1.7452406437283557E-02
             zMon=  0.0000000000000000E+00  -1.7452406437283557E-02  -9.9984769515639127E-01
           psiElt=  0.0000000000000000E+00  4.3263995264033100E-01  -9.0156678697663428E-01
           VptElt=  0.0000000000000000E+00  -4.9727931136996978E-01  6.3552462084928346E-02
           RptElt=  0.0000000000000000E+00  -2.8313118679130816E-01  1.0939356679845588E-01
           IndRef=1.0E+00
           Extinc=0.0E+00
             nObs=  0
           ApType=  None
         PropType=  Geometric
             zElt=2.9939130434782613E-01
          nECoord=  6
             TElt=  1.0000000000000000E+00  0.0000000000000000E+00  0.0000000000000000E+00  0.0000000000000000E+00  0.0000000000000000E+00  0.0000000000000000E+00
                    0.0000000000000000E+00  -9.9984769515639127E-01  -1.7452406437283557E-02  0.0000000000000000E+00  0.0000000000000000E+00  0.0000000000000000E+00
                    0.0000000000000000E+00  1.7452406437283557E-02  -9.9984769515639127E-01  0.0000000000000000E+00  0.0000000000000000E+00  0.0000000000000000E+00
                    0.0000000000000000E+00  0.0000000000000000E+00  0.0000000000000000E+00  1.0000000000000000E+00  0.0000000000000000E+00  0.0000000000000000E+00
                    0.0000000000000000E+00  0.0000000000000000E+00  0.0000000000000000E+00  0.0000000000000000E+00  -9.9984769515639127E-01  -1.7452406437283557E-02
                    0.0000000000000000E+00  0.0000000000000000E+00  0.0000000000000000E+00  0.0000000000000000E+00  1.7452406437283557E-02  -9.9984769515639127E-01
             iElt=  4
          EltName=  Slit
          Element=  FocalPlane
          Surface=  Flat
            KrElt=-1.0000000000000000E+22
            KcElt=0.0000000000000000E+00
           psiElt=  -0.0000000000000000E+00  2.7563735581699916E-01  9.6126169593831878E-01
           VptElt=  0.0000000000000000E+00  -3.6565294673080900E-01  -1.7839401074573147E-01
           RptElt=  0.0000000000000000E+00  -3.6565294673080900E-01  -1.7839401074573147E-01
           IndRef=1.0E+00
           Extinc=0.0E+00
             nObs=  0
           ApType=  None
         PropType=  Geometric
             zElt=1.0000000000000000E+20
          nECoord=  6
             TElt=  1.0000000000000000E+00  0.0000000000000000E+00  -0.0000000000000000E+00  0.0000000000000000E+00  0.0000000000000000E+00  0.0000000000000000E+00
                    0.0000000000000000E+00  9.6126169593831878E-01  2.7563735581699916E-01  0.0000000000000000E+00  0.0000000000000000E+00  0.0000000000000000E+00
                    0.0000000000000000E+00  -2.7563735581699916E-01  9.6126169593831878E-01  0.0000000000000000E+00  0.0000000000000000E+00  0.0000000000000000E+00
                    0.0000000000000000E+00  0.0000000000000000E+00  0.0000000000000000E+00  1.0000000000000000E+00  0.0000000000000000E+00  -0.0000000000000000E+00
                    0.0000000000000000E+00  0.0000000000000000E+00  0.0000000000000000E+00  0.0000000000000000E+00  9.6126169593831878E-01  2.7563735581699916E-01
                    0.0000000000000000E+00  0.0000000000000000E+00  0.0000000000000000E+00  0.0000000000000000E+00  -2.7563735581699916E-01  9.6126169593831878E-01
% Output Coordinate System Definition
         nOutCord=  5
             Tout=  1.0000000000000000E+00  0.0000000000000000E+00  0.0000000000000000E+00  0.0000000000000000E+00  0.0000000000000000E+00  0.0000000000000000E+00  0.0E+00
                    0.0000000000000000E+00  1.0000000000000000E+00  0.0000000000000000E+00  0.0000000000000000E+00  0.0000000000000000E+00  0.0000000000000000E+00  0.0E+00
                    0.0000000000000000E+00  0.0000000000000000E+00  0.0000000000000000E+00  1.0000000000000000E+00  0.0000000000000000E+00  0.0000000000000000E+00  0.0E+00
                    0.0000000000000000E+00  0.0000000000000000E+00  0.0000000000000000E+00  0.0000000000000000E+00  1.0000000000000000E+00  0.0000000000000000E+00  0.0E+00
                    0.0000000000000000E+00  0.0000000000000000E+00  0.0000000000000000E+00  0.0000000000000000E+00  0.0000000000000000E+00  0.0000000000000000E+00  1.0E+00
