% MACOS prescription emitted by macos.design.Telescope (family=tma)
% Source Definition
        ChfRayDir=  0.0000000000000000E+00  2.7634379471522860E-04  9.9999996181705286E-01
        ChfRayPos=  0.0000000000000000E+00  -2.0111687282052745E-03  -7.2777774998907736E+00
          zSource=1.0E+22
        BaseUnits=  m
        WaveUnits=  m
           IndRef=1.0E+00
           Extinc=0.0E+00
          Wavelen=4.9999999999999998E-07
             Flux=1.0E+00
         Aperture=4.0000000000000000E+00
         Obscratn=0.0E+00
         ApStop=  0.0000000000000000E+00  0.0000000000000000E+00  0.0000000000000000E+00
         GridType=  Circular
         nGridpts=  41
            xGrid=  1.0000000000000000E+00  0.0000000000000000E+00  0.0000000000000000E+00
            yGrid=  0.0000000000000000E+00  1.0000000000000000E+00  0.0000000000000000E+00
% Element Definitions
             nElt=  11
             iElt=  1
          EltName=  M1
          Element=  Reflector
          Surface=  Zernike
            KrElt=-1.4000000000000000E+01
            KcElt=-9.8945500047017954E-01
         ZernType=  BornWolf
        nZernCoef=  15
        ZernModes=  3 4 5 9 10 11 12 13 19 20 21 22 23 24 25
         ZernCoef=  6.8594689404586750E-04 7.2963681429366738E-07 -9.1432213720985328E-07 6.8188006424994617E-06 -6.2902229627721749E-07 1.0990861257207989E-07
                   -3.5841412225000838E-08 -3.3219446257041464E-07 -2.7999779669517765E-09 -2.6355722244017024E-09 -1.9609930856640389E-09 5.6587847227492002E-09
                   2.4855953384874346E-09 5.1271093496010084E-11 -3.9793050725060898E-09
             lMon=2.1994812621575668E+00
             pMon=  0.0000000000000000E+00  0.0000000000000000E+00  0.0000000000000000E+00
             xMon=  -1.0000000000000000E+00  0.0000000000000000E+00  0.0000000000000000E+00
             yMon=  0.0000000000000000E+00  1.0000000000000000E+00  0.0000000000000000E+00
             zMon=  -0.0000000000000000E+00  0.0000000000000000E+00  -1.0000000000000000E+00
           psiElt=  -0.0000000000000000E+00  0.0000000000000000E+00  -1.0000000000000000E+00
           VptElt=  0.0000000000000000E+00  0.0000000000000000E+00  0.0000000000000000E+00
           RptElt=  0.0000000000000000E+00  0.0000000000000000E+00  0.0000000000000000E+00
           IndRef=1.0E+00
           Extinc=0.0E+00
             nObs=  1
          ObsType=  Circle
           ObsVec=  1.1474661161833875E-01  0.0000000000000000E+00  0.0000000000000000E+00
           ApType=  None
         PropType=  Geometric
             zElt=6.2777777777777777E+00
          nECoord=  6
             TElt=  -1.0000000000000000E+00  0.0000000000000000E+00  0.0000000000000000E+00  0.0000000000000000E+00  0.0000000000000000E+00  0.0000000000000000E+00
                    0.0000000000000000E+00  1.0000000000000000E+00  0.0000000000000000E+00  0.0000000000000000E+00  0.0000000000000000E+00  0.0000000000000000E+00
                    -0.0000000000000000E+00  0.0000000000000000E+00  -1.0000000000000000E+00  0.0000000000000000E+00  0.0000000000000000E+00  0.0000000000000000E+00
                    0.0000000000000000E+00  0.0000000000000000E+00  0.0000000000000000E+00  -1.0000000000000000E+00  0.0000000000000000E+00  0.0000000000000000E+00
                    0.0000000000000000E+00  0.0000000000000000E+00  0.0000000000000000E+00  0.0000000000000000E+00  1.0000000000000000E+00  0.0000000000000000E+00
                    0.0000000000000000E+00  0.0000000000000000E+00  0.0000000000000000E+00  -0.0000000000000000E+00  0.0000000000000000E+00  -1.0000000000000000E+00
             iElt=  2
          EltName=  M2
          Element=  Reflector
          Surface=  Zernike
            KrElt=-1.6507936507936507E+00
            KcElt=-1.5079142383719306E+00
         ZernType=  BornWolf
        nZernCoef=  15
        ZernModes=  3 4 5 9 10 11 12 13 19 20 21 22 23 24 25
         ZernCoef=  -9.2994912612099549E-04 -1.6405189203779025E-06 -1.3454258052489627E-06 -5.4539674426339974E-06 2.0507287358618000E-06 1.6939811110313748E-07
                   -4.7468151609601245E-08 -3.3274775170102771E-07 -7.5390447460469724E-09 2.3607209533261141E-08 -3.1583089572109092E-08 1.6533479882736733E-08
                   -8.5799885126355687E-09 2.3752268492005979E-09 -4.6095848329960812E-09
             lMon=2.3202348818046720E-01
             pMon=  0.0000000000000000E+00  0.0000000000000000E+00  -6.2777777777777777E+00
             xMon=  -1.0000000000000000E+00  0.0000000000000000E+00  0.0000000000000000E+00
             yMon=  0.0000000000000000E+00  1.0000000000000000E+00  0.0000000000000000E+00
             zMon=  -0.0000000000000000E+00  0.0000000000000000E+00  -1.0000000000000000E+00
           psiElt=  -0.0000000000000000E+00  0.0000000000000000E+00  -1.0000000000000000E+00
           VptElt=  0.0000000000000000E+00  0.0000000000000000E+00  -6.2777777777777777E+00
           RptElt=  0.0000000000000000E+00  0.0000000000000000E+00  -6.2777777777777777E+00
           IndRef=1.0E+00
           Extinc=0.0E+00
             nObs=  0
           ApType=  None
         PropType=  Geometric
             zElt=6.5777777777777775E+00
          nECoord=  6
             TElt=  -1.0000000000000000E+00  0.0000000000000000E+00  0.0000000000000000E+00  0.0000000000000000E+00  0.0000000000000000E+00  0.0000000000000000E+00
                    0.0000000000000000E+00  1.0000000000000000E+00  0.0000000000000000E+00  0.0000000000000000E+00  0.0000000000000000E+00  0.0000000000000000E+00
                    -0.0000000000000000E+00  0.0000000000000000E+00  -1.0000000000000000E+00  0.0000000000000000E+00  0.0000000000000000E+00  0.0000000000000000E+00
                    0.0000000000000000E+00  0.0000000000000000E+00  0.0000000000000000E+00  -1.0000000000000000E+00  0.0000000000000000E+00  0.0000000000000000E+00
                    0.0000000000000000E+00  0.0000000000000000E+00  0.0000000000000000E+00  0.0000000000000000E+00  1.0000000000000000E+00  0.0000000000000000E+00
                    0.0000000000000000E+00  0.0000000000000000E+00  0.0000000000000000E+00  -0.0000000000000000E+00  0.0000000000000000E+00  -1.0000000000000000E+00
             iElt=  3
          EltName=  FM
          Element=  Reflector
          Surface=  Flat
            KrElt=-1.0000000000000000E+22
            KcElt=0.0000000000000000E+00
           psiElt=  7.0710678118654746E-01  -0.0000000000000000E+00  -7.0710678118654746E-01
           VptElt=  0.0000000000000000E+00  0.0000000000000000E+00  2.9999999999999982E-01
           RptElt=  0.0000000000000000E+00  0.0000000000000000E+00  2.9999999999999982E-01
           IndRef=1.0E+00
           Extinc=0.0E+00
             nObs=  0
           ApType=  None
         PropType=  Geometric
             zElt=2.0999999999999996E+00
          nECoord=  6
             TElt=  -7.0710678118654757E-01  0.0000000000000000E+00  -7.0710678118654757E-01  0.0000000000000000E+00  0.0000000000000000E+00  0.0000000000000000E+00
                    0.0000000000000000E+00  1.0000000000000000E+00  0.0000000000000000E+00  0.0000000000000000E+00  0.0000000000000000E+00  0.0000000000000000E+00
                    7.0710678118654757E-01  -0.0000000000000000E+00  -7.0710678118654757E-01  0.0000000000000000E+00  0.0000000000000000E+00  0.0000000000000000E+00
                    0.0000000000000000E+00  0.0000000000000000E+00  0.0000000000000000E+00  -7.0710678118654757E-01  0.0000000000000000E+00  -7.0710678118654757E-01
                    0.0000000000000000E+00  0.0000000000000000E+00  0.0000000000000000E+00  0.0000000000000000E+00  1.0000000000000000E+00  0.0000000000000000E+00
                    0.0000000000000000E+00  0.0000000000000000E+00  0.0000000000000000E+00  7.0710678118654757E-01  -0.0000000000000000E+00  -7.0710678118654757E-01
             iElt=  4
          EltName=  M3
          Element=  Reflector
          Surface=  Zernike
            KrElt=-3.2624999999999411E+00
            KcElt=-9.8712086113179864E-01
         ZernType=  BornWolf
        nZernCoef=  15
        ZernModes=  3 4 5 9 10 11 12 13 19 20 21 22 23 24 25
         ZernCoef=  7.8847343379924331E-04 -7.4712042175819786E-06 -6.8822859957877350E-07 1.5175521731812677E-07 -4.6269376222289056E-06 -1.9061684150570283E-07
                   5.9139548667060509E-08 7.8770664895329558E-08 -1.4157785391493987E-08 4.2550941279590770E-09 9.1881298752392874E-09 -2.3727187164628534E-09
                   8.1303919139664333E-09 6.3800287412174933E-09 2.4111050806802675E-09
             lMon=1.7133883420865051E-01
             pMon=  2.0999999999999992E+00  0.0000000000000000E+00  3.0000000000000027E-01
             xMon=  -2.2204460492503136E-16  0.0000000000000000E+00  1.0000000000000000E+00
             yMon=  0.0000000000000000E+00  1.0000000000000000E+00  0.0000000000000000E+00
             zMon=  -1.0000000000000000E+00  0.0000000000000000E+00  -2.2204460492503136E-16
           psiElt=  -9.9999999999999978E-01  0.0000000000000000E+00  -2.2204460492503131E-16
           VptElt=  2.0999999999999992E+00  0.0000000000000000E+00  3.0000000000000027E-01
           RptElt=  2.0999999999999992E+00  0.0000000000000000E+00  3.0000000000000027E-01
           IndRef=1.0E+00
           Extinc=0.0E+00
             nObs=  0
           ApType=  None
         PropType=  Geometric
             zElt=4.1792134101280443E+00
          nECoord=  6
             TElt=  -2.2204460492503136E-16  0.0000000000000000E+00  1.0000000000000000E+00  0.0000000000000000E+00  0.0000000000000000E+00  0.0000000000000000E+00
                    0.0000000000000000E+00  1.0000000000000000E+00  0.0000000000000000E+00  0.0000000000000000E+00  0.0000000000000000E+00  0.0000000000000000E+00
                    -1.0000000000000000E+00  0.0000000000000000E+00  -2.2204460492503136E-16  0.0000000000000000E+00  0.0000000000000000E+00  0.0000000000000000E+00
                    0.0000000000000000E+00  0.0000000000000000E+00  0.0000000000000000E+00  -2.2204460492503136E-16  0.0000000000000000E+00  1.0000000000000000E+00
                    0.0000000000000000E+00  0.0000000000000000E+00  0.0000000000000000E+00  0.0000000000000000E+00  1.0000000000000000E+00  0.0000000000000000E+00
                    0.0000000000000000E+00  0.0000000000000000E+00  0.0000000000000000E+00  -1.0000000000000000E+00  0.0000000000000000E+00  -2.2204460492503136E-16
             iElt=  5
          EltName=  M4
          Element=  Reflector
          Surface=  Zernike
            KrElt=-1.0000000000000000E+06
            KcElt=0.0000000000000000E+00
         ZernType=  BornWolf
        nZernCoef=  15
        ZernModes=  3 4 5 9 10 11 12 13 19 20 21 22 23 24 25
         ZernCoef=  3.5384602710828997E-09 -2.2427826942513719E-08 -2.9072721656385897E-08 -1.5896897512368007E-08 -5.6665017443600083E-09 1.5015257968979738E-09
                   1.5617875059721568E-08 -2.1682594656684665E-08 1.6324106678107094E-08 -1.1406439550432256E-08 -2.9763872687031333E-09 8.9882829794038662E-09
                   7.8245545164094113E-09 9.5060917752951545E-09 4.5818086592365182E-09
             lMon=7.8711776402151462E-02
             pMon=  -2.0792134101280442E+00  0.0000000000000000E+00  2.9999999999999938E-01
             xMon=  2.2204460492503136E-16  0.0000000000000000E+00  -1.0000000000000000E+00
             yMon=  8.7155742747658180E-02  9.9619469809174555E-01  1.9352462465351429E-17
             zMon=  9.9619469809174555E-01  -8.7155742747658180E-02  2.2119965816619253E-16
           psiElt=  9.9619469809174532E-01  -8.7155742747658166E-02  2.2119965816619248E-16
           VptElt=  -2.0792134101280442E+00  0.0000000000000000E+00  2.9999999999999938E-01
           RptElt=  -2.0792134101280442E+00  0.0000000000000000E+00  2.9999999999999938E-01
           IndRef=1.0E+00
           Extinc=0.0E+00
             nObs=  0
           ApType=  None
         PropType=  Geometric
             zElt=1.5338074031828581E+00
          nECoord=  6
             TElt=  2.2204460492503136E-16  0.0000000000000000E+00  -1.0000000000000000E+00  0.0000000000000000E+00  0.0000000000000000E+00  0.0000000000000000E+00
                    8.7155742747658180E-02  9.9619469809174555E-01  1.9352462465351429E-17  0.0000000000000000E+00  0.0000000000000000E+00  0.0000000000000000E+00
                    9.9619469809174555E-01  -8.7155742747658180E-02  2.2119965816619253E-16  0.0000000000000000E+00  0.0000000000000000E+00  0.0000000000000000E+00
                    0.0000000000000000E+00  0.0000000000000000E+00  0.0000000000000000E+00  2.2204460492503136E-16  0.0000000000000000E+00  -1.0000000000000000E+00
                    0.0000000000000000E+00  0.0000000000000000E+00  0.0000000000000000E+00  8.7155742747658180E-02  9.9619469809174555E-01  1.9352462465351429E-17
                    0.0000000000000000E+00  0.0000000000000000E+00  0.0000000000000000E+00  9.9619469809174555E-01  -8.7155742747658180E-02  2.2119965816619253E-16
             iElt=  6
          EltName=  M5
          Element=  Reflector
          Surface=  Zernike
            KrElt=-2.0000000000000000E+00
            KcElt=0.0000000000000000E+00
         ZernType=  BornWolf
        nZernCoef=  15
        ZernModes=  3 4 5 9 10 11 12 13 19 20 21 22 23 24 25
         ZernCoef=  -5.7054077498456396E-04 -5.8562077193870827E-06 -3.0435939099190119E-06 1.3226184888117443E-06 -1.0215444789022115E-05 6.1821215415331218E-08
                   -1.1522455294920388E-07 5.6922740106669158E-08 -6.4004760141561272E-09 -2.0066177291864233E-08 4.1771066815896478E-08 4.2337876331128714E-09
                   -1.2442526645944783E-08 -9.5297165432970641E-09 -5.1612217617596531E-09
             lMon=1.7080594840363258E-01
             pMon=  -5.6870798784604404E-01  -2.6634286045474997E-01  2.9999999999999971E-01
             xMon=  -2.2204460492503136E-16  0.0000000000000000E+00  1.0000000000000000E+00
             yMon=  2.9538693258783671E-01  9.5537770544238088E-01  6.5589074746483071E-17
             zMon=  -9.5537770544238099E-01  2.9538693258783671E-01  -2.1213646515913647E-16
           psiElt=  -9.5537770544238065E-01  2.9538693258783660E-01  -2.1213646515913639E-16
           VptElt=  -5.6870798784604404E-01  -2.6634286045474997E-01  2.9999999999999971E-01
           RptElt=  -5.6870798784604404E-01  -2.6634286045474997E-01  2.9999999999999971E-01
           IndRef=1.0E+00
           Extinc=0.0E+00
             nObs=  0
           ApType=  None
         PropType=  Geometric
             zElt=1.0160675790064644E+00
          nECoord=  6
             TElt=  -2.2204460492503136E-16  0.0000000000000000E+00  1.0000000000000000E+00  0.0000000000000000E+00  0.0000000000000000E+00  0.0000000000000000E+00
                    2.9538693258783671E-01  9.5537770544238088E-01  6.5589074746483071E-17  0.0000000000000000E+00  0.0000000000000000E+00  0.0000000000000000E+00
                    -9.5537770544238099E-01  2.9538693258783671E-01  -2.1213646515913647E-16  0.0000000000000000E+00  0.0000000000000000E+00  0.0000000000000000E+00
                    0.0000000000000000E+00  0.0000000000000000E+00  0.0000000000000000E+00  -2.2204460492503136E-16  0.0000000000000000E+00  1.0000000000000000E+00
                    0.0000000000000000E+00  0.0000000000000000E+00  0.0000000000000000E+00  2.9538693258783671E-01  9.5537770544238088E-01  6.5589074746483071E-17
                    0.0000000000000000E+00  0.0000000000000000E+00  0.0000000000000000E+00  -9.5537770544238099E-01  2.9538693258783671E-01  -2.1213646515913647E-16
             iElt=  7
          EltName=  M6
          Element=  Reflector
          Surface=  Conic
            KrElt=-1.0000000000000000E+00
            KcElt=0.0000000000000000E+00
           psiElt=  -9.8515729908321747E-01  1.7165400101092787E-01  -2.1874886326394398E-16
           VptElt=  -1.4943060996475876E+00  1.5277700370999575E-01  2.9999999999999949E-01
           RptElt=  -1.4943060996475876E+00  1.5277700370999575E-01  2.9999999999999949E-01
           IndRef=1.0E+00
           Extinc=0.0E+00
             nObs=  0
           ApType=  None
         PropType=  Geometric
             zElt=1.0160675790064644E+00
          nECoord=  6
             TElt=  -2.2204460492503136E-16  0.0000000000000000E+00  1.0000000000000000E+00  0.0000000000000000E+00  0.0000000000000000E+00  0.0000000000000000E+00
                    1.7165400101092790E-01  9.8515729908321770E-01  3.8114844838272416E-17  0.0000000000000000E+00  0.0000000000000000E+00  0.0000000000000000E+00
                    -9.8515729908321770E-01  1.7165400101092790E-01  -2.1874886326394403E-16  0.0000000000000000E+00  0.0000000000000000E+00  0.0000000000000000E+00
                    0.0000000000000000E+00  0.0000000000000000E+00  0.0000000000000000E+00  -2.2204460492503136E-16  0.0000000000000000E+00  1.0000000000000000E+00
                    0.0000000000000000E+00  0.0000000000000000E+00  0.0000000000000000E+00  1.7165400101092790E-01  9.8515729908321770E-01  3.8114844838272416E-17
                    0.0000000000000000E+00  0.0000000000000000E+00  0.0000000000000000E+00  -9.8515729908321770E-01  1.7165400101092790E-01  -2.1874886326394403E-16
             iElt=  8
          EltName=  M7
          Element=  Reflector
          Surface=  Zernike
            KrElt=-2.0000000000000000E+00
            KcElt=0.0000000000000000E+00
         ZernType=  BornWolf
        nZernCoef=  15
        ZernModes=  3 4 5 9 10 11 12 13 19 20 21 22 23 24 25
         ZernCoef=  -6.1419650945611999E-04 -1.9471940269543752E-06 -9.9423486594494778E-08 3.2977719323872529E-08 1.7924896096231752E-06 -1.2804917153454690E-07
                   6.9632193105196208E-08 3.3646377976615879E-08 1.0522195711825635E-08 -6.0728697492881630E-08 9.4008079009228000E-08 1.2609229134609636E-08
                   -1.3760676034200154E-08 2.7219135598001857E-09 -1.7898517312961296E-09
             lMon=6.2923441569236710E-02
             pMon=  -4.8150213395447705E-01  2.3414930971373199E-01  2.9999999999999971E-01
             xMon=  -2.2204460492503136E-16  0.0000000000000000E+00  1.0000000000000000E+00
             yMon=  4.5140847503596038E-02  9.9898063238816459E-01  1.0023281649917070E-17
             zMon=  -9.9898063238816448E-01  4.5140847503596038E-02  -2.2181825984638797E-16
           psiElt=  -9.9898063238816426E-01  4.5140847503596031E-02  -2.2181825984638792E-16
           VptElt=  -4.8150213395447705E-01  2.3414930971373199E-01  2.9999999999999971E-01
           RptElt=  -4.8150213395447705E-01  2.3414930971373199E-01  2.9999999999999971E-01
           IndRef=1.0E+00
           Extinc=0.0E+00
             nObs=  0
           ApType=  None
         PropType=  Geometric
             zElt=1.9839232179697790E+00
          nECoord=  6
             TElt=  -2.2204460492503136E-16  0.0000000000000000E+00  1.0000000000000000E+00  0.0000000000000000E+00  0.0000000000000000E+00  0.0000000000000000E+00
                    4.5140847503596038E-02  9.9898063238816459E-01  1.0023281649917070E-17  0.0000000000000000E+00  0.0000000000000000E+00  0.0000000000000000E+00
                    -9.9898063238816448E-01  4.5140847503596038E-02  -2.2181825984638797E-16  0.0000000000000000E+00  0.0000000000000000E+00  0.0000000000000000E+00
                    0.0000000000000000E+00  0.0000000000000000E+00  0.0000000000000000E+00  -2.2204460492503136E-16  0.0000000000000000E+00  1.0000000000000000E+00
                    0.0000000000000000E+00  0.0000000000000000E+00  0.0000000000000000E+00  4.5140847503596038E-02  9.9898063238816459E-01  1.0023281649917070E-17
                    0.0000000000000000E+00  0.0000000000000000E+00  0.0000000000000000E+00  -9.9898063238816448E-01  4.5140847503596038E-02  -2.2181825984638797E-16
             iElt=  9
          EltName=  FP_return
          Element=  Return
          Surface=  Flat
            KrElt=-1.0000000000000000E+22
            KcElt=0.0000000000000000E+00
           psiElt=  9.8526649224018148E-01  -1.7102613621528229E-01  -8.4046498498151634E-16
           VptElt=  -2.4337527891690471E+00  5.7302806902883996E-01  3.0000000000000138E-01
           RptElt=  -2.4337527891690471E+00  5.7302806902883996E-01  3.0000000000000138E-01
           IndRef=1.0E+00
           Extinc=0.0E+00
             nObs=  0
           ApType=  Circular
            ApVec=  2.2000000000000002E+00  0.0000000000000000E+00  0.0000000000000000E+00
         PropType=  Geometric
             zElt=1.9533011447787074E+00
          nECoord=  6
             TElt=  -8.5303315559891553E-16  0.0000000000000000E+00  -1.0000000000000000E+00  0.0000000000000000E+00  0.0000000000000000E+00  0.0000000000000000E+00
                    1.7102613621528234E-01  9.8526649224018159E-01  -1.4589096466561225E-16  0.0000000000000000E+00  0.0000000000000000E+00  0.0000000000000000E+00
                    9.8526649224018159E-01  -1.7102613621528232E-01  -8.4046498498151644E-16  0.0000000000000000E+00  0.0000000000000000E+00  0.0000000000000000E+00
                    0.0000000000000000E+00  0.0000000000000000E+00  0.0000000000000000E+00  -8.5303315559891553E-16  0.0000000000000000E+00  -1.0000000000000000E+00
                    0.0000000000000000E+00  0.0000000000000000E+00  0.0000000000000000E+00  1.7102613621528234E-01  9.8526649224018159E-01  -1.4589096466561225E-16
                    0.0000000000000000E+00  0.0000000000000000E+00  0.0000000000000000E+00  9.8526649224018159E-01  -1.7102613621528232E-01  -8.4046498498151644E-16
             iElt=  10
          EltName=  ExitPupil
          Element=  Return
          Surface=  Conic
            KrElt=-1.9533011447787074E+00
            KcElt=0.0000000000000000E+00
           psiElt=  -9.8932718093887762E-01  1.4570531384230559E-01  1.3002206153154964E-03
           VptElt=  -5.0129887408044604E-01  2.8842171270032363E-01  2.9746027758364074E-01
           RptElt=  -5.0129887408044604E-01  2.8842171270032363E-01  2.9746027758364074E-01
           IndRef=1.0E+00
           Extinc=0.0E+00
             nObs=  0
           ApType=  Circular
            ApVec=  2.2000000000000002E+00  0.0000000000000000E+00  0.0000000000000000E+00
         PropType=  FarField
             zElt=1.9533011447787074E+00
          nECoord=  6
             TElt=  1.3142462043573505E-03  0.0000000000000000E+00  9.9999913637808424E-01  0.0000000000000000E+00  0.0000000000000000E+00  0.0000000000000000E+00
                    1.4570518800800331E-01  9.8932803534425084E-01  -1.9149265567194664E-04  0.0000000000000000E+00  0.0000000000000000E+00  0.0000000000000000E+00
                    -9.8932718093887762E-01  1.4570531384230559E-01  1.3002206153154964E-03  0.0000000000000000E+00  0.0000000000000000E+00  0.0000000000000000E+00
                    0.0000000000000000E+00  0.0000000000000000E+00  0.0000000000000000E+00  1.3142462043573505E-03  0.0000000000000000E+00  9.9999913637808424E-01
                    0.0000000000000000E+00  0.0000000000000000E+00  0.0000000000000000E+00  1.4570518800800331E-01  9.8932803534425084E-01  -1.9149265567194664E-04
                    0.0000000000000000E+00  0.0000000000000000E+00  0.0000000000000000E+00  -9.8932718093887762E-01  1.4570531384230559E-01  1.3002206153154964E-03
             iElt=  11
          EltName=  FP
          Element=  FocalPlane
          Surface=  Flat
            KrElt=-1.0000000000000000E+22
            KcElt=0.0000000000000000E+00
           psiElt=  -9.9032646447735984E-01  1.3875695930573162E-01  -2.9272000495381362E-10
           VptElt=  -2.4337527891690471E+00  5.7302806902883996E-01  3.0000000000000138E-01
           RptElt=  -2.4337527891690471E+00  5.7302806902883996E-01  3.0000000000000138E-01
           IndRef=1.0E+00
           Extinc=0.0E+00
             nObs=  0
           ApType=  None
         PropType=  Geometric
             zElt=1.0000000000000000E+20
          nECoord=  6
             TElt=  -2.9557930182982160E-10  0.0000000000000000E+00  1.0000000000000000E+00  0.0000000000000000E+00  0.0000000000000000E+00  0.0000000000000000E+00
                    1.3875695930573162E-01  9.9032646447735995E-01  4.1013685155617117E-11  0.0000000000000000E+00  0.0000000000000000E+00  0.0000000000000000E+00
                    -9.9032646447735984E-01  1.3875695930573162E-01  -2.9272000495381362E-10  0.0000000000000000E+00  0.0000000000000000E+00  0.0000000000000000E+00
                    0.0000000000000000E+00  0.0000000000000000E+00  0.0000000000000000E+00  -2.9557930182982160E-10  0.0000000000000000E+00  1.0000000000000000E+00
                    0.0000000000000000E+00  0.0000000000000000E+00  0.0000000000000000E+00  1.3875695930573162E-01  9.9032646447735995E-01  4.1013685155617117E-11
                    0.0000000000000000E+00  0.0000000000000000E+00  0.0000000000000000E+00  -9.9032646447735984E-01  1.3875695930573162E-01  -2.9272000495381362E-10
% Output Coordinate System Definition
         nOutCord=  5
             Tout=  1.0000000000000000E+00  0.0000000000000000E+00  0.0000000000000000E+00  0.0000000000000000E+00  0.0000000000000000E+00  0.0000000000000000E+00  0.0E+00
                    0.0000000000000000E+00  1.0000000000000000E+00  0.0000000000000000E+00  0.0000000000000000E+00  0.0000000000000000E+00  0.0000000000000000E+00  0.0E+00
                    0.0000000000000000E+00  0.0000000000000000E+00  0.0000000000000000E+00  1.0000000000000000E+00  0.0000000000000000E+00  0.0000000000000000E+00  0.0E+00
                    0.0000000000000000E+00  0.0000000000000000E+00  0.0000000000000000E+00  0.0000000000000000E+00  1.0000000000000000E+00  0.0000000000000000E+00  0.0E+00
                    0.0000000000000000E+00  0.0000000000000000E+00  0.0000000000000000E+00  0.0000000000000000E+00  0.0000000000000000E+00  0.0000000000000000E+00  1.0E+00
