% MACOS prescription emitted by macos.design.Telescope (family=tma)
% Source Definition
        ChfRayDir=  0.0000000000000000E+00  -6.9756473744125302E-02  9.9756405025982431E-01
        ChfRayPos=  0.0000000000000000E+00  1.9318833331724869E-01  -1.8860195325224804E-01
          zSource=1.0E+22
        BaseUnits=  m
        WaveUnits=  m
           IndRef=1.0E+00
           Extinc=0.0E+00
          Wavelen=6.3300000000000002E-07
             Flux=1.0E+00
         Aperture=1.8333333333333335E-01
         Obscratn=0.0E+00
         ApStop=  0.0000000000000000E+00  1.7999999999999999E-01  0.0000000000000000E+00
         GridType=  Circular
         nGridpts=  41
            xGrid=  1.0000000000000000E+00  0.0000000000000000E+00  0.0000000000000000E+00
            yGrid=  0.0000000000000000E+00  1.0000000000000000E+00  0.0000000000000000E+00
% Element Definitions
             nElt=  4
             iElt=  1
          EltName=  M1
          Element=  Reflector
          Surface=  FreeForm
            KrElt=-3.6666666666666670E-01
            KcElt=-1.0727524821465790E+00
      MonZernType=  ANSI
     nMonZernCoef=   4
     MonZernModes=  1 5 13 25
      MonZernCoef=  -1.6815018409756292E-03 -2.4166822386504894E-03 -6.6480004913289069E-04 7.0380348541969538E-05
             lMon=  3.0406891344973419E-01
       FFZernType=  ANSI
      nFFZernCoef=   19
      FFZernModes=  4 6 7 8 9 10 5 13 25 11 12 14 15 16 17 18 19 20 21
       FFZernCoef=  -2.7145382980535403E-06 -1.0994096056065396E-04 -6.7027144890235857E-05 3.6375265852695249E-05 5.8263043715932438E-08 -4.8756721657752853E-07
                   8.5833464264213979E-07 3.9684124898874710E-06 1.1284247432462377E-06 -1.4523116579933957E-06 -7.8611298384193880E-08 -1.4091414205988215E-05
                   4.7992747290484929E-05 -4.5005595498437069E-06 1.0175967691799232E-06 -6.3697867913753031E-08 -3.9271128453579224E-08 -8.7206085594032224E-08
                   8.5976923565963888E-07
              lFF=  1.2088231633400393E-01
              pFF=  8.9851485148521100E-04  1.8047819571343510E-01  -4.3787472501226943E-02
              xFF=  -9.9999716328906263E-01  0.0000000000000000E+00  2.3818929085416048E-03
              yFF=  -1.0279829036112073E-03  9.0207354908715842E-01  -4.3158111090320894E-01
              zFF=  -2.1486425895536599E-03  -4.3158233517753947E-01  -9.0207099016525538E-01
             pMon=  0.0000000000000000E+00  0.0000000000000000E+00  0.0000000000000000E+00
             xMon=  -1.0000000000000000E+00  0.0000000000000000E+00  0.0000000000000000E+00
             yMon=  0.0000000000000000E+00  1.0000000000000000E+00  0.0000000000000000E+00
             zMon=  0.0000000000000000E+00  0.0000000000000000E+00  -1.0000000000000000E+00
           psiElt=  0.0000000000000000E+00  0.0000000000000000E+00  -1.0000000000000000E+00
           VptElt=  0.0000000000000000E+00  0.0000000000000000E+00  0.0000000000000000E+00
           RptElt=  8.9851485148521100E-04  1.8047819571343510E-01  -4.3787472501226943E-02
           IndRef=1.0E+00
           Extinc=0.0E+00
             nObs=  0
           ApType=  None
         PropType=  Geometric
             zElt=1.4322916666666669E-01
          nECoord=  6
             TElt=  -9.9999716328906263E-01  0.0000000000000000E+00  2.3818929085416048E-03  0.0000000000000000E+00  0.0000000000000000E+00  0.0000000000000000E+00
                    -1.0279829036112073E-03  9.0207354908715842E-01  -4.3158111090320894E-01  0.0000000000000000E+00  0.0000000000000000E+00  0.0000000000000000E+00
                    -2.1486425895536599E-03  -4.3158233517753947E-01  -9.0207099016525538E-01  0.0000000000000000E+00  0.0000000000000000E+00  0.0000000000000000E+00
                    0.0000000000000000E+00  0.0000000000000000E+00  0.0000000000000000E+00  -9.9999716328906263E-01  0.0000000000000000E+00  2.3818929085416048E-03
                    0.0000000000000000E+00  0.0000000000000000E+00  0.0000000000000000E+00  -1.0279829036112073E-03  9.0207354908715842E-01  -4.3158111090320894E-01
                    0.0000000000000000E+00  0.0000000000000000E+00  0.0000000000000000E+00  -2.1486425895536599E-03  -4.3158233517753947E-01  -9.0207099016525538E-01
             iElt=  2
          EltName=  M2
          Element=  Reflector
          Surface=  FreeForm
            KrElt=-1.2031250000000002E-01
            KcElt=-1.0730348496760774E+01
      MonZernType=  ANSI
     nMonZernCoef=   4
     MonZernModes=  1 5 13 25
      MonZernCoef=  5.4838841376372231E-04 8.1959304847698325E-04 2.6921158660086076E-04 -1.9930481124001594E-06
             lMon=  7.8623865719284272E-02
       FFZernType=  ANSI
      nFFZernCoef=   19
      FFZernModes=  4 6 7 8 9 10 5 13 25 11 12 14 15 16 17 18 19 20 21
       FFZernCoef=  -9.0634729957410387E-06 -1.4044588951068657E-04 -2.5370912580495198E-04 -1.5973957893540066E-05 3.1499043317838596E-07 1.2460129171900924E-06
                   1.3712798413922372E-05 -5.5541286906362054E-07 -7.6671000507039782E-06 -2.6497227710765467E-06 -3.4415318503983901E-07 1.4003734482626752E-05
                   2.7400734373033016E-04 -8.9920195939940657E-05 -1.0578932115023775E-07 2.5795342140344838E-06 6.7880811083728360E-08 4.3591009025116687E-08
                   -1.6894744307463746E-06
              lFF=  5.4511385174542536E-02
              pFF=  2.3548556354552292E-04  2.3567944645650634E-02  -1.4540058304662365E-01
              xFF=  -9.9999849014130282E-01  0.0000000000000000E+00  1.7377327512935782E-03
              yFF=  -2.9775066288547871E-04  9.8521120518522087E-01  -1.7134407641359339E-01
              zFF=  -1.7120337781917760E-03  -1.7134433511932801E-01  -9.8520971765551413E-01
             pMon=  0.0000000000000000E+00  0.0000000000000000E+00  -1.4322916666666669E-01
             xMon=  -1.0000000000000000E+00  0.0000000000000000E+00  0.0000000000000000E+00
             yMon=  0.0000000000000000E+00  1.0000000000000000E+00  0.0000000000000000E+00
             zMon=  0.0000000000000000E+00  0.0000000000000000E+00  -1.0000000000000000E+00
           psiElt=  0.0000000000000000E+00  0.0000000000000000E+00  -1.0000000000000000E+00
           VptElt=  0.0000000000000000E+00  0.0000000000000000E+00  -1.4322916666666669E-01
           RptElt=  2.3548556354552292E-04  2.3567944645650634E-02  -1.4540058304662365E-01
           IndRef=1.0E+00
           Extinc=0.0E+00
             nObs=  0
           ApType=  None
         PropType=  Geometric
             zElt=5.0551584507805822E-02
          nECoord=  6
             TElt=  -9.9999849014130282E-01  0.0000000000000000E+00  1.7377327512935782E-03  0.0000000000000000E+00  0.0000000000000000E+00  0.0000000000000000E+00
                    -2.9775066288547871E-04  9.8521120518522087E-01  -1.7134407641359339E-01  0.0000000000000000E+00  0.0000000000000000E+00  0.0000000000000000E+00
                    -1.7120337781917760E-03  -1.7134433511932801E-01  -9.8520971765551413E-01  0.0000000000000000E+00  0.0000000000000000E+00  0.0000000000000000E+00
                    0.0000000000000000E+00  0.0000000000000000E+00  0.0000000000000000E+00  -9.9999849014130282E-01  0.0000000000000000E+00  1.7377327512935782E-03
                    0.0000000000000000E+00  0.0000000000000000E+00  0.0000000000000000E+00  -2.9775066288547871E-04  9.8521120518522087E-01  -1.7134407641359339E-01
                    0.0000000000000000E+00  0.0000000000000000E+00  0.0000000000000000E+00  -1.7120337781917760E-03  -1.7134433511932801E-01  -9.8520971765551413E-01
             iElt=  3
          EltName=  M3
          Element=  Reflector
          Surface=  FreeForm
            KrElt=-1.8583028168810681E-01
            KcElt=-4.5480300454150928E+01
      MonZernType=  ANSI
     nMonZernCoef=   4
     MonZernModes=  1 5 13 25
      MonZernCoef=  8.4643564085421538E-04 1.2075173381203438E-03 3.1965761515880903E-04 -4.1424082107319453E-05
             lMon=  4.7322146358985490E-02
       FFZernType=  ANSI
      nFFZernCoef=   19
      FFZernModes=  4 6 7 8 9 10 5 13 25 11 12 14 15 16 17 18 19 20 21
       FFZernCoef=  -4.5648971713450263E-06 -5.8424473432316069E-04 -2.0767896011860597E-04 -1.2931525362783387E-04 2.1386649429928777E-06 4.1607151335531231E-06
                   -1.0890463629780495E-05 -6.2817457500337912E-05 2.6703833696513143E-05 -2.7970322769691516E-06 -7.3034888987311353E-07 -3.7044866612008405E-05
                   -1.5806314703262133E-04 -1.0664787077953881E-05 6.9594490592627378E-06 7.5366544474091557E-06 -1.5892991485973192E-07 -3.0709720244745019E-07
                   -4.5069883533455275E-07
              lFF=  4.7611469162907850E-02
              pFF=  1.2825518311952556E-04  -5.5138668558903916E-03  -9.2759044264514035E-02
              xFF=  -9.9999976626458964E-01  3.3881317890172014E-21  6.8371833831828326E-04
              yFF=  2.0088535233419395E-05  9.9956827634289014E-01  2.9381295501636515E-02
              zFF=  -6.8342316093683130E-04  2.9381302369087280E-02  -9.9956804270838884E-01
             pMon=  0.0000000000000000E+00  0.0000000000000000E+00  -9.2677582158860863E-02
             xMon=  -1.0000000000000000E+00  0.0000000000000000E+00  0.0000000000000000E+00
             yMon=  0.0000000000000000E+00  1.0000000000000000E+00  0.0000000000000000E+00
             zMon=  0.0000000000000000E+00  0.0000000000000000E+00  -1.0000000000000000E+00
           psiElt=  0.0000000000000000E+00  0.0000000000000000E+00  -1.0000000000000000E+00
           VptElt=  0.0000000000000000E+00  0.0000000000000000E+00  -9.2677582158860863E-02
           RptElt=  1.2825518311952556E-04  -5.5138668558903916E-03  -9.2759044264514035E-02
           IndRef=1.0E+00
           Extinc=0.0E+00
             nObs=  0
           ApType=  None
         PropType=  Geometric
             zElt=3.9845109565291553E-02
          nECoord=  6
             TElt=  -9.9999976626458964E-01  3.3881317890172014E-21  6.8371833831828326E-04  0.0000000000000000E+00  0.0000000000000000E+00  0.0000000000000000E+00
                    2.0088535233419395E-05  9.9956827634289014E-01  2.9381295501636515E-02  0.0000000000000000E+00  0.0000000000000000E+00  0.0000000000000000E+00
                    -6.8342316093683130E-04  2.9381302369087280E-02  -9.9956804270838884E-01  0.0000000000000000E+00  0.0000000000000000E+00  0.0000000000000000E+00
                    0.0000000000000000E+00  0.0000000000000000E+00  0.0000000000000000E+00  -9.9999976626458964E-01  3.3881317890172014E-21  6.8371833831828326E-04
                    0.0000000000000000E+00  0.0000000000000000E+00  0.0000000000000000E+00  2.0088535233419395E-05  9.9956827634289014E-01  2.9381295501636515E-02
                    0.0000000000000000E+00  0.0000000000000000E+00  0.0000000000000000E+00  -6.8342316093683130E-04  2.9381302369087280E-02  -9.9956804270838884E-01
             iElt=  4
          EltName=  FP
          Element=  FocalPlane
          Surface=  Flat
            KrElt=-1.0000000000000000E+22
            KcElt=0.0000000000000000E+00
           psiElt=  0.0000000000000000E+00  0.0000000000000000E+00  -1.0000000000000000E+00
           VptElt=  0.0000000000000000E+00  0.0000000000000000E+00  -1.3252269172415243E-01
           RptElt=  0.0000000000000000E+00  0.0000000000000000E+00  -1.3252269172415243E-01
           IndRef=1.0E+00
           Extinc=0.0E+00
             nObs=  0
           ApType=  None
         PropType=  Geometric
             zElt=1.0000000000000000E+20
          nECoord=  6
             TElt=  -1.0000000000000000E+00  0.0000000000000000E+00  0.0000000000000000E+00  0.0000000000000000E+00  0.0000000000000000E+00  0.0000000000000000E+00
                    0.0000000000000000E+00  1.0000000000000000E+00  0.0000000000000000E+00  0.0000000000000000E+00  0.0000000000000000E+00  0.0000000000000000E+00
                    0.0000000000000000E+00  0.0000000000000000E+00  -1.0000000000000000E+00  0.0000000000000000E+00  0.0000000000000000E+00  0.0000000000000000E+00
                    0.0000000000000000E+00  0.0000000000000000E+00  0.0000000000000000E+00  -1.0000000000000000E+00  0.0000000000000000E+00  0.0000000000000000E+00
                    0.0000000000000000E+00  0.0000000000000000E+00  0.0000000000000000E+00  0.0000000000000000E+00  1.0000000000000000E+00  0.0000000000000000E+00
                    0.0000000000000000E+00  0.0000000000000000E+00  0.0000000000000000E+00  0.0000000000000000E+00  0.0000000000000000E+00  -1.0000000000000000E+00
% Output Coordinate System Definition
         nOutCord=  5
             Tout=  1.0000000000000000E+00  0.0000000000000000E+00  0.0000000000000000E+00  0.0000000000000000E+00  0.0000000000000000E+00  0.0000000000000000E+00  0.0E+00
                    0.0000000000000000E+00  1.0000000000000000E+00  0.0000000000000000E+00  0.0000000000000000E+00  0.0000000000000000E+00  0.0000000000000000E+00  0.0E+00
                    0.0000000000000000E+00  0.0000000000000000E+00  0.0000000000000000E+00  1.0000000000000000E+00  0.0000000000000000E+00  0.0000000000000000E+00  0.0E+00
                    0.0000000000000000E+00  0.0000000000000000E+00  0.0000000000000000E+00  0.0000000000000000E+00  1.0000000000000000E+00  0.0000000000000000E+00  0.0E+00
                    0.0000000000000000E+00  0.0000000000000000E+00  0.0000000000000000E+00  0.0000000000000000E+00  0.0000000000000000E+00  0.0000000000000000E+00  1.0E+00

