% MACOS prescription emitted by tma_longslit (templates/10_telescopes/tma_longslit)
% Zig-zag long-slit TMA: three off-axis conic sections, element stop on M2, telecentric slit
% Source Definition
         ChfRayDir=  0.0000000000000000E+00  2.7606654047022539E-01  -9.6113852551690038E-01
         ChfRayPos=  5.2868748927885805E-20  -4.6183443447018990E-01  3.0426218275553651E-01
          zSource=1.0E+22
        BaseUnits=  m
        WaveUnits=  m
           IndRef=1.0E+00
           Extinc=0.0E+00
          Wavelen=6.3300000000000002E-07
             Flux=1.0E+00
         Aperture=1.8300000000000000E-01
         Obscratn=0.0E+00
            ApStop=  1.9412084383669752E-15  -2.0048516343469913E-01  -6.0566615068012730E-01
         GridType=  Circular
         nGridpts=  41
             xGrid=  1.0000000000000000E+00  0.0000000000000000E+00  0.0000000000000000E+00
             yGrid=  0.0000000000000000E+00  -9.6113852551690038E-01  -2.7606654047022539E-01
% Element Definitions
             nElt=  11
             iElt=  1
          EltName=  M1
          Element=  Reflector
          Surface=  Monomial
            KrElt=-1.5187500000000016E+00
            KcElt=-2.5777280103144118E-01
          MonCoef=  0.0000000000000000E+00 0.0000000000000000E+00 0.0000000000000000E+00 0.0000000000000000E+00 0.0000000000000000E+00 0.0000000000000000E+00
                    -1.6059288266918057E-04 0.0000000000000000E+00 -2.5659849493412062E-04 0.0000000000000000E+00 -1.4229585940958648E-04 0.0000000000000000E+00
                    9.9893455123468752E-05 0.0000000000000000E+00 -5.6428546626295005E-05 -8.6812946503297093E-05 0.0000000000000000E+00 -2.7160789818025385E-05
                    0.0000000000000000E+00 -1.4064108679290849E-05 0.0000000000000000E+00 -1.1345418766924336E-05 0.0000000000000000E+00 -1.3839999853401305E-05
                    0.0000000000000000E+00 -7.4604936938342807E-06 0.0000000000000000E+00 -1.5551385079895668E-06 0.0000000000000000E+00 0.0000000000000000E+00
                    0.0000000000000000E+00 0.0000000000000000E+00 0.0000000000000000E+00 0.0000000000000000E+00 0.0000000000000000E+00 0.0000000000000000E+00
                    0.0000000000000000E+00 0.0000000000000000E+00 0.0000000000000000E+00 0.0000000000000000E+00 0.0000000000000000E+00 0.0000000000000000E+00
                    0.0000000000000000E+00 0.0000000000000000E+00 0.0000000000000000E+00 0.0000000000000000E+00 0.0000000000000000E+00 0.0000000000000000E+00
                    0.0000000000000000E+00 0.0000000000000000E+00 0.0000000000000000E+00 0.0000000000000000E+00 0.0000000000000000E+00 0.0000000000000000E+00
                    0.0000000000000000E+00 0.0000000000000000E+00 0.0000000000000000E+00 0.0000000000000000E+00 0.0000000000000000E+00 0.0000000000000000E+00
                    0.0000000000000000E+00 0.0000000000000000E+00 0.0000000000000000E+00 0.0000000000000000E+00 0.0000000000000000E+00 0.0000000000000000E+00
                    0.0000000000000000E+00 0.0000000000000000E+00 0.0000000000000000E+00 0.0000000000000000E+00 0.0000000000000000E+00 0.0000000000000000E+00
                    0.0000000000000000E+00 0.0000000000000000E+00 0.0000000000000000E+00 0.0000000000000000E+00 0.0000000000000000E+00 0.0000000000000000E+00
                    0.0000000000000000E+00 0.0000000000000000E+00 0.0000000000000000E+00 0.0000000000000000E+00 0.0000000000000000E+00 0.0000000000000000E+00
                    0.0000000000000000E+00 0.0000000000000000E+00 0.0000000000000000E+00 0.0000000000000000E+00 0.0000000000000000E+00 0.0000000000000000E+00
                    0.0000000000000000E+00 0.0000000000000000E+00 0.0000000000000000E+00 0.0000000000000000E+00 0.0000000000000000E+00 0.0000000000000000E+00
                    0.0000000000000000E+00 0.0000000000000000E+00 0.0000000000000000E+00 0.0000000000000000E+00 0.0000000000000000E+00 0.0000000000000000E+00
                    0.0000000000000000E+00 0.0000000000000000E+00 0.0000000000000000E+00 0.0000000000000000E+00 0.0000000000000000E+00 0.0000000000000000E+00
                    0.0000000000000000E+00 0.0000000000000000E+00 0.0000000000000000E+00 0.0000000000000000E+00 0.0000000000000000E+00 0.0000000000000000E+00
                    0.0000000000000000E+00 0.0000000000000000E+00 0.0000000000000000E+00 0.0000000000000000E+00 0.0000000000000000E+00 0.0000000000000000E+00
             lMon=1.1993935917734105E-01
              pMon=  5.2868748927885805E-20  -2.9619451018805470E-01  -2.7242093255460365E-01
              xMon=  1.0000000000000000E+00  0.0000000000000000E+00  0.0000000000000000E+00
              yMon=  0.0000000000000000E+00  9.7040364988866623E-01  -2.4148862557635031E-01
              zMon=  0.0000000000000000E+00  2.4148862557635031E-01  9.7040364988866623E-01
            psiElt=  0.0000000000000000E+00  -9.1372697820307791E-01  4.0632869613635680E-01
            VptElt=  5.2868748927885805E-20  1.9003415714195278E+00  6.4091877947713294E-01
            RptElt=  5.2868748927885805E-20  -2.9619451018805470E-01  -2.7242093255460365E-01
           IndRef=1.0E+00
           Extinc=0.0E+00
             nObs=  0
           ApType=  None
         PropType=  Geometric
             zElt=2.5826086956521743E-01
          nECoord=  6
             TElt=  1.0000000000000000E+00  0.0000000000000000E+00  0.0000000000000000E+00  0.0000000000000000E+00  0.0000000000000000E+00  0.0000000000000000E+00
                     0.0000000000000000E+00  6.9433710941844085E-01  7.1964989994055029E-01  0.0000000000000000E+00  0.0000000000000000E+00  0.0000000000000000E+00
                     0.0000000000000000E+00  -7.1964989994055029E-01  6.9433710941844085E-01  0.0000000000000000E+00  0.0000000000000000E+00  0.0000000000000000E+00
                     0.0000000000000000E+00  0.0000000000000000E+00  0.0000000000000000E+00  1.0000000000000000E+00  0.0000000000000000E+00  0.0000000000000000E+00
                     0.0000000000000000E+00  0.0000000000000000E+00  0.0000000000000000E+00  0.0000000000000000E+00  6.9433710941844085E-01  7.1964989994055029E-01
                     0.0000000000000000E+00  0.0000000000000000E+00  0.0000000000000000E+00  0.0000000000000000E+00  -7.1964989994055029E-01  6.9433710941844085E-01
             iElt=  2
          EltName=  M2
          Element=  Reflector
          Surface=  Monomial
            KrElt=-5.7662865581393974E-01
            KcElt=-6.5967540039545458E-01
          MonCoef=  0.0000000000000000E+00 0.0000000000000000E+00 0.0000000000000000E+00 0.0000000000000000E+00 0.0000000000000000E+00 0.0000000000000000E+00
                    2.3837515892604974E-04 0.0000000000000000E+00 -6.9911584562126219E-04 0.0000000000000000E+00 6.6891374190925987E-05 0.0000000000000000E+00
                    3.3963603393459562E-04 0.0000000000000000E+00 1.1022675367912013E-04 -2.4233099746341263E-05 0.0000000000000000E+00 -2.1267384493457761E-05
                    0.0000000000000000E+00 -7.7756170827537641E-05 0.0000000000000000E+00 7.8533394929583097E-06 0.0000000000000000E+00 2.6297798791742230E-05
                    0.0000000000000000E+00 3.2246494729476742E-05 0.0000000000000000E+00 1.0990545051898772E-05 0.0000000000000000E+00 0.0000000000000000E+00
                    0.0000000000000000E+00 0.0000000000000000E+00 0.0000000000000000E+00 0.0000000000000000E+00 0.0000000000000000E+00 0.0000000000000000E+00
                    0.0000000000000000E+00 0.0000000000000000E+00 0.0000000000000000E+00 0.0000000000000000E+00 0.0000000000000000E+00 0.0000000000000000E+00
                    0.0000000000000000E+00 0.0000000000000000E+00 0.0000000000000000E+00 0.0000000000000000E+00 0.0000000000000000E+00 0.0000000000000000E+00
                    0.0000000000000000E+00 0.0000000000000000E+00 0.0000000000000000E+00 0.0000000000000000E+00 0.0000000000000000E+00 0.0000000000000000E+00
                    0.0000000000000000E+00 0.0000000000000000E+00 0.0000000000000000E+00 0.0000000000000000E+00 0.0000000000000000E+00 0.0000000000000000E+00
                    0.0000000000000000E+00 0.0000000000000000E+00 0.0000000000000000E+00 0.0000000000000000E+00 0.0000000000000000E+00 0.0000000000000000E+00
                    0.0000000000000000E+00 0.0000000000000000E+00 0.0000000000000000E+00 0.0000000000000000E+00 0.0000000000000000E+00 0.0000000000000000E+00
                    0.0000000000000000E+00 0.0000000000000000E+00 0.0000000000000000E+00 0.0000000000000000E+00 0.0000000000000000E+00 0.0000000000000000E+00
                    0.0000000000000000E+00 0.0000000000000000E+00 0.0000000000000000E+00 0.0000000000000000E+00 0.0000000000000000E+00 0.0000000000000000E+00
                    0.0000000000000000E+00 0.0000000000000000E+00 0.0000000000000000E+00 0.0000000000000000E+00 0.0000000000000000E+00 0.0000000000000000E+00
                    0.0000000000000000E+00 0.0000000000000000E+00 0.0000000000000000E+00 0.0000000000000000E+00 0.0000000000000000E+00 0.0000000000000000E+00
                    0.0000000000000000E+00 0.0000000000000000E+00 0.0000000000000000E+00 0.0000000000000000E+00 0.0000000000000000E+00 0.0000000000000000E+00
                    0.0000000000000000E+00 0.0000000000000000E+00 0.0000000000000000E+00 0.0000000000000000E+00 0.0000000000000000E+00 0.0000000000000000E+00
                    0.0000000000000000E+00 0.0000000000000000E+00 0.0000000000000000E+00 0.0000000000000000E+00 0.0000000000000000E+00 0.0000000000000000E+00
                    0.0000000000000000E+00 0.0000000000000000E+00 0.0000000000000000E+00 0.0000000000000000E+00 0.0000000000000000E+00 0.0000000000000000E+00
             lMon=8.5346655273544153E-02
              pMon=  5.2868748927885805E-20  -1.1687440453824857E-01  -8.6563523613435472E-02
              xMon=  1.0000000000000000E+00  0.0000000000000000E+00  0.0000000000000000E+00
              yMon=  0.0000000000000000E+00  9.9260046847448991E-01  -1.2142615033106835E-01
              zMon=  -0.0000000000000000E+00  1.2142615033106835E-01  9.9260046847448991E-01
            psiElt=  0.0000000000000000E+00  8.1702543824329643E-01  5.7660162440228102E-01
            VptElt=  5.2868748927885805E-20  -6.4564748290377438E-01  1.9506585060823639E-01
            RptElt=  5.2868748927885805E-20  -1.1687440453824857E-01  -8.6563523613435472E-02
           IndRef=1.0E+00
           Extinc=0.0E+00
             nObs=  0
           ApType=  None
         PropType=  Geometric
             zElt=2.4582608695652178E-01
          nECoord=  6
             TElt=  1.0000000000000000E+00  0.0000000000000000E+00  0.0000000000000000E+00  0.0000000000000000E+00  0.0000000000000000E+00  0.0000000000000000E+00
                     0.0000000000000000E+00  7.7686488668236786E-01  6.2966733108840223E-01  0.0000000000000000E+00  0.0000000000000000E+00  0.0000000000000000E+00
                     0.0000000000000000E+00  -6.2966733108840223E-01  7.7686488668236786E-01  0.0000000000000000E+00  0.0000000000000000E+00  0.0000000000000000E+00
                     0.0000000000000000E+00  0.0000000000000000E+00  0.0000000000000000E+00  1.0000000000000000E+00  0.0000000000000000E+00  0.0000000000000000E+00
                     0.0000000000000000E+00  0.0000000000000000E+00  0.0000000000000000E+00  0.0000000000000000E+00  7.7686488668236786E-01  6.2966733108840223E-01
                     0.0000000000000000E+00  0.0000000000000000E+00  0.0000000000000000E+00  0.0000000000000000E+00  -6.2966733108840223E-01  7.7686488668236786E-01
             iElt=  3
          EltName=  M3
          Element=  Reflector
          Surface=  Monomial
            KrElt=-4.5871772317379222E-01
            KcElt=-2.4103822474300263E-01
          MonCoef=  0.0000000000000000E+00 0.0000000000000000E+00 0.0000000000000000E+00 0.0000000000000000E+00 0.0000000000000000E+00 0.0000000000000000E+00
                    5.9107392572748632E-04 0.0000000000000000E+00 -5.9930874414850866E-04 0.0000000000000000E+00 3.0765999473338215E-04 0.0000000000000000E+00
                    2.3910295680145056E-04 0.0000000000000000E+00 1.0246989781304976E-04 1.9830116682113041E-06 0.0000000000000000E+00 7.5772687672799081E-05
                    0.0000000000000000E+00 -1.7408402840845585E-05 0.0000000000000000E+00 -4.7651217520669957E-06 0.0000000000000000E+00 3.3594780670460748E-05
                    0.0000000000000000E+00 2.2666639603689557E-05 0.0000000000000000E+00 1.0050824838980879E-05 0.0000000000000000E+00 0.0000000000000000E+00
                    0.0000000000000000E+00 0.0000000000000000E+00 0.0000000000000000E+00 0.0000000000000000E+00 0.0000000000000000E+00 0.0000000000000000E+00
                    0.0000000000000000E+00 0.0000000000000000E+00 0.0000000000000000E+00 0.0000000000000000E+00 0.0000000000000000E+00 0.0000000000000000E+00
                    0.0000000000000000E+00 0.0000000000000000E+00 0.0000000000000000E+00 0.0000000000000000E+00 0.0000000000000000E+00 0.0000000000000000E+00
                    0.0000000000000000E+00 0.0000000000000000E+00 0.0000000000000000E+00 0.0000000000000000E+00 0.0000000000000000E+00 0.0000000000000000E+00
                    0.0000000000000000E+00 0.0000000000000000E+00 0.0000000000000000E+00 0.0000000000000000E+00 0.0000000000000000E+00 0.0000000000000000E+00
                    0.0000000000000000E+00 0.0000000000000000E+00 0.0000000000000000E+00 0.0000000000000000E+00 0.0000000000000000E+00 0.0000000000000000E+00
                    0.0000000000000000E+00 0.0000000000000000E+00 0.0000000000000000E+00 0.0000000000000000E+00 0.0000000000000000E+00 0.0000000000000000E+00
                    0.0000000000000000E+00 0.0000000000000000E+00 0.0000000000000000E+00 0.0000000000000000E+00 0.0000000000000000E+00 0.0000000000000000E+00
                    0.0000000000000000E+00 0.0000000000000000E+00 0.0000000000000000E+00 0.0000000000000000E+00 0.0000000000000000E+00 0.0000000000000000E+00
                    0.0000000000000000E+00 0.0000000000000000E+00 0.0000000000000000E+00 0.0000000000000000E+00 0.0000000000000000E+00 0.0000000000000000E+00
                    0.0000000000000000E+00 0.0000000000000000E+00 0.0000000000000000E+00 0.0000000000000000E+00 0.0000000000000000E+00 0.0000000000000000E+00
                    0.0000000000000000E+00 0.0000000000000000E+00 0.0000000000000000E+00 0.0000000000000000E+00 0.0000000000000000E+00 0.0000000000000000E+00
                    0.0000000000000000E+00 0.0000000000000000E+00 0.0000000000000000E+00 0.0000000000000000E+00 0.0000000000000000E+00 0.0000000000000000E+00
                    0.0000000000000000E+00 0.0000000000000000E+00 0.0000000000000000E+00 0.0000000000000000E+00 0.0000000000000000E+00 0.0000000000000000E+00
                    0.0000000000000000E+00 0.0000000000000000E+00 0.0000000000000000E+00 0.0000000000000000E+00 0.0000000000000000E+00 0.0000000000000000E+00
             lMon=1.1008310017669293E-01
              pMon=  5.2868748927885805E-20  6.1336847481415213E-03  -2.9940025681160048E-01
              xMon=  1.0000000000000000E+00  0.0000000000000000E+00  0.0000000000000000E+00
              yMon=  0.0000000000000000E+00  9.6581016493210636E-01  2.5925031400910109E-01
              zMon=  0.0000000000000000E+00  -2.5925031400910109E-01  9.6581016493210636E-01
            psiElt=  0.0000000000000000E+00  -7.2944917466270243E-01  6.8403501488147656E-01
            VptElt=  5.2868748927885805E-20  2.3040763160651673E-01  -1.6650128838674427E-01
            RptElt=  5.2868748927885805E-20  6.1336847481415213E-03  -2.9940025681160048E-01
           IndRef=1.0E+00
           Extinc=0.0E+00
             nObs=  0
           ApType=  None
         PropType=  Geometric
             zElt=2.9939130434782613E-01
          nECoord=  6
             TElt=  1.0000000000000000E+00  0.0000000000000000E+00  0.0000000000000000E+00  0.0000000000000000E+00  0.0000000000000000E+00  0.0000000000000000E+00
                     0.0000000000000000E+00  9.5617411399606411E-01  2.9279867438880586E-01  0.0000000000000000E+00  0.0000000000000000E+00  0.0000000000000000E+00
                     0.0000000000000000E+00  -2.9279867438880586E-01  9.5617411399606411E-01  0.0000000000000000E+00  0.0000000000000000E+00  0.0000000000000000E+00
                     0.0000000000000000E+00  0.0000000000000000E+00  0.0000000000000000E+00  1.0000000000000000E+00  0.0000000000000000E+00  0.0000000000000000E+00
                     0.0000000000000000E+00  0.0000000000000000E+00  0.0000000000000000E+00  0.0000000000000000E+00  9.5617411399606411E-01  2.9279867438880586E-01
                     0.0000000000000000E+00  0.0000000000000000E+00  0.0000000000000000E+00  0.0000000000000000E+00  -2.9279867438880586E-01  9.5617411399606411E-01
             iElt=  4
          EltName=  Slit
          Element=  Reference
          Surface=  Flat
            KrElt=  -1.0000000000E+22
            KcElt=  0.0000000000E+00
           psiElt=  0  0  -1
           VptElt=  0  0.006  0
           RptElt=  0  0.006  0
           IndRef=  1.000000E+00
           Extinc=  0.000000E+00
            nCoat=  0
             nObs=  0
           ApType=  None
         PropType=  Geometric
             zElt=  1.000000000000000E+22
          nECoord=  -6
             iElt=  5
          EltName=  BlockFaceIn
          Element=  Refractor
          Surface=  Flat
            KrElt=  -1.0000000000E+22
            KcElt=  0.0000000000E+00
           psiElt=  0  0  -1
           VptElt=  0  0  0.000505865417148695
           RptElt=  0  0  0.000505865417148695
           IndRef=  1.000000E+00
         GlassElt=  CaF2
           Extinc=  0.000000E+00
            nCoat=  0
             xObs=  1  0  0
             nObs=  0
           ApType=  Circular
            ApVec=  3.214698935163E-02  0.000000000000E+00  -5.999886348488E-03
         PropType=  Geometric
             zElt=  1.000000000000000E+22
          nECoord=  -6
             iElt=  6
          EltName=  BlockSphereOut
          Element=  Refractor
          Surface=  Aspheric
            KrElt=  -2.4000000000E-01
            KcElt=  4.3222244101E-02
         AsphCoef=  -4.790114882418359E-01  -5.990816176234596E+00  0.000000000000000E+00  0.000000000000000E+00  
           psiElt=  0  0  -1
           VptElt=  0  8.02005461145238E-05  0.23945416452232
           RptElt=  0  8.02005461145238E-05  0.23945416452232
           IndRef=  1.000000E+00
           Extinc=  0.000000E+00
            nCoat=  0
             xObs=  1  0  0
             nObs=  0
           ApType=  Circular
            ApVec=  7.732802471989E-02  0.000000000000E+00  -5.604266620435E-03
         PropType=  Geometric
             zElt=  1.000000000000000E+22
          nECoord=  -6
             iElt=  7
          EltName=  Grating
          Element=  Grating
          Surface=  Conic
            KrElt=  -7.8722763365E-01
            KcElt=  0.0000000000E+00
           psiElt=  0  0  -1
           VptElt=  0  0  0.787227633649512
           RptElt=  0  0  0.787227633649512
           IndRef=  1.000000E+00
           Extinc=  1.000000E+22
            h1HOE=  0  1  0
         OrderHOE=  -1
        RuleWidth=  1.309659582240E-04
            nCoat=  0
             xObs=  1  0  0
             nObs=  0
           ApType=  Circular
            ApVec=  1.542168133170E-01  0.000000000000E+00  -2.781747762096E-06
         PropType=  Geometric
             zElt=  1.000000000000000E+22
          nECoord=  -6
             iElt=  8
          EltName=  BlockSphereIn
          Element=  Refractor
          Surface=  Aspheric
            KrElt=  -2.4000000000E-01
            KcElt=  4.3222244101E-02
         AsphCoef=  -4.790114882418359E-01  -5.990816176234596E+00  0.000000000000000E+00  0.000000000000000E+00  
           psiElt=  0  0  -1
           VptElt=  0  8.02005461145238E-05  0.23945416452232
           RptElt=  0  8.02005461145238E-05  0.23945416452232
           IndRef=  1.000000E+00
         GlassElt=  CaF2
           Extinc=  0.000000E+00
            nCoat=  0
             xObs=  1  0  0
             nObs=  0
           ApType=  Circular
            ApVec=  7.736790936587E-02  0.000000000000E+00  1.193121090645E-02
         PropType=  Geometric
             zElt=  1.000000000000000E+22
          nECoord=  -6
             iElt=  9
          EltName=  BlockFaceOut
          Element=  Refractor
          Surface=  Flat
            KrElt=  -1.0000000000E+22
            KcElt=  0.0000000000E+00
           psiElt=  0  0  1
           VptElt=  0  0  0.000505865417148695
           RptElt=  0  0  0.000505865417148695
           IndRef=  1.000000E+00
           Extinc=  0.000000E+00
            nCoat=  0
             xObs=  1  0  0
             nObs=  0
           ApType=  Circular
            ApVec=  3.250563990160E-02  0.000000000000E+00  -1.203483120635E-02
         PropType=  Geometric
             zElt=  1.000000000000000E+22
          nECoord=  -6
             iElt=  10
          EltName=  PreFPA
          Element=  Reference
          Surface=  Flat
            KrElt=  -1.0000000000E+22
            KcElt=  0.0000000000E+00
           psiElt=  0  0  1
           VptElt=  0  0  0.00107656588446398
           RptElt=  0  0  0.00107656588446398
           IndRef=  1.000000E+00
           Extinc=  0.000000E+00
            nCoat=  0
             nObs=  0
           ApType=  None
         PropType=  Geometric
             zElt=  1.000000000000000E+22
          nECoord=  -6
             iElt=  11
          EltName=  FPA
          Element=  FocalPlane
          Surface=  Flat
            KrElt=  -1.0000000000E+22
            KcElt=  0.0000000000E+00
           psiElt=  0  0  1
           VptElt=  0  0  7.65658844639804E-05
           RptElt=  0  0  7.65658844639804E-05
           IndRef=  1.000000E+00
           Extinc=  0.000000E+00
            nCoat=  0
             nObs=  0
           ApType=  None
         PropType=  Geometric
             zElt=  1.000000000000000E+22
          nECoord=  -6

         nOutCord=  5
             Tout=  1.0D+00  0.0D+00  0.0D+00  0.0D+00  0.0D+00  0.0D+00  0.0D+00
                    0.0D+00  1.0D+00  0.0D+00  0.0D+00  0.0D+00  0.0D+00  0.0D+00
                    0.0D+00  0.0D+00  0.0D+00  1.0D+00  0.0D+00  0.0D+00  0.0D+00
                    0.0D+00  0.0D+00  0.0D+00  0.0D+00  1.0D+00  0.0D+00  0.0D+00
                    0.0D+00  0.0D+00  0.0D+00  0.0D+00  0.0D+00  0.0D+00  1.0D+00
