% MACOS prescription emitted by macos.design.Telescope (family=tma)
% Source Definition
        ChfRayDir=  0.0000000000000000E+00  -6.9756473744125302E-02  9.9756405025982431E-01
        ChfRayPos=  0.0000000000000000E+00  2.0318833331724870E-01  -1.8860195325224804E-01
          zSource=1.0E+22
        BaseUnits=  m
        WaveUnits=  m
           IndRef=1.0E+00
           Extinc=0.0E+00
          Wavelen=6.3300000000000002E-07
             Flux=1.0E+00
         Aperture=1.8333333333333335E-01
         Obscratn=0.0E+00
         ApStop=  0.0000000000000000E+00  1.9000000000000000E-01  0.0000000000000000E+00
         GridType=  Circular
         nGridpts=  41
            xGrid=  1.0000000000000000E+00  0.0000000000000000E+00  0.0000000000000000E+00
            yGrid=  0.0000000000000000E+00  1.0000000000000000E+00  0.0000000000000000E+00
% Element Definitions
             nElt=  4
             iElt=  1
          EltName=  M1
          Element=  Reflector
          Surface=  FreeForm
            KrElt=-3.6666666666666670E-01
            KcElt=-1.0659923481388627E+00
      MonZernType=  ANSI
     nMonZernCoef=   4
     MonZernModes=  1 5 13 25
      MonZernCoef=  -1.5310375550902742E-03 -2.2640830252819771E-03 -7.1139659862274674E-04 2.1648871568956167E-05
             lMon=  3.1503414881640701E-01
       FFZernType=  ANSI
      nFFZernCoef=   13
      FFZernModes=  4 6 7 8 9 10 5 13 25 11 12 14 15
       FFZernCoef=  3.0592235348734164E-08 1.3602692039251233E-05 -2.5665688782643091E-06 6.2841444592499341E-06 -5.3967289881020061E-07 7.5922878964865664E-08
                   -2.9035505249600074E-06 4.7114006012585418E-06 -2.2052550741742149E-06 -1.3884719529010306E-09 5.5239240402243850E-08 -4.7664042608399165E-07
                   2.6194134818664905E-07
              lFF=  1.2117847950458525E-01
              pFF=  8.9851485148521111E-04  1.9045383621603335E-01  -4.8684952576276003E-02
              xFF=  -9.9999718084170131E-01  -1.0842021724855044E-19  2.3745122972798844E-03
              yFF=  -1.0675334390709609E-03  8.9324002803925240E-01  -4.4957881698406577E-01
              zFF=  -2.1210094310018337E-03  -4.4958008442149172E-01  -8.9323750985421457E-01
             pMon=  0.0000000000000000E+00  0.0000000000000000E+00  0.0000000000000000E+00
             xMon=  -1.0000000000000000E+00  0.0000000000000000E+00  0.0000000000000000E+00
             yMon=  0.0000000000000000E+00  1.0000000000000000E+00  0.0000000000000000E+00
             zMon=  0.0000000000000000E+00  0.0000000000000000E+00  -1.0000000000000000E+00
           psiElt=  0.0000000000000000E+00  0.0000000000000000E+00  -1.0000000000000000E+00
           VptElt=  0.0000000000000000E+00  0.0000000000000000E+00  0.0000000000000000E+00
           RptElt=  8.9851485148521111E-04  1.9045383621603335E-01  -4.8684952576276003E-02
           IndRef=1.0E+00
           Extinc=0.0E+00
             nObs=  0
           ApType=  None
         PropType=  Geometric
             zElt=1.4322916666666669E-01
          nECoord=  6
             TElt=  -9.9999718084170131E-01  -1.0842021724855044E-19  2.3745122972798844E-03  0.0000000000000000E+00  0.0000000000000000E+00  0.0000000000000000E+00
                    -1.0675334390709609E-03  8.9324002803925240E-01  -4.4957881698406577E-01  0.0000000000000000E+00  0.0000000000000000E+00  0.0000000000000000E+00
                    -2.1210094310018337E-03  -4.4958008442149172E-01  -8.9323750985421457E-01  0.0000000000000000E+00  0.0000000000000000E+00  0.0000000000000000E+00
                    0.0000000000000000E+00  0.0000000000000000E+00  0.0000000000000000E+00  -9.9999718084170131E-01  -1.0842021724855044E-19  2.3745122972798844E-03
                    0.0000000000000000E+00  0.0000000000000000E+00  0.0000000000000000E+00  -1.0675334390709609E-03  8.9324002803925240E-01  -4.4957881698406577E-01
                    0.0000000000000000E+00  0.0000000000000000E+00  0.0000000000000000E+00  -2.1210094310018337E-03  -4.4958008442149172E-01  -8.9323750985421457E-01
             iElt=  2
          EltName=  M2
          Element=  Reflector
          Surface=  FreeForm
            KrElt=-1.2031250000000002E-01
            KcElt=-9.0353644678895133E+00
      MonZernType=  ANSI
     nMonZernCoef=   4
     MonZernModes=  1 5 13 25
      MonZernCoef=  3.7072127694119341E-04 5.6534672658099404E-04 2.0080199041926978E-04 6.1765407794692239E-06
             lMon=  8.1510750906809759E-02
       FFZernType=  ANSI
      nFFZernCoef=   13
      FFZernModes=  4 6 7 8 9 10 5 13 25 11 12 14 15
       FFZernCoef=  -1.7406863182230611E-06 1.4230627052369167E-04 -2.6476729057139107E-05 1.9627394658053945E-05 -2.5415789869921322E-08 -9.2952272220526361E-07
                   2.2246504265967254E-07 -2.2031152966437342E-06 -2.0826520404938906E-06 6.0964208164574535E-10 -2.6204564752672155E-08 3.5963731229480241E-07
                   1.5641505149323821E-07
              lFF=  5.2440314835290117E-02
              pFF=  2.4005785262337160E-04  2.6849474602658768E-02  -1.4600179382397271E-01
              xFF=  -9.9999852384695931E-01  -5.4210108624275222E-20  1.7182269646245703E-03
              yFF=  -3.2426929898686871E-04  9.8203032134811929E-01  -1.8872292601147089E-01
              zFF=  -1.6873509782192706E-03  -1.8872320459580322E-01  -9.8202887172107456E-01
             pMon=  0.0000000000000000E+00  0.0000000000000000E+00  -1.4322916666666669E-01
             xMon=  -1.0000000000000000E+00  0.0000000000000000E+00  0.0000000000000000E+00
             yMon=  0.0000000000000000E+00  1.0000000000000000E+00  0.0000000000000000E+00
             zMon=  0.0000000000000000E+00  0.0000000000000000E+00  -1.0000000000000000E+00
           psiElt=  0.0000000000000000E+00  0.0000000000000000E+00  -1.0000000000000000E+00
           VptElt=  0.0000000000000000E+00  0.0000000000000000E+00  -1.4322916666666669E-01
           RptElt=  2.4005785262337160E-04  2.6849474602658768E-02  -1.4600179382397271E-01
           IndRef=1.0E+00
           Extinc=0.0E+00
             nObs=  0
           ApType=  None
         PropType=  Geometric
             zElt=5.0578697183737170E-02
          nECoord=  6
             TElt=  -9.9999852384695931E-01  -5.4210108624275222E-20  1.7182269646245703E-03  0.0000000000000000E+00  0.0000000000000000E+00  0.0000000000000000E+00
                    -3.2426929898686871E-04  9.8203032134811929E-01  -1.8872292601147089E-01  0.0000000000000000E+00  0.0000000000000000E+00  0.0000000000000000E+00
                    -1.6873509782192706E-03  -1.8872320459580322E-01  -9.8202887172107456E-01  0.0000000000000000E+00  0.0000000000000000E+00  0.0000000000000000E+00
                    0.0000000000000000E+00  0.0000000000000000E+00  0.0000000000000000E+00  -9.9999852384695931E-01  -5.4210108624275222E-20  1.7182269646245703E-03
                    0.0000000000000000E+00  0.0000000000000000E+00  0.0000000000000000E+00  -3.2426929898686871E-04  9.8203032134811929E-01  -1.8872292601147089E-01
                    0.0000000000000000E+00  0.0000000000000000E+00  0.0000000000000000E+00  -1.6873509782192706E-03  -1.8872320459580322E-01  -9.8202887172107456E-01
             iElt=  3
          EltName=  M3
          Element=  Reflector
          Surface=  FreeForm
            KrElt=-1.8588450704055137E-01
            KcElt=-5.3255383230759847E+01
      MonZernType=  ANSI
     nMonZernCoef=   4
     MonZernModes=  1 5 13 25
      MonZernCoef=  3.1207156539384944E-04 4.4540158680679467E-04 1.1819284722362553E-04 -1.5137174189319680E-05
             lMon=  3.5819768271400820E-02
       FFZernType=  ANSI
      nFFZernCoef=   13
      FFZernModes=  4 6 7 8 9 10 5 13 25 11 12 14 15
       FFZernCoef=  -6.6896188319631013E-07 4.4588774283635479E-05 -2.6393635113502445E-05 2.2534593788286124E-05 -9.7117916658789374E-08 -1.6602936344801463E-07
                   7.5540867767009828E-07 -5.6908552312841875E-07 6.5520391314729949E-06 -3.7462969228222064E-09 1.4587875334756829E-09 -4.2927864006378918E-07
                   -5.6411823602437221E-07
              lFF=  3.7272437009907414E-02
              pFF=  1.3015659044753261E-04  -3.8474348185634070E-03  -9.2690240426076334E-02
              xFF=  -9.9999975710443301E-01  0.0000000000000000E+00  6.9698714125752915E-04
              yFF=  1.4356959776396885E-05  9.9978782631692953E-01  2.0598595640160113E-02
              zFF=  -6.9683925892871580E-04  2.0598600643468894E-02  -9.9978758347289864E-01
             pMon=  0.0000000000000000E+00  0.0000000000000000E+00  -9.2650469482929515E-02
             xMon=  -1.0000000000000000E+00  0.0000000000000000E+00  0.0000000000000000E+00
             yMon=  0.0000000000000000E+00  1.0000000000000000E+00  0.0000000000000000E+00
             zMon=  0.0000000000000000E+00  0.0000000000000000E+00  -1.0000000000000000E+00
           psiElt=  0.0000000000000000E+00  0.0000000000000000E+00  -1.0000000000000000E+00
           VptElt=  0.0000000000000000E+00  0.0000000000000000E+00  -9.2650469482929515E-02
           RptElt=  1.3015659044753261E-04  -3.8474348185634070E-03  -9.2690240426076334E-02
           IndRef=1.0E+00
           Extinc=0.0E+00
             nObs=  0
           ApType=  None
         PropType=  Geometric
             zElt=3.9841246009024812E-02
          nECoord=  6
             TElt=  -9.9999975710443301E-01  0.0000000000000000E+00  6.9698714125752915E-04  0.0000000000000000E+00  0.0000000000000000E+00  0.0000000000000000E+00
                    1.4356959776396885E-05  9.9978782631692953E-01  2.0598595640160113E-02  0.0000000000000000E+00  0.0000000000000000E+00  0.0000000000000000E+00
                    -6.9683925892871580E-04  2.0598600643468894E-02  -9.9978758347289864E-01  0.0000000000000000E+00  0.0000000000000000E+00  0.0000000000000000E+00
                    0.0000000000000000E+00  0.0000000000000000E+00  0.0000000000000000E+00  -9.9999975710443301E-01  0.0000000000000000E+00  6.9698714125752915E-04
                    0.0000000000000000E+00  0.0000000000000000E+00  0.0000000000000000E+00  1.4356959776396885E-05  9.9978782631692953E-01  2.0598595640160113E-02
                    0.0000000000000000E+00  0.0000000000000000E+00  0.0000000000000000E+00  -6.9683925892871580E-04  2.0598600643468894E-02  -9.9978758347289864E-01
             iElt=  4
          EltName=  FP
          Element=  FocalPlane
          Surface=  Flat
            KrElt=-1.0000000000000000E+22
            KcElt=-5.3255383230759847E+01
      MonZernType=  ANSI
     nMonZernCoef=   4
     MonZernModes=  1 5 13 25
      MonZernCoef=  3.1207156539384944E-04 4.4540158680679467E-04 1.1819284722362553E-04 -1.5137174189319680E-05
             lMon=  3.5819768271400820E-02
       FFZernType=  ANSI
      nFFZernCoef=   13
      FFZernModes=  4 6 7 8 9 10 5 13 25 11 12 14 15
       FFZernCoef=  -6.6896188319631013E-07 4.4588774283635479E-05 -2.6393635113502445E-05 2.2534593788286124E-05 -9.7117916658789374E-08 -1.6602936344801463E-07
                   7.5540867767009828E-07 -5.6908552312841875E-07 6.5520391314729949E-06 -3.7462969228222064E-09 1.4587875334756829E-09 -4.2927864006378918E-07
                   -5.6411823602437221E-07
              lFF=  3.7272437009907414E-02
              pFF=  1.3015659044753261E-04  -3.8474348185634070E-03  -9.2690240426076334E-02
              xFF=  -9.9999975710443301E-01  0.0000000000000000E+00  6.9698714125752915E-04
              yFF=  1.4356959776396885E-05  9.9978782631692953E-01  2.0598595640160113E-02
              zFF=  -6.9683925892871580E-04  2.0598600643468894E-02  -9.9978758347289864E-01
             pMon=  0.0000000000000000E+00  0.0000000000000000E+00  -9.2650469482929515E-02
             xMon=  -1.0000000000000000E+00  0.0000000000000000E+00  0.0000000000000000E+00
             yMon=  0.0000000000000000E+00  1.0000000000000000E+00  0.0000000000000000E+00
             zMon=  0.0000000000000000E+00  0.0000000000000000E+00  -1.0000000000000000E+00
           psiElt=  0.0000000000000000E+00  0.0000000000000000E+00  -1.0000000000000000E+00
           VptElt=  0.0000000000000000E+00  0.0000000000000000E+00  -1.3249171549195432E-01
           RptElt=  0.0000000000000000E+00  0.0000000000000000E+00  -1.3249171549195432E-01
           IndRef=1.0E+00
           Extinc=0.0E+00
             nObs=  0
           ApType=  None
         PropType=  Geometric
             zElt=1.0000000000000000E+20
          nECoord=  6
             TElt=  -1.0000000000000000E+00  0.0000000000000000E+00  0.0000000000000000E+00  0.0000000000000000E+00  0.0000000000000000E+00  0.0000000000000000E+00
                    0.0000000000000000E+00  1.0000000000000000E+00  0.0000000000000000E+00  0.0000000000000000E+00  0.0000000000000000E+00  0.0000000000000000E+00
                    0.0000000000000000E+00  0.0000000000000000E+00  -1.0000000000000000E+00  0.0000000000000000E+00  0.0000000000000000E+00  0.0000000000000000E+00
                    0.0000000000000000E+00  0.0000000000000000E+00  0.0000000000000000E+00  -1.0000000000000000E+00  0.0000000000000000E+00  0.0000000000000000E+00
                    0.0000000000000000E+00  0.0000000000000000E+00  0.0000000000000000E+00  0.0000000000000000E+00  1.0000000000000000E+00  0.0000000000000000E+00
                    0.0000000000000000E+00  0.0000000000000000E+00  0.0000000000000000E+00  0.0000000000000000E+00  0.0000000000000000E+00  -1.0000000000000000E+00
% Output Coordinate System Definition
         nOutCord=  5
             Tout=  1.0000000000000000E+00  0.0000000000000000E+00  0.0000000000000000E+00  0.0000000000000000E+00  0.0000000000000000E+00  0.0000000000000000E+00  0.0E+00
                    0.0000000000000000E+00  1.0000000000000000E+00  0.0000000000000000E+00  0.0000000000000000E+00  0.0000000000000000E+00  0.0000000000000000E+00  0.0E+00
                    0.0000000000000000E+00  0.0000000000000000E+00  0.0000000000000000E+00  1.0000000000000000E+00  0.0000000000000000E+00  0.0000000000000000E+00  0.0E+00
                    0.0000000000000000E+00  0.0000000000000000E+00  0.0000000000000000E+00  0.0000000000000000E+00  1.0000000000000000E+00  0.0000000000000000E+00  0.0E+00
                    0.0000000000000000E+00  0.0000000000000000E+00  0.0000000000000000E+00  0.0000000000000000E+00  0.0000000000000000E+00  0.0000000000000000E+00  1.0E+00

