dyson5 R4 global search (2026-10-01 08:01): 12 starts from R3, lsqnonlin 40 iterations each, 5x5 chain grid; merit = sum of squares
start     merit0      merit | men_z mm men_t mm   c_a /m   c_b /m |     Rg_f  face mm       Kc       A4       A6    dz mm    dy mm
    1      1.915      1.401 |    245.4      2.3    0.319    0.322 |   0.9927    0.832   -0.039    0.488    0.357     0.77    -0.05
    2  1.831e+07      1.433 |    313.2      2.0    0.782    0.779 |   0.9884    0.695   -0.019    0.259    -9.14     0.66    -0.01
    3   5.05e+05   5.05e+05 |    429.7     16.9   -7.381    1.090 |   0.9850    0.712   -0.007  -0.0293   0.0196    -0.86     0.11
    4   5.05e+05   5.05e+05 |    374.9     32.0    0.514    5.489 |   0.9850    0.712   -0.007  -0.0293   0.0196    -0.86     0.11
    5  5.636e+06      614.1 |    440.9     11.9    3.873    3.858 |   0.9359    4.774   -0.022    -2.26    -17.3    13.18     2.23
    6   1.01e+08   1.01e+08 |    349.0      2.6    5.528   -5.998 |   0.9850    0.712   -0.007  -0.0293   0.0196    -0.86     0.11
    7  2.174e+08      1.611 |    436.6     31.0   -1.654   -1.575 |   1.0051    0.675    0.007   -0.192    -15.9     0.30    -0.02
    8   5.05e+05   5.05e+05 |    516.3      6.3   -2.784   -7.053 |   0.9850    0.712   -0.007  -0.0293   0.0196    -0.86     0.11
    9   5.05e+05   5.05e+05 |    268.1      8.9   -6.101    3.244 |   0.9850    0.712   -0.007  -0.0293   0.0196    -0.86     0.11
   10   5.05e+05   5.05e+05 |    593.5     27.1    7.398   -2.030 |   0.9850    0.712   -0.007  -0.0293   0.0196    -0.86     0.11
   11   5.05e+05   5.05e+05 |    541.1     14.8    3.564    7.377 |   0.9850    0.712   -0.007  -0.0293   0.0196    -0.86     0.11
   12  8.333e+06      1.437 |    246.8     28.7   -3.838   -3.420 |   1.0814    0.987   -0.031    0.237    -3.38     1.44    -0.00
BEST start 1: merit 1.401; engine keystone 0.0019 smile 0.0041 CRF 1.482 SRF 2.026 EE 0.663; clearance min +1.25 mm (BlockSphereIn -> BlockFaceOut vs FPApackage); deck /home/dcr/dev/MACOS_resources/mmacos/challenges/dyson5/dyson5_s3_r4global.in
R4 of record (bounded solve): merit 1.915; engine keystone 0.0026 smile 0.0051 CRF 1.327 SRF 2.032 EE 0.759
