% MACOS prescription emitted by tma_longslit (templates/10_telescopes/tma_longslit)
% Zig-zag long-slit TMA: three off-axis conic sections, element stop on M2, telecentric slit
% Source Definition
         ChfRayDir=  0.0000000000000000E+00  2.7606632222864191E-01  -9.6113858820211340E-01
         ChfRayPos=  8.8817253540706951E-20  -4.6183436280036294E-01  3.0425618200092752E-01
          zSource=1.0E+22
        BaseUnits=  m
        WaveUnits=  m
           IndRef=1.0E+00
           Extinc=0.0E+00
          Wavelen=6.3300000000000002E-07
             Flux=1.0E+00
         Aperture=1.8300000000000000E-01
         Obscratn=0.0E+00
            ApStop=  1.9395096633956110E-15  -2.0048331296935240E-01  -6.0567885128650012E-01
         GridType=  Circular
         nGridpts=  41
             xGrid=  1.0000000000000000E+00  0.0000000000000000E+00  0.0000000000000000E+00
             yGrid=  0.0000000000000000E+00  -9.6113858820211340E-01  -2.7606632222864191E-01
% Element Definitions
             nElt=  11
             iElt=  1
          EltName=  M1
          Element=  Reflector
          Surface=  Monomial
            KrElt=-1.5187500000000014E+00
            KcElt=-1.6560448217624075E+00
          MonCoef=  0.0000000000000000E+00 0.0000000000000000E+00 0.0000000000000000E+00 0.0000000000000000E+00 0.0000000000000000E+00 0.0000000000000000E+00
                    2.5830004753962815E-04 0.0000000000000000E+00 -4.0022938584325263E-04 0.0000000000000000E+00 -2.5626235860905526E-04 0.0000000000000000E+00
                    2.7787801752728378E-04 0.0000000000000000E+00 -1.7887943211968674E-06 -2.0092698676257012E-06 0.0000000000000000E+00 -1.3717433812188479E-04
                    0.0000000000000000E+00 -3.3768005187417387E-06 0.0000000000000000E+00 -1.5108511683124992E-06 0.0000000000000000E+00 3.4680885086488319E-05
                    0.0000000000000000E+00 -6.4978851643456793E-05 0.0000000000000000E+00 -3.5615872299427694E-05 0.0000000000000000E+00 0.0000000000000000E+00
                    0.0000000000000000E+00 0.0000000000000000E+00 0.0000000000000000E+00 0.0000000000000000E+00 0.0000000000000000E+00 0.0000000000000000E+00
                    0.0000000000000000E+00 0.0000000000000000E+00 0.0000000000000000E+00 0.0000000000000000E+00 0.0000000000000000E+00 0.0000000000000000E+00
                    0.0000000000000000E+00 0.0000000000000000E+00 0.0000000000000000E+00 0.0000000000000000E+00 0.0000000000000000E+00 0.0000000000000000E+00
                    0.0000000000000000E+00 0.0000000000000000E+00 0.0000000000000000E+00 0.0000000000000000E+00 0.0000000000000000E+00 0.0000000000000000E+00
                    0.0000000000000000E+00 0.0000000000000000E+00 0.0000000000000000E+00 0.0000000000000000E+00 0.0000000000000000E+00 0.0000000000000000E+00
                    0.0000000000000000E+00 0.0000000000000000E+00 0.0000000000000000E+00 0.0000000000000000E+00 0.0000000000000000E+00 0.0000000000000000E+00
                    0.0000000000000000E+00 0.0000000000000000E+00 0.0000000000000000E+00 0.0000000000000000E+00 0.0000000000000000E+00 0.0000000000000000E+00
                    0.0000000000000000E+00 0.0000000000000000E+00 0.0000000000000000E+00 0.0000000000000000E+00 0.0000000000000000E+00 0.0000000000000000E+00
                    0.0000000000000000E+00 0.0000000000000000E+00 0.0000000000000000E+00 0.0000000000000000E+00 0.0000000000000000E+00 0.0000000000000000E+00
                    0.0000000000000000E+00 0.0000000000000000E+00 0.0000000000000000E+00 0.0000000000000000E+00 0.0000000000000000E+00 0.0000000000000000E+00
                    0.0000000000000000E+00 0.0000000000000000E+00 0.0000000000000000E+00 0.0000000000000000E+00 0.0000000000000000E+00 0.0000000000000000E+00
                    0.0000000000000000E+00 0.0000000000000000E+00 0.0000000000000000E+00 0.0000000000000000E+00 0.0000000000000000E+00 0.0000000000000000E+00
                    0.0000000000000000E+00 0.0000000000000000E+00 0.0000000000000000E+00 0.0000000000000000E+00 0.0000000000000000E+00 0.0000000000000000E+00
                    0.0000000000000000E+00 0.0000000000000000E+00 0.0000000000000000E+00 0.0000000000000000E+00 0.0000000000000000E+00 0.0000000000000000E+00
                    0.0000000000000000E+00 0.0000000000000000E+00 0.0000000000000000E+00 0.0000000000000000E+00 0.0000000000000000E+00 0.0000000000000000E+00
             lMon=1.1993935917734105E-01
              pMon=  8.8817253540706951E-20  -2.9619456946317779E-01  -2.7242697092034052E-01
              xMon=  1.0000000000000000E+00  0.0000000000000000E+00  0.0000000000000000E+00
              yMon=  0.0000000000000000E+00  9.7040359505486151E-01  -2.4148884592171227E-01
              zMon=  0.0000000000000000E+00  2.4148884592171227E-01  9.7040359505486151E-01
            psiElt=  0.0000000000000000E+00  -1.5452339419483208E-01  9.8798912982203835E-01
            VptElt=  8.8817253540706951E-20  3.9988847045898179E-01  -3.1346996826976303E-01
            RptElt=  8.8817253540706951E-20  -2.9619456946317779E-01  -2.7242697092034052E-01
           IndRef=1.0E+00
           Extinc=0.0E+00
             nObs=  0
           ApType=  None
         PropType=  Geometric
             zElt=2.5826086956521743E-01
          nECoord=  6
             TElt=  1.0000000000000000E+00  0.0000000000000000E+00  0.0000000000000000E+00  0.0000000000000000E+00  0.0000000000000000E+00  0.0000000000000000E+00
                     0.0000000000000000E+00  6.9433727282621960E-01  7.1964974228040135E-01  0.0000000000000000E+00  0.0000000000000000E+00  0.0000000000000000E+00
                     0.0000000000000000E+00  -7.1964974228040135E-01  6.9433727282621960E-01  0.0000000000000000E+00  0.0000000000000000E+00  0.0000000000000000E+00
                     0.0000000000000000E+00  0.0000000000000000E+00  0.0000000000000000E+00  1.0000000000000000E+00  0.0000000000000000E+00  0.0000000000000000E+00
                     0.0000000000000000E+00  0.0000000000000000E+00  0.0000000000000000E+00  0.0000000000000000E+00  6.9433727282621960E-01  7.1964974228040135E-01
                     0.0000000000000000E+00  0.0000000000000000E+00  0.0000000000000000E+00  0.0000000000000000E+00  -7.1964974228040135E-01  6.9433727282621960E-01
             iElt=  2
          EltName=  M2
          Element=  Reflector
          Surface=  Monomial
            KrElt=-5.7662865581393985E-01
            KcElt=-5.7574397131395461E-01
          MonCoef=  0.0000000000000000E+00 0.0000000000000000E+00 0.0000000000000000E+00 0.0000000000000000E+00 0.0000000000000000E+00 0.0000000000000000E+00
                    2.8201954906463620E-04 0.0000000000000000E+00 -7.1632413022786219E-04 0.0000000000000000E+00 4.2229460175665719E-05 0.0000000000000000E+00
                    4.7267419318467721E-04 0.0000000000000000E+00 9.1488219716345028E-05 -4.1396068625899581E-05 0.0000000000000000E+00 -1.2089512238621295E-04
                    0.0000000000000000E+00 -7.9898799117895662E-05 0.0000000000000000E+00 2.2297505000845700E-05 0.0000000000000000E+00 6.5350651744024285E-05
                    0.0000000000000000E+00 5.9252894527130782E-05 0.0000000000000000E+00 1.9174086573746469E-05 0.0000000000000000E+00 0.0000000000000000E+00
                    0.0000000000000000E+00 0.0000000000000000E+00 0.0000000000000000E+00 0.0000000000000000E+00 0.0000000000000000E+00 0.0000000000000000E+00
                    0.0000000000000000E+00 0.0000000000000000E+00 0.0000000000000000E+00 0.0000000000000000E+00 0.0000000000000000E+00 0.0000000000000000E+00
                    0.0000000000000000E+00 0.0000000000000000E+00 0.0000000000000000E+00 0.0000000000000000E+00 0.0000000000000000E+00 0.0000000000000000E+00
                    0.0000000000000000E+00 0.0000000000000000E+00 0.0000000000000000E+00 0.0000000000000000E+00 0.0000000000000000E+00 0.0000000000000000E+00
                    0.0000000000000000E+00 0.0000000000000000E+00 0.0000000000000000E+00 0.0000000000000000E+00 0.0000000000000000E+00 0.0000000000000000E+00
                    0.0000000000000000E+00 0.0000000000000000E+00 0.0000000000000000E+00 0.0000000000000000E+00 0.0000000000000000E+00 0.0000000000000000E+00
                    0.0000000000000000E+00 0.0000000000000000E+00 0.0000000000000000E+00 0.0000000000000000E+00 0.0000000000000000E+00 0.0000000000000000E+00
                    0.0000000000000000E+00 0.0000000000000000E+00 0.0000000000000000E+00 0.0000000000000000E+00 0.0000000000000000E+00 0.0000000000000000E+00
                    0.0000000000000000E+00 0.0000000000000000E+00 0.0000000000000000E+00 0.0000000000000000E+00 0.0000000000000000E+00 0.0000000000000000E+00
                    0.0000000000000000E+00 0.0000000000000000E+00 0.0000000000000000E+00 0.0000000000000000E+00 0.0000000000000000E+00 0.0000000000000000E+00
                    0.0000000000000000E+00 0.0000000000000000E+00 0.0000000000000000E+00 0.0000000000000000E+00 0.0000000000000000E+00 0.0000000000000000E+00
                    0.0000000000000000E+00 0.0000000000000000E+00 0.0000000000000000E+00 0.0000000000000000E+00 0.0000000000000000E+00 0.0000000000000000E+00
                    0.0000000000000000E+00 0.0000000000000000E+00 0.0000000000000000E+00 0.0000000000000000E+00 0.0000000000000000E+00 0.0000000000000000E+00
                    0.0000000000000000E+00 0.0000000000000000E+00 0.0000000000000000E+00 0.0000000000000000E+00 0.0000000000000000E+00 0.0000000000000000E+00
                    0.0000000000000000E+00 0.0000000000000000E+00 0.0000000000000000E+00 0.0000000000000000E+00 0.0000000000000000E+00 0.0000000000000000E+00
             lMon=8.5346655273544153E-02
              pMon=  8.8817253540706951E-20  -1.1687442161153666E-01  -8.6569602696619508E-02
              xMon=  1.0000000000000000E+00  0.0000000000000000E+00  0.0000000000000000E+00
              yMon=  0.0000000000000000E+00  9.9260044090275246E-01  -1.2142637571656917E-01
              zMon=  -0.0000000000000000E+00  1.2142637571656917E-01  9.9260044090275246E-01
            psiElt=  0.0000000000000000E+00  8.6122222758735378E-01  5.0822856542059514E-01
            VptElt=  8.8817253540706951E-20  -6.8579515505233690E-01  2.4263348895057069E-01
            RptElt=  8.8817253540706951E-20  -1.1687442161153666E-01  -8.6569602696619508E-02
           IndRef=1.0E+00
           Extinc=0.0E+00
             nObs=  0
           ApType=  None
         PropType=  Geometric
             zElt=2.4582608695652178E-01
          nECoord=  6
             TElt=  1.0000000000000000E+00  0.0000000000000000E+00  0.0000000000000000E+00  0.0000000000000000E+00  0.0000000000000000E+00  0.0000000000000000E+00
                     0.0000000000000000E+00  7.7686502965819093E-01  6.2966715468902956E-01  0.0000000000000000E+00  0.0000000000000000E+00  0.0000000000000000E+00
                     0.0000000000000000E+00  -6.2966715468902956E-01  7.7686502965819093E-01  0.0000000000000000E+00  0.0000000000000000E+00  0.0000000000000000E+00
                     0.0000000000000000E+00  0.0000000000000000E+00  0.0000000000000000E+00  1.0000000000000000E+00  0.0000000000000000E+00  0.0000000000000000E+00
                     0.0000000000000000E+00  0.0000000000000000E+00  0.0000000000000000E+00  0.0000000000000000E+00  7.7686502965819093E-01  6.2966715468902956E-01
                     0.0000000000000000E+00  0.0000000000000000E+00  0.0000000000000000E+00  0.0000000000000000E+00  -6.2966715468902956E-01  7.7686502965819093E-01
             iElt=  3
          EltName=  M3
          Element=  Reflector
          Surface=  Monomial
            KrElt=-4.5871772317379217E-01
            KcElt=-1.5676140051272536E-01
          MonCoef=  0.0000000000000000E+00 0.0000000000000000E+00 0.0000000000000000E+00 0.0000000000000000E+00 0.0000000000000000E+00 0.0000000000000000E+00
                    9.4468700212599401E-05 0.0000000000000000E+00 -5.1427782075409885E-04 0.0000000000000000E+00 3.8452702325611910E-04 0.0000000000000000E+00
                    2.5377409099152672E-04 0.0000000000000000E+00 2.8886058517061606E-05 3.8616025679410920E-05 0.0000000000000000E+00 4.2777264544060439E-05
                    0.0000000000000000E+00 -6.8005656835907554E-06 0.0000000000000000E+00 -6.9726225180816342E-06 0.0000000000000000E+00 5.8675746575911894E-05
                    0.0000000000000000E+00 8.2450843559911320E-05 0.0000000000000000E+00 4.7917627782353651E-05 0.0000000000000000E+00 0.0000000000000000E+00
                    0.0000000000000000E+00 0.0000000000000000E+00 0.0000000000000000E+00 0.0000000000000000E+00 0.0000000000000000E+00 0.0000000000000000E+00
                    0.0000000000000000E+00 0.0000000000000000E+00 0.0000000000000000E+00 0.0000000000000000E+00 0.0000000000000000E+00 0.0000000000000000E+00
                    0.0000000000000000E+00 0.0000000000000000E+00 0.0000000000000000E+00 0.0000000000000000E+00 0.0000000000000000E+00 0.0000000000000000E+00
                    0.0000000000000000E+00 0.0000000000000000E+00 0.0000000000000000E+00 0.0000000000000000E+00 0.0000000000000000E+00 0.0000000000000000E+00
                    0.0000000000000000E+00 0.0000000000000000E+00 0.0000000000000000E+00 0.0000000000000000E+00 0.0000000000000000E+00 0.0000000000000000E+00
                    0.0000000000000000E+00 0.0000000000000000E+00 0.0000000000000000E+00 0.0000000000000000E+00 0.0000000000000000E+00 0.0000000000000000E+00
                    0.0000000000000000E+00 0.0000000000000000E+00 0.0000000000000000E+00 0.0000000000000000E+00 0.0000000000000000E+00 0.0000000000000000E+00
                    0.0000000000000000E+00 0.0000000000000000E+00 0.0000000000000000E+00 0.0000000000000000E+00 0.0000000000000000E+00 0.0000000000000000E+00
                    0.0000000000000000E+00 0.0000000000000000E+00 0.0000000000000000E+00 0.0000000000000000E+00 0.0000000000000000E+00 0.0000000000000000E+00
                    0.0000000000000000E+00 0.0000000000000000E+00 0.0000000000000000E+00 0.0000000000000000E+00 0.0000000000000000E+00 0.0000000000000000E+00
                    0.0000000000000000E+00 0.0000000000000000E+00 0.0000000000000000E+00 0.0000000000000000E+00 0.0000000000000000E+00 0.0000000000000000E+00
                    0.0000000000000000E+00 0.0000000000000000E+00 0.0000000000000000E+00 0.0000000000000000E+00 0.0000000000000000E+00 0.0000000000000000E+00
                    0.0000000000000000E+00 0.0000000000000000E+00 0.0000000000000000E+00 0.0000000000000000E+00 0.0000000000000000E+00 0.0000000000000000E+00
                    0.0000000000000000E+00 0.0000000000000000E+00 0.0000000000000000E+00 0.0000000000000000E+00 0.0000000000000000E+00 0.0000000000000000E+00
                    0.0000000000000000E+00 0.0000000000000000E+00 0.0000000000000000E+00 0.0000000000000000E+00 0.0000000000000000E+00 0.0000000000000000E+00
             lMon=1.1008310017669293E-01
              pMon=  8.8817253540706951E-20  6.1336193469319622E-03  -2.9940636382569491E-01
              xMon=  1.0000000000000000E+00  0.0000000000000000E+00  0.0000000000000000E+00
              yMon=  0.0000000000000000E+00  9.6581022379893133E-01  2.5925009470674903E-01
              zMon=  0.0000000000000000E+00  -2.5925009470674903E-01  9.6581022379893133E-01
            psiElt=  0.0000000000000000E+00  -8.2753660263304063E-01  5.6141176626658318E-01
            VptElt=  8.8817253540706951E-20  2.7790343978659549E-01  -1.0864048517844638E-01
            RptElt=  8.8817253540706951E-20  6.1336193469319622E-03  -2.9940636382569491E-01
           IndRef=1.0E+00
           Extinc=0.0E+00
             nObs=  0
           ApType=  None
         PropType=  Geometric
             zElt=2.9939130434782613E-01
          nECoord=  6
             TElt=  1.0000000000000000E+00  0.0000000000000000E+00  0.0000000000000000E+00  0.0000000000000000E+00  0.0000000000000000E+00  0.0000000000000000E+00
                     0.0000000000000000E+00  9.5617418048057068E-01  2.9279845727446946E-01  0.0000000000000000E+00  0.0000000000000000E+00  0.0000000000000000E+00
                     0.0000000000000000E+00  -2.9279845727446946E-01  9.5617418048057068E-01  0.0000000000000000E+00  0.0000000000000000E+00  0.0000000000000000E+00
                     0.0000000000000000E+00  0.0000000000000000E+00  0.0000000000000000E+00  1.0000000000000000E+00  0.0000000000000000E+00  0.0000000000000000E+00
                     0.0000000000000000E+00  0.0000000000000000E+00  0.0000000000000000E+00  0.0000000000000000E+00  9.5617418048057068E-01  2.9279845727446946E-01
                     0.0000000000000000E+00  0.0000000000000000E+00  0.0000000000000000E+00  0.0000000000000000E+00  -2.9279845727446946E-01  9.5617418048057068E-01
             iElt=  4
          EltName=  Slit
          Element=  Reference
          Surface=  Flat
            KrElt=  -1.0000000000E+22
            KcElt=  0.0000000000E+00
           psiElt=  0  0  -1
           VptElt=  0  0.006  0
           RptElt=  0  0.006  0
           IndRef=  1.000000E+00
           Extinc=  0.000000E+00
            nCoat=  0
             nObs=  0
           ApType=  None
         PropType=  Geometric
             zElt=  1.000000000000000E+22
          nECoord=  -6
             iElt=  5
          EltName=  BlockFaceIn
          Element=  Refractor
          Surface=  Flat
            KrElt=  -1.0000000000E+22
            KcElt=  0.0000000000E+00
           psiElt=  0  0  -1
           VptElt=  0  0  0.000505865417148695
           RptElt=  0  0  0.000505865417148695
           IndRef=  1.000000E+00
         GlassElt=  CaF2
           Extinc=  0.000000E+00
            nCoat=  0
             xObs=  1  0  0
             nObs=  0
           ApType=  Circular
            ApVec=  3.214698935163E-02  0.000000000000E+00  -5.999886348488E-03
         PropType=  Geometric
             zElt=  1.000000000000000E+22
          nECoord=  -6
             iElt=  6
          EltName=  BlockSphereOut
          Element=  Refractor
          Surface=  Aspheric
            KrElt=  -2.4000000000E-01
            KcElt=  4.3222244101E-02
         AsphCoef=  -4.790114882418359E-01  -5.990816176234596E+00  0.000000000000000E+00  0.000000000000000E+00  
           psiElt=  0  0  -1
           VptElt=  0  8.02005461145238E-05  0.23945416452232
           RptElt=  0  8.02005461145238E-05  0.23945416452232
           IndRef=  1.000000E+00
           Extinc=  0.000000E+00
            nCoat=  0
             xObs=  1  0  0
             nObs=  0
           ApType=  Circular
            ApVec=  7.732802471989E-02  0.000000000000E+00  -5.604266620435E-03
         PropType=  Geometric
             zElt=  1.000000000000000E+22
          nECoord=  -6
             iElt=  7
          EltName=  Grating
          Element=  Grating
          Surface=  Conic
            KrElt=  -7.8722763365E-01
            KcElt=  0.0000000000E+00
           psiElt=  0  0  -1
           VptElt=  0  0  0.787227633649512
           RptElt=  0  0  0.787227633649512
           IndRef=  1.000000E+00
           Extinc=  1.000000E+22
            h1HOE=  0  1  0
         OrderHOE=  -1
        RuleWidth=  1.309659582240E-04
            nCoat=  0
             xObs=  1  0  0
             nObs=  0
           ApType=  Circular
            ApVec=  1.542168133170E-01  0.000000000000E+00  -2.781747762096E-06
         PropType=  Geometric
             zElt=  1.000000000000000E+22
          nECoord=  -6
             iElt=  8
          EltName=  BlockSphereIn
          Element=  Refractor
          Surface=  Aspheric
            KrElt=  -2.4000000000E-01
            KcElt=  4.3222244101E-02
         AsphCoef=  -4.790114882418359E-01  -5.990816176234596E+00  0.000000000000000E+00  0.000000000000000E+00  
           psiElt=  0  0  -1
           VptElt=  0  8.02005461145238E-05  0.23945416452232
           RptElt=  0  8.02005461145238E-05  0.23945416452232
           IndRef=  1.000000E+00
         GlassElt=  CaF2
           Extinc=  0.000000E+00
            nCoat=  0
             xObs=  1  0  0
             nObs=  0
           ApType=  Circular
            ApVec=  7.736790936587E-02  0.000000000000E+00  1.193121090645E-02
         PropType=  Geometric
             zElt=  1.000000000000000E+22
          nECoord=  -6
             iElt=  9
          EltName=  BlockFaceOut
          Element=  Refractor
          Surface=  Flat
            KrElt=  -1.0000000000E+22
            KcElt=  0.0000000000E+00
           psiElt=  0  0  1
           VptElt=  0  0  0.000505865417148695
           RptElt=  0  0  0.000505865417148695
           IndRef=  1.000000E+00
           Extinc=  0.000000E+00
            nCoat=  0
             xObs=  1  0  0
             nObs=  0
           ApType=  Circular
            ApVec=  3.250563990160E-02  0.000000000000E+00  -1.203483120635E-02
         PropType=  Geometric
             zElt=  1.000000000000000E+22
          nECoord=  -6
             iElt=  10
          EltName=  PreFPA
          Element=  Reference
          Surface=  Flat
            KrElt=  -1.0000000000E+22
            KcElt=  0.0000000000E+00
           psiElt=  0  0  1
           VptElt=  0  0  0.00107656588446398
           RptElt=  0  0  0.00107656588446398
           IndRef=  1.000000E+00
           Extinc=  0.000000E+00
            nCoat=  0
             nObs=  0
           ApType=  None
         PropType=  Geometric
             zElt=  1.000000000000000E+22
          nECoord=  -6
             iElt=  11
          EltName=  FPA
          Element=  FocalPlane
          Surface=  Flat
            KrElt=  -1.0000000000E+22
            KcElt=  0.0000000000E+00
           psiElt=  0  0  1
           VptElt=  0  0  7.65658844639804E-05
           RptElt=  0  0  7.65658844639804E-05
           IndRef=  1.000000E+00
           Extinc=  0.000000E+00
            nCoat=  0
             nObs=  0
           ApType=  None
         PropType=  Geometric
             zElt=  1.000000000000000E+22
          nECoord=  -6

         nOutCord=  5
             Tout=  1.0D+00  0.0D+00  0.0D+00  0.0D+00  0.0D+00  0.0D+00  0.0D+00
                    0.0D+00  1.0D+00  0.0D+00  0.0D+00  0.0D+00  0.0D+00  0.0D+00
                    0.0D+00  0.0D+00  0.0D+00  1.0D+00  0.0D+00  0.0D+00  0.0D+00
                    0.0D+00  0.0D+00  0.0D+00  0.0D+00  1.0D+00  0.0D+00  0.0D+00
                    0.0D+00  0.0D+00  0.0D+00  0.0D+00  0.0D+00  0.0D+00  1.0D+00
