dyson5 t3s -- the FIRST-ORDER clearance screen of the telecentric three-mirror family (addendum 21) (2026-10-02 05:54)
CONVENTIONS: tma_screen (design/src): OI_CLEAR's nine leg x obstacle pairs (the offset_imager gate's), evaluated
  PARAXIALLY -- chief through M2's vertex (the stop) + the axial marginal, meridional rays, the box centre and the
  two along-track extremes (+-0.15 deg) at zero cross-track angle; glass = one disk per field, footprint centre +
  1.15 x the marginal height, in the element's plane (FP normal to the axis); a leg crossing a disk is negative by
  its in-plane depth.  Layout = telescope_seed's family at f 126 mm, D 70 mm, Petzval 0, exit pupil 16.84 m behind
  the slit: knobs t1 (M1 -> stop), y2 (compression at M2; t2 = f y2 and the back focus follow), offset.  Mirror
  diameters = footprint extent incl. the cross-track +-12.28 deg (max of x, y); length = z extent of M1..FP; height =
  y extent.  PASS = all nine >= +5 mm.  First order only: sag, aberrated footprints, conics ignored.

VALIDATION -- screen vs the engine oi_clear on the template's seed (spheres, R2/R3 from EFL + Petzval 0, its BFD), mm:
  t1 140 mm off  0 deg: floor engine  -41.7 (M1->M2 x M3)  screen  -44.9 (in->M1 x M3);  max |diff| 3.5 mm; stop y 0.0 mm
  t1 140 mm off  8 deg: floor engine  -33.8 (M1->M2 x M3)  screen  -38.5 (M1->M2 x M3);  max |diff| 6.3 mm; stop y 0.2 mm
  t1 140 mm off 10 deg: floor engine  -24.5 (M1->M2 x M3)  screen  -29.4 (M1->M2 x M3);  max |diff| 7.0 mm; stop y 0.5 mm
  t1 300 mm off  0 deg: floor engine  -43.8 (M1->M2 x M3)  screen  -46.8 (in->M1 x M3);  max |diff| 3.4 mm; stop y 0.0 mm
  t1 300 mm off 15 deg: floor engine   -7.1 (M3->FP x M2)  screen  -10.1 (M3->FP x M2);  max |diff| 14.4 mm; stop y 3.8 mm

SCAN: t1 [140 200 250 300 350 400 450 500 550 600] mm x y2 [0.3 0.4 0.5 0.6 0.7 0.8 0.9] x offset [8 10 12 14 16 18 20 22 24 26 28 30] deg -> 840 rows (0 (t1, y2) seeds do not close)
rows passing all nine >= 5 mm: 353 of 840; at offset <= 15 deg: 19

BEST ROW PER OFFSET (max floor over t1 x y2), mm:
    t1   y2  off | iM1xM2 iM1xM3 iM1xFP  12xM3  12xFP  23xM1  23xFP  3FxM1  3FxM2 |   floor worst pair   |    t2   BFD |    D1    D2    D3 |   len   hgt
   140  0.3    8 |  +36.2  +41.6  +68.3   -1.1  +22.1 +105.1  +22.1 +105.1   -0.5  |    -1.1 M1->M2 x M3  |    38    59 |   273    21    88 |   161   136
   140  0.3   10 |  +57.4  +65.9  +94.4   +7.4  +23.9 +112.1  +23.9 +112.1   +3.8  |    +3.8 M3->FP x M2  |    38    59 |   273    21    88 |   161   158
   140  0.3   12 |  +78.5  +90.1 +120.5  +15.1  +26.4 +122.5  +26.4 +122.5   +8.2  |    +8.2 M3->FP x M2  |    38    59 |   273    21    88 |   161   179
   140  0.3   14 |  +99.5 +114.1 +146.4  +22.1  +29.4 +135.8  +29.4 +135.8  +12.7  |   +12.7 M3->FP x M2  |    38    59 |   273    21    88 |   161   201
   140  0.3   16 | +120.4 +138.1 +172.2  +28.4  +32.9 +151.4  +32.5 +151.4  +17.3  |   +17.3 M3->FP x M2  |    38    59 |   273    21    88 |   161   223
   140  0.3   18 | +141.2 +161.8 +197.7  +33.8  +36.7 +168.0  +35.2 +168.7  +21.9  |   +21.9 M3->FP x M2  |    38    59 |   273    21    88 |   161   246
   140  0.3   20 | +161.7 +185.4 +223.0  +38.6  +40.8 +182.6  +37.6 +187.7  +26.6  |   +26.6 M3->FP x M2  |    38    59 |   273    21    88 |   161   269
   140  0.3   22 | +182.1 +208.8 +248.0  +42.7  +45.2 +195.4  +39.6 +208.0  +31.5  |   +31.5 M3->FP x M2  |    38    59 |   273    21    88 |   161   293
   140  0.3   24 | +202.2 +231.9 +272.7  +46.3  +49.9 +209.3  +41.4 +229.5  +36.5  |   +36.5 M3->FP x M2  |    38    59 |   273    21    88 |   161   317
   140  0.3   26 | +222.2 +254.9 +297.1  +49.6  +54.7 +224.4  +43.0 +252.3  +41.7  |   +41.7 M3->FP x M2  |    38    59 |   273    21    88 |   161   343
   200  0.3   28 | +363.2 +398.1 +444.9  +52.2  +61.8 +361.8  +48.5 +395.7  +45.7  |   +45.7 M3->FP x M2  |    38    64 |   360    21    91 |   226   477
   250  0.3   30 | +498.4 +538.2 +585.9  +55.8  +68.0 +495.2  +51.8 +535.9  +50.6  |   +50.6 M3->FP x M2  |    38    66 |   433    21    92 |   278   611

BEST ROW PER t1 AT OFFSET <= 15 deg:
    t1   y2  off | iM1xM2 iM1xM3 iM1xFP  12xM3  12xFP  23xM1  23xFP  3FxM1  3FxM2 |   floor worst pair   |    t2   BFD |    D1    D2    D3 |   len   hgt
   140  0.3   14 |  +99.5 +114.1 +146.4  +22.1  +29.4 +135.8  +29.4 +135.8  +12.7  |   +12.7 M3->FP x M2  |    38    59 |   273    21    88 |   161   201
   200  0.3   14 | +161.8 +174.8 +209.9  +21.9  +33.2 +212.5  +33.2 +212.5  +11.4  |   +11.4 M3->FP x M2  |    38    64 |   360    21    91 |   226   253
   250  0.3   14 | +213.6 +226.0 +262.3  +21.8  +35.0 +276.8  +35.0 +276.8  +10.8  |   +10.8 M3->FP x M2  |    38    66 |   433    21    92 |   278   295
   300  0.3   14 | +265.5 +277.4 +314.5  +21.8  +36.3 +341.3  +36.3 +341.3  +10.3  |   +10.3 M3->FP x M2  |    38    68 |   505    21    93 |   330   338
   350  0.3   14 | +317.4 +328.9 +366.7  +21.7  +37.2 +405.8  +37.2 +405.8  +10.1  |   +10.1 M3->FP x M2  |    38    69 |   578    21    93 |   381   380
   400  0.3   14 | +369.2 +380.5 +418.7  +21.7  +37.9 +470.4  +37.9 +470.4   +9.8  |    +9.8 M3->FP x M2  |    38    70 |   650    21    94 |   432   422
   450  0.3   14 | +421.1 +432.2 +470.8  +21.7  +38.5 +535.0  +38.5 +535.0   +9.7  |    +9.7 M3->FP x M2  |    38    70 |   723    21    94 |   483   465
   500  0.3   14 | +473.0 +483.9 +522.7  +21.6  +38.9 +599.6  +38.9 +599.6   +9.5  |    +9.5 M3->FP x M2  |    38    71 |   795    21    95 |   533   507
   550  0.3   14 | +524.8 +535.6 +574.7  +21.6  +39.3 +664.2  +39.3 +664.2   +9.4  |    +9.4 M3->FP x M2  |    38    71 |   868    21    95 |   583   549
   600  0.3   14 | +576.7 +587.3 +626.7  +21.6  +39.6 +728.9  +39.6 +728.9   +9.3  |    +9.3 M3->FP x M2  |    38    72 |   941    21    95 |   634   591

binding (worst) pair over all rows: M1->M2 x M3 183, M2->M3 x FP 3, M3->FP x M2 654

PASSING ROWS (all nine >= 5 mm):
    t1   y2  off | iM1xM2 iM1xM3 iM1xFP  12xM3  12xFP  23xM1  23xFP  3FxM1  3FxM2 |   floor worst pair   |    t2   BFD |    D1    D2    D3 |   len   hgt
   140  0.3   12 |  +78.5  +90.1 +120.5  +15.1  +26.4 +122.5  +26.4 +122.5   +8.2  |    +8.2 M3->FP x M2  |    38    59 |   273    21    88 |   161   179
   140  0.3   14 |  +99.5 +114.1 +146.4  +22.1  +29.4 +135.8  +29.4 +135.8  +12.7  |   +12.7 M3->FP x M2  |    38    59 |   273    21    88 |   161   201
   140  0.3   16 | +120.4 +138.1 +172.2  +28.4  +32.9 +151.4  +32.5 +151.4  +17.3  |   +17.3 M3->FP x M2  |    38    59 |   273    21    88 |   161   223
   140  0.3   18 | +141.2 +161.8 +197.7  +33.8  +36.7 +168.0  +35.2 +168.7  +21.9  |   +21.9 M3->FP x M2  |    38    59 |   273    21    88 |   161   246
   140  0.3   20 | +161.7 +185.4 +223.0  +38.6  +40.8 +182.6  +37.6 +187.7  +26.6  |   +26.6 M3->FP x M2  |    38    59 |   273    21    88 |   161   269
   140  0.3   22 | +182.1 +208.8 +248.0  +42.7  +45.2 +195.4  +39.6 +208.0  +31.5  |   +31.5 M3->FP x M2  |    38    59 |   273    21    88 |   161   293
   140  0.3   24 | +202.2 +231.9 +272.7  +46.3  +49.9 +209.3  +41.4 +229.5  +36.5  |   +36.5 M3->FP x M2  |    38    59 |   273    21    88 |   161   317
   140  0.3   26 | +222.2 +254.9 +297.1  +49.6  +54.7 +224.4  +43.0 +252.3  +41.7  |   +41.7 M3->FP x M2  |    38    59 |   273    21    88 |   161   343
   140  0.3   28 | +241.8 +278.9 +321.1  +53.3  +59.9 +240.7  +44.4 +276.3  +47.0  |   +44.4 M2->M3 x FP  |    38    59 |   273    21    88 |   161   369
   140  0.3   30 | +261.1 +304.2 +345.0  +57.5  +65.3 +258.3  +45.6 +301.5  +52.6  |   +45.6 M2->M3 x FP  |    38    59 |   273    21    88 |   161   396
   140  0.4   14 |  +67.7  +75.3 +121.6  +12.5  +37.9 +104.3  +37.9 +104.3   +5.4  |    +5.4 M3->FP x M2  |    51    85 |   222    28   102 |   174   179
   140  0.4   16 |  +84.7  +94.9 +143.8  +20.3  +40.3 +114.5  +40.3 +114.5  +10.0  |   +10.0 M3->FP x M2  |    51    85 |   222    28   102 |   174   197
   140  0.4   18 | +101.6 +114.5 +165.9  +27.6  +43.1 +126.6  +43.1 +126.6  +14.6  |   +14.6 M3->FP x M2  |    51    85 |   222    28   102 |   174   215
   140  0.4   20 | +118.3 +133.9 +187.8  +34.2  +46.3 +140.4  +46.3 +140.4  +19.3  |   +19.3 M3->FP x M2  |    51    85 |   222    28   102 |   174   233
   140  0.4   22 | +134.9 +153.1 +209.4  +40.3  +49.8 +155.2  +49.4 +155.6  +24.2  |   +24.2 M3->FP x M2  |    51    85 |   222    28   102 |   174   253
   140  0.4   24 | +151.4 +172.1 +230.8  +45.8  +53.7 +168.7  +52.2 +172.0  +29.2  |   +29.2 M3->FP x M2  |    51    85 |   222    28   102 |   174   272
   140  0.4   26 | +167.7 +191.0 +251.9  +50.8  +58.0 +180.7  +54.8 +189.6  +34.4  |   +34.4 M3->FP x M2  |    51    85 |   222    28   102 |   174   292
   140  0.4   28 | +183.7 +209.8 +272.7  +55.3  +62.5 +191.5  +57.2 +208.2  +39.7  |   +39.7 M3->FP x M2  |    51    85 |   222    28   102 |   174   314
   140  0.4   30 | +199.6 +229.6 +293.1  +59.4  +67.4 +202.7  +59.3 +228.0  +45.3  |   +45.3 M3->FP x M2  |    51    85 |   222    28   102 |   174   335
   140  0.5   18 |  +76.3  +80.8 +148.9  +18.2  +53.8  +97.1  +53.8  +97.1   +6.8  |    +6.8 M3->FP x M2  |    63   112 |   192    35   117 |   189   199
   140  0.5   20 |  +90.8  +97.6 +169.0  +26.1  +56.0 +107.6  +56.0 +107.6  +11.6  |   +11.6 M3->FP x M2  |    63   112 |   192    35   117 |   189   215
   140  0.5   22 | +105.1 +114.2 +188.8  +33.6  +58.7 +119.5  +58.7 +119.5  +16.4  |   +16.4 M3->FP x M2  |    63   112 |   192    35   117 |   189   232
   140  0.5   24 | +119.4 +130.7 +208.4  +40.6  +61.8 +132.8  +61.8 +132.8  +21.5  |   +21.5 M3->FP x M2  |    63   112 |   192    35   117 |   189   249
   140  0.5   26 | +133.5 +147.1 +227.7  +47.2  +65.2 +146.5  +65.2 +147.2  +26.6  |   +26.6 M3->FP x M2  |    63   112 |   192    35   117 |   189   266
   140  0.5   28 | +147.5 +163.3 +246.8  +53.3  +69.0 +159.2  +68.5 +162.7  +32.0  |   +32.0 M3->FP x M2  |    63   112 |   192    35   117 |   189   284
   140  0.5   30 | +161.2 +179.8 +265.6  +59.0  +73.2 +170.8  +71.5 +179.3  +37.5  |   +37.5 M3->FP x M2  |    63   112 |   192    35   117 |   189   302
   140  0.6   22 |  +84.0  +83.7 +177.3  +24.7  +70.8  +91.2  +70.8  +91.2   +8.4  |    +8.4 M3->FP x M2  |    76   141 |   172    42   133 |   204   221
   140  0.6   24 |  +96.9  +98.4 +195.9  +32.7  +73.1 +102.3  +73.1 +102.3  +13.4  |   +13.4 M3->FP x M2  |    76   141 |   172    42   133 |   204   236
   140  0.6   26 | +109.5 +113.0 +214.3  +40.5  +75.8 +114.7  +75.8 +114.7  +18.6  |   +18.6 M3->FP x M2  |    76   141 |   172    42   133 |   204   251
   140  0.6   28 | +122.1 +127.5 +232.4  +47.9  +78.8 +127.9  +78.8 +128.1  +23.9  |   +23.9 M3->FP x M2  |    76   141 |   172    42   133 |   204   267
   140  0.6   30 | +134.5 +142.0 +250.2  +54.9  +82.3 +140.7  +82.3 +142.6  +29.5  |   +29.5 M3->FP x M2  |    76   141 |   172    42   133 |   204   283
   140  0.7   24 |  +79.7  +71.3 +189.0  +23.7  +86.4  +76.7  +86.4  +76.7   +5.2  |    +5.2 M3->FP x M2  |    89   170 |   157    49   150 |   221   229
   140  0.7   26 |  +91.4  +84.6 +206.8  +32.3  +88.5  +87.5  +88.5  +87.5  +10.4  |   +10.4 M3->FP x M2  |    89   170 |   157    49   150 |   221   243
   140  0.7   28 | +103.0  +97.8 +224.4  +40.6  +90.9  +99.5  +90.9  +99.5  +15.8  |   +15.8 M3->FP x M2  |    89   170 |   157    49   150 |   221   257
   140  0.7   30 | +114.4 +111.0 +241.7  +48.7  +93.7 +112.5  +93.7 +112.6  +21.3  |   +21.3 M3->FP x M2  |    89   170 |   157    49   150 |   221   272
   140  0.8   28 |  +87.7  +72.0 +220.2  +32.6 +104.0  +74.8 +104.0  +74.8   +7.7  |    +7.7 M3->FP x M2  |   102   199 |   146    56   166 |   237   252
   140  0.8   30 |  +98.5  +84.2 +237.2  +41.4 +106.2  +86.9 +106.2  +86.9  +13.2  |   +13.2 M3->FP x M2  |   102   199 |   146    56   166 |   237   266
   140  0.9   30 |  +85.3  +60.6 +235.0  +34.0 +118.8  +64.5 +118.8  +64.5   +5.4  |    +5.4 M3->FP x M2  |   115   227 |   138    63   181 |   252   262
   200  0.3   12 | +131.9 +141.9 +174.9  +15.2  +30.5 +195.0  +30.5 +195.0   +6.9  |    +6.9 M3->FP x M2  |    38    64 |   360    21    91 |   226   224
   200  0.3   14 | +161.8 +174.8 +209.9  +21.9  +33.2 +212.5  +33.2 +212.5  +11.4  |   +11.4 M3->FP x M2  |    38    64 |   360    21    91 |   226   253
   200  0.3   16 | +191.4 +207.6 +244.6  +28.0  +36.3 +232.8  +36.2 +232.8  +15.9  |   +15.9 M3->FP x M2  |    38    64 |   360    21    91 |   226   282
   200  0.3   18 | +220.8 +240.0 +278.9  +33.2  +39.8 +255.2  +39.0 +255.4  +20.6  |   +20.6 M3->FP x M2  |    38    64 |   360    21    91 |   226   313
   200  0.3   20 | +250.0 +272.2 +313.0  +37.9  +43.6 +275.8  +41.4 +280.0  +25.3  |   +25.3 M3->FP x M2  |    38    64 |   360    21    91 |   226   344
   200  0.3   22 | +278.9 +304.1 +346.7  +41.9  +47.7 +294.8  +43.6 +306.4  +30.2  |   +30.2 M3->FP x M2  |    38    64 |   360    21    91 |   226   376
   200  0.3   24 | +307.4 +335.5 +379.9  +45.4  +52.2 +315.5  +45.4 +334.5  +35.2  |   +35.2 M3->FP x M2  |    38    64 |   360    21    91 |   226   408
   200  0.3   26 | +335.5 +366.6 +412.7  +48.6  +56.9 +337.8  +47.1 +364.3  +40.3  |   +40.3 M3->FP x M2  |    38    64 |   360    21    91 |   226   442
   200  0.3   28 | +363.2 +398.1 +444.9  +52.2  +61.8 +361.8  +48.5 +395.7  +45.7  |   +45.7 M3->FP x M2  |    38    64 |   360    21    91 |   226   477
   200  0.3   30 | +390.5 +431.3 +476.9  +56.3  +67.1 +387.4  +49.8 +428.9  +51.2  |   +49.8 M2->M3 x FP  |    38    64 |   360    21    91 |   226   513
   200  0.4   16 | +142.0 +150.8 +202.5  +20.6  +44.5 +187.2  +44.5 +187.2   +8.7  |    +8.7 M3->FP x M2  |    51    89 |   288    28   105 |   239   241
   200  0.4   18 | +165.9 +177.3 +231.8  +27.6  +47.0 +202.5  +47.0 +202.5  +13.3  |   +13.3 M3->FP x M2  |    51    89 |   288    28   105 |   239   265
   200  0.4   20 | +189.6 +203.7 +260.7  +34.1  +50.0 +219.7  +50.0 +219.7  +18.0  |   +18.0 M3->FP x M2  |    51    89 |   288    28   105 |   239   290
   200  0.4   22 | +213.1 +229.8 +289.4  +40.0  +53.3 +238.7  +53.1 +238.7  +22.9  |   +22.9 M3->FP x M2  |    51    89 |   288    28   105 |   239   315
   200  0.4   24 | +236.3 +255.6 +317.7  +45.3  +57.0 +257.6  +56.0 +259.3  +27.9  |   +27.9 M3->FP x M2  |    51    89 |   288    28   105 |   239   341
   200  0.4   26 | +259.2 +281.1 +345.6  +50.2  +61.0 +274.3  +58.7 +281.4  +33.1  |   +33.1 M3->FP x M2  |    51    89 |   288    28   105 |   239   368
   200  0.4   28 | +281.8 +306.3 +373.0  +54.6  +65.3 +289.9  +61.1 +305.1  +38.4  |   +38.4 M3->FP x M2  |    51    89 |   288    28   105 |   239   395
   200  0.4   30 | +304.1 +331.6 +400.1  +58.6  +70.0 +306.8  +63.3 +330.2  +44.0  |   +44.0 M3->FP x M2  |    51    89 |   288    28   105 |   239   424
   200  0.5   18 | +131.4 +134.7 +205.4  +18.8  +57.6 +167.6  +57.6 +167.6   +5.7  |    +5.7 M3->FP x M2  |    63   116 |   244    35   120 |   253   240
   200  0.5   20 | +151.9 +157.4 +231.5  +26.5  +59.8 +180.3  +59.8 +180.3  +10.4  |   +10.4 M3->FP x M2  |    63   116 |   244    35   120 |   253   261
   200  0.5   22 | +172.1 +180.0 +257.4  +33.8  +62.3 +194.7  +62.3 +194.7  +15.3  |   +15.3 M3->FP x M2  |    63   116 |   244    35   120 |   253   282
   200  0.5   24 | +192.2 +202.3 +282.9  +40.7  +65.2 +210.7  +65.2 +210.7  +20.3  |   +20.3 M3->FP x M2  |    63   116 |   244    35   120 |   253   304
   200  0.5   26 | +212.0 +224.4 +308.1  +47.1  +68.4 +228.1  +68.4 +228.1  +25.5  |   +25.5 M3->FP x M2  |    63   116 |   244    35   120 |   253   326
   200  0.5   28 | +231.6 +246.2 +332.9  +53.1  +72.1 +245.7  +71.8 +247.0  +30.9  |   +30.9 M3->FP x M2  |    63   116 |   244    35   120 |   253   349
   200  0.5   30 | +250.8 +267.6 +357.3  +58.6  +76.1 +261.7  +74.9 +267.3  +36.4  |   +36.4 M3->FP x M2  |    63   116 |   244    35   120 |   253   373
   200  0.6   22 | +143.6 +142.3 +238.1  +25.4  +73.8 +161.9  +73.8 +161.9   +7.5  |    +7.5 M3->FP x M2  |    76   144 |   215    42   135 |   268   262
   200  0.6   24 | +161.6 +162.2 +261.9  +33.3  +76.0 +174.7  +76.0 +174.7  +12.5  |   +12.5 M3->FP x M2  |    76   144 |   215    42   135 |   268   281
   200  0.6   26 | +179.3 +181.9 +285.5  +40.9  +78.6 +189.0  +78.6 +189.0  +17.7  |   +17.7 M3->FP x M2  |    76   144 |   215    42   135 |   268   301
   200  0.6   28 | +196.9 +201.3 +308.7  +48.2  +81.5 +204.7  +81.5 +204.7  +23.1  |   +23.1 M3->FP x M2  |    76   144 |   215    42   135 |   268   321
   200  0.6   30 | +214.2 +220.5 +331.5  +55.0  +84.9 +221.7  +84.9 +221.7  +28.6  |   +28.6 M3->FP x M2  |    76   144 |   215    42   135 |   268   342
   200  0.7   26 | +154.9 +147.5 +271.3  +33.1  +90.4 +157.7  +90.4 +157.7   +9.8  |    +9.8 M3->FP x M2  |    89   172 |   194    49   151 |   283   285
   200  0.7   28 | +171.0 +165.3 +293.5  +41.3  +92.8 +171.1  +92.8 +171.1  +15.2  |   +15.2 M3->FP x M2  |    89   172 |   194    49   151 |   283   304
   200  0.7   30 | +187.0 +182.8 +315.3  +49.2  +95.5 +185.8  +95.5 +185.8  +20.8  |   +20.8 M3->FP x M2  |    89   172 |   194    49   151 |   283   323
   200  0.8   28 | +150.8 +134.8 +283.7  +33.4 +105.0 +142.7 +105.0 +142.7   +7.4  |    +7.4 M3->FP x M2  |   102   200 |   179    56   166 |   298   292
   200  0.8   30 | +165.7 +151.0 +304.9  +42.1 +107.2 +155.7 +107.2 +155.7  +12.9  |   +12.9 M3->FP x M2  |   102   200 |   179    56   166 |   298   310
   200  0.9   30 | +148.4 +123.3 +298.2  +34.5 +119.1 +129.4 +119.1 +129.4   +5.3  |    +5.3 M3->FP x M2  |   115   227 |   167    63   182 |   312   301
   250  0.3   12 | +176.4 +185.7 +219.9  +15.2  +32.5 +255.6  +32.5 +255.6   +6.3  |    +6.3 M3->FP x M2  |    38    66 |   433    21    92 |   278   260
   250  0.3   14 | +213.6 +226.0 +262.3  +21.8  +35.0 +276.8  +35.0 +276.8  +10.8  |   +10.8 M3->FP x M2  |    38    66 |   433    21    92 |   278   295
   250  0.3   16 | +250.6 +266.0 +304.4  +27.8  +38.0 +301.2  +38.0 +301.2  +15.3  |   +15.3 M3->FP x M2  |    38    66 |   433    21    92 |   278   331
   250  0.3   18 | +287.3 +305.7 +346.1  +33.0  +41.3 +328.1  +40.8 +328.1  +19.9  |   +19.9 M3->FP x M2  |    38    66 |   433    21    92 |   278   368
   250  0.3   20 | +323.6 +345.1 +387.4  +37.5  +45.0 +353.6  +43.3 +357.5  +24.7  |   +24.7 M3->FP x M2  |    38    66 |   433    21    92 |   278   406
   250  0.3   22 | +359.5 +384.0 +428.2  +41.5  +49.1 +377.9  +45.4 +389.1  +29.6  |   +29.6 M3->FP x M2  |    38    66 |   433    21    92 |   278   444
   250  0.3   24 | +395.0 +422.5 +468.4  +44.9  +53.4 +404.2  +47.3 +422.7  +34.6  |   +34.6 M3->FP x M2  |    38    66 |   433    21    92 |   278   484
   250  0.3   26 | +430.0 +460.4 +508.2  +48.1  +58.0 +432.6  +49.0 +458.4  +39.7  |   +39.7 M3->FP x M2  |    38    66 |   433    21    92 |   278   525
   250  0.3   28 | +464.5 +498.3 +547.3  +51.7  +62.8 +462.9  +50.5 +496.1  +45.1  |   +45.1 M3->FP x M2  |    38    66 |   433    21    92 |   278   567
   250  0.3   30 | +498.4 +538.2 +585.9  +55.8  +68.0 +495.2  +51.8 +535.9  +50.6  |   +50.6 M3->FP x M2  |    38    66 |   433    21    92 |   278   611
   250  0.4   16 | +189.8 +197.9 +250.9  +20.7  +46.5 +248.1  +46.5 +248.1   +8.0  |    +8.0 M3->FP x M2  |    51    92 |   342    28   106 |   291   278
   250  0.4   18 | +219.6 +230.3 +286.1  +27.6  +48.9 +266.1  +48.9 +266.1  +12.7  |   +12.7 M3->FP x M2  |    51    92 |   342    28   106 |   291   307
   250  0.4   20 | +249.1 +262.4 +320.9  +34.0  +51.8 +286.4  +51.8 +286.4  +17.4  |   +17.4 M3->FP x M2  |    51    92 |   342    28   106 |   291   336
   250  0.4   22 | +278.2 +294.3 +355.4  +39.8  +55.0 +308.7  +54.9 +308.7  +22.3  |   +22.3 M3->FP x M2  |    51    92 |   342    28   106 |   291   366
   250  0.4   24 | +307.1 +325.7 +389.3  +45.1  +58.5 +331.8  +57.8 +332.9  +27.3  |   +27.3 M3->FP x M2  |    51    92 |   342    28   106 |   291   398
   250  0.4   26 | +335.5 +356.8 +422.9  +49.9  +62.5 +352.5  +60.5 +358.9  +32.5  |   +32.5 M3->FP x M2  |    51    92 |   342    28   106 |   291   430
   250  0.4   28 | +363.6 +387.4 +455.9  +54.3  +66.7 +372.4  +62.9 +386.7  +37.8  |   +37.8 M3->FP x M2  |    51    92 |   342    28   106 |   291   463
   250  0.4   30 | +391.2 +417.7 +488.3  +58.2  +71.3 +393.9  +65.1 +416.4  +43.4  |   +43.4 M3->FP x M2  |    51    92 |   342    28   106 |   291   497
   250  0.5   18 | +177.4 +180.1 +252.0  +19.1  +59.5 +226.7  +59.5 +226.7   +5.2  |    +5.2 M3->FP x M2  |    63   118 |   288    35   121 |   305   273
   250  0.5   20 | +202.8 +207.8 +283.1  +26.7  +61.5 +241.4  +61.5 +241.4   +9.9  |    +9.9 M3->FP x M2  |    63   118 |   288    35   121 |   305   298
   250  0.5   22 | +228.0 +235.2 +313.9  +33.9  +64.0 +258.0  +64.0 +258.0  +14.8  |   +14.8 M3->FP x M2  |    63   118 |   288    35   121 |   305   323
   250  0.5   24 | +252.8 +262.4 +344.4  +40.7  +66.8 +276.5  +66.8 +276.5  +19.8  |   +19.8 M3->FP x M2  |    63   118 |   288    35   121 |   305   349
   250  0.5   26 | +277.4 +289.2 +374.3  +47.0  +70.0 +296.6  +70.0 +296.6  +25.0  |   +25.0 M3->FP x M2  |    63   118 |   288    35   121 |   305   376
   250  0.5   28 | +301.6 +315.7 +403.9  +52.9  +73.6 +317.9  +73.3 +318.5  +30.3  |   +30.3 M3->FP x M2  |    63   118 |   288    35   121 |   305   403
   250  0.5   30 | +325.5 +341.8 +432.9  +58.4  +77.5 +337.7  +76.4 +342.0  +35.9  |   +35.9 M3->FP x M2  |    63   118 |   288    35   121 |   305   432
   250  0.6   22 | +193.2 +191.4 +288.3  +25.8  +75.2 +221.5  +75.2 +221.5   +7.1  |    +7.1 M3->FP x M2  |    76   145 |   251    42   136 |   319   297
   250  0.6   24 | +215.5 +215.6 +316.5  +33.6  +77.4 +236.0  +77.4 +236.0  +12.1  |   +12.1 M3->FP x M2  |    76   145 |   251    42   136 |   319   319
   250  0.6   26 | +237.4 +239.5 +344.3  +41.1  +79.9 +252.2  +79.9 +252.2  +17.3  |   +17.3 M3->FP x M2  |    76   145 |   251    42   136 |   319   342
   250  0.6   28 | +259.1 +263.2 +371.7  +48.3  +82.8 +270.0  +82.8 +270.0  +22.7  |   +22.7 M3->FP x M2  |    76   145 |   251    42   136 |   319   366
   250  0.6   30 | +280.5 +286.5 +398.6  +55.1  +86.1 +289.4  +86.1 +289.4  +28.2  |   +28.2 M3->FP x M2  |    76   145 |   251    42   136 |   319   391
   250  0.7   26 | +207.9 +200.2 +324.7  +33.4  +91.3 +217.6  +91.3 +217.6   +9.6  |    +9.6 M3->FP x M2  |    89   173 |   225    49   151 |   334   321
   250  0.7   28 | +227.8 +221.7 +350.7  +41.6  +93.7 +232.4  +93.7 +232.4  +14.9  |   +14.9 M3->FP x M2  |    89   173 |   225    49   151 |   334   342
   250  0.7   30 | +247.4 +243.0 +376.2  +49.5  +96.4 +248.8  +96.4 +248.8  +20.5  |   +20.5 M3->FP x M2  |    89   173 |   225    49   151 |   334   364
   250  0.8   28 | +203.4 +187.2 +336.5  +33.8 +105.5 +201.4 +105.5 +201.4   +7.2  |    +7.2 M3->FP x M2  |   102   200 |   206    56   167 |   348   326
   250  0.8   30 | +221.7 +206.9 +361.2  +42.4 +107.7 +215.5 +107.7 +215.5  +12.8  |   +12.8 M3->FP x M2  |   102   200 |   206    56   167 |   348   346
   250  0.9   30 | +200.9 +175.8 +350.8  +34.7 +119.3 +187.0 +119.3 +187.0   +5.2  |    +5.2 M3->FP x M2  |   115   227 |   191    63   182 |   362   334
   300  0.3   12 | +220.9 +229.7 +264.7  +15.1  +33.9 +316.4  +33.9 +316.4   +5.9  |    +5.9 M3->FP x M2  |    38    68 |   505    21    93 |   330   296
   300  0.3   14 | +265.5 +277.4 +314.5  +21.8  +36.3 +341.3  +36.3 +341.3  +10.3  |   +10.3 M3->FP x M2  |    38    68 |   505    21    93 |   330   338
   300  0.3   16 | +309.8 +324.7 +364.0  +27.6  +39.2 +369.7  +39.2 +369.7  +14.9  |   +14.9 M3->FP x M2  |    38    68 |   505    21    93 |   330   380
   300  0.3   18 | +353.7 +371.7 +413.0  +32.8  +42.4 +401.1  +42.0 +401.1  +19.5  |   +19.5 M3->FP x M2  |    38    68 |   505    21    93 |   330   423
   300  0.3   20 | +397.1 +418.2 +461.5  +37.3  +46.0 +431.6  +44.5 +435.3  +24.3  |   +24.3 M3->FP x M2  |    38    68 |   505    21    93 |   330   467
   300  0.3   22 | +440.1 +464.2 +509.4  +41.2  +50.0 +461.2  +46.7 +472.0  +29.1  |   +29.1 M3->FP x M2  |    38    68 |   505    21    93 |   330   512
   300  0.3   24 | +482.6 +509.6 +556.7  +44.7  +54.2 +493.1  +48.6 +511.2  +34.2  |   +34.2 M3->FP x M2  |    38    68 |   505    21    93 |   330   559
   300  0.3   26 | +524.5 +554.4 +603.3  +47.8  +58.7 +527.4  +50.3 +552.7  +39.3  |   +39.3 M3->FP x M2  |    38    68 |   505    21    93 |   330   607
   300  0.3   28 | +565.7 +598.9 +649.2  +51.4  +63.6 +564.0  +51.8 +596.7  +44.7  |   +44.7 M3->FP x M2  |    38    68 |   505    21    93 |   330   657
   300  0.3   30 | +606.2 +645.4 +694.5  +55.4  +68.7 +603.0  +53.1 +643.2  +50.2  |   +50.2 M3->FP x M2  |    38    68 |   505    21    93 |   330   708
   300  0.4   16 | +237.6 +245.2 +299.2  +20.7  +47.8 +309.1  +47.8 +309.1   +7.6  |    +7.6 M3->FP x M2  |    51    93 |   396    28   107 |   343   315
   300  0.4   18 | +273.2 +283.5 +340.2  +27.6  +50.2 +330.0  +50.2 +330.0  +12.3  |   +12.3 M3->FP x M2  |    51    93 |   396    28   107 |   343   348
   300  0.4   20 | +308.5 +321.4 +380.9  +33.9  +53.0 +353.3  +53.0 +353.3  +17.0  |   +17.0 M3->FP x M2  |    51    93 |   396    28   107 |   343   383
   300  0.4   22 | +343.4 +358.9 +421.1  +39.7  +56.1 +378.9  +56.1 +378.9  +21.9  |   +21.9 M3->FP x M2  |    51    93 |   396    28   107 |   343   418
   300  0.4   24 | +377.8 +396.0 +460.7  +44.9  +59.6 +406.1  +59.0 +406.8  +26.9  |   +26.9 M3->FP x M2  |    51    93 |   396    28   107 |   343   454
   300  0.4   26 | +411.8 +432.6 +499.8  +49.7  +63.5 +430.8  +61.7 +436.7  +32.1  |   +32.1 M3->FP x M2  |    51    93 |   396    28   107 |   343   491
   300  0.4   28 | +445.3 +468.7 +538.3  +54.0  +67.7 +454.9  +64.2 +468.8  +37.4  |   +37.4 M3->FP x M2  |    51    93 |   396    28   107 |   343   530
   300  0.4   30 | +478.3 +504.3 +576.2  +58.0  +72.2 +481.1  +66.4 +503.1  +43.0  |   +43.0 M3->FP x M2  |    51    93 |   396    28   107 |   343   570
   300  0.5   20 | +253.8 +258.3 +334.5  +26.8  +62.7 +302.8  +62.7 +302.8   +9.6  |    +9.6 M3->FP x M2  |    63   120 |   331    35   122 |   356   335
   300  0.5   22 | +283.8 +290.6 +370.3  +34.0  +65.1 +321.7  +65.1 +321.7  +14.4  |   +14.4 M3->FP x M2  |    63   120 |   331    35   122 |   356   364
   300  0.5   24 | +313.5 +322.6 +405.5  +40.7  +67.9 +342.6  +67.9 +342.6  +19.5  |   +19.5 M3->FP x M2  |    63   120 |   331    35   122 |   356   394
   300  0.5   26 | +342.8 +354.2 +440.3  +47.0  +71.0 +365.6  +71.0 +365.6  +24.6  |   +24.6 M3->FP x M2  |    63   120 |   331    35   122 |   356   425
   300  0.5   28 | +371.7 +385.4 +474.6  +52.9  +74.6 +390.2  +74.4 +390.4  +30.0  |   +30.0 M3->FP x M2  |    63   120 |   331    35   122 |   356   457
   300  0.5   30 | +400.1 +416.1 +508.3  +58.3  +78.4 +413.7  +77.5 +417.2  +35.5  |   +35.5 M3->FP x M2  |    63   120 |   331    35   122 |   356   490
   300  0.6   22 | +242.8 +240.8 +338.3  +26.0  +76.1 +281.3  +76.1 +281.3   +6.8  |    +6.8 M3->FP x M2  |    76   146 |   288    42   137 |   370   331
   300  0.6   24 | +269.4 +269.2 +370.8  +33.8  +78.3 +297.7  +78.3 +297.7  +11.9  |   +11.9 M3->FP x M2  |    76   146 |   288    42   137 |   370   357
   300  0.6   26 | +295.6 +297.4 +402.8  +41.2  +80.8 +315.8  +80.8 +315.8  +17.0  |   +17.0 M3->FP x M2  |    76   146 |   288    42   137 |   370   384
   300  0.6   28 | +321.4 +325.2 +434.4  +48.4  +83.7 +335.8  +83.7 +335.8  +22.4  |   +22.4 M3->FP x M2  |    76   146 |   288    42   137 |   370   411
   300  0.6   30 | +346.9 +352.6 +465.5  +55.1  +86.9 +357.6  +86.9 +357.6  +27.9  |   +27.9 M3->FP x M2  |    76   146 |   288    42   137 |   370   440
   300  0.7   26 | +260.8 +252.9 +377.9  +33.7  +92.0 +277.8  +92.0 +277.8   +9.4  |    +9.4 M3->FP x M2  |    89   173 |   257    49   152 |   384   356
   300  0.7   28 | +284.5 +278.3 +407.7  +41.8  +94.3 +294.3  +94.3 +294.3  +14.7  |   +14.7 M3->FP x M2  |    89   173 |   257    49   152 |   384   381
   300  0.7   30 | +307.8 +303.2 +437.0  +49.6  +97.0 +312.5  +97.0 +312.5  +20.3  |   +20.3 M3->FP x M2  |    89   173 |   257    49   152 |   384   406
   300  0.8   28 | +255.9 +239.7 +389.3  +34.0 +105.8 +260.7 +105.8 +260.7   +7.1  |    +7.1 M3->FP x M2  |   102   200 |   233    56   167 |   398   360
   300  0.8   30 | +277.7 +262.8 +417.3  +42.6 +108.0 +276.1 +108.0 +276.1  +12.7  |   +12.7 M3->FP x M2  |   102   200 |   233    56   167 |   398   383
   300  0.9   30 | +253.5 +228.3 +403.4  +34.9 +119.3 +245.5 +119.3 +245.5   +5.2  |    +5.2 M3->FP x M2  |   115   227 |   215    63   182 |   412   366
   350  0.3   12 | +265.4 +273.8 +309.4  +15.1  +34.9 +377.2  +34.9 +377.2   +5.6  |    +5.6 M3->FP x M2  |    38    69 |   578    21    93 |   381   333
   350  0.3   14 | +317.4 +328.9 +366.7  +21.7  +37.2 +405.8  +37.2 +405.8  +10.1  |   +10.1 M3->FP x M2  |    38    69 |   578    21    93 |   381   380
   350  0.3   16 | +368.9 +383.5 +423.5  +27.6  +40.0 +438.3  +40.0 +438.3  +14.6  |   +14.6 M3->FP x M2  |    38    69 |   578    21    93 |   381   429
   350  0.3   18 | +420.1 +437.8 +479.7  +32.7  +43.2 +474.2  +42.9 +474.2  +19.2  |   +19.2 M3->FP x M2  |    38    69 |   578    21    93 |   381   478
   350  0.3   20 | +470.7 +491.4 +535.4  +37.2  +46.8 +509.6  +45.4 +513.2  +24.0  |   +24.0 M3->FP x M2  |    38    69 |   578    21    93 |   381   529
   350  0.3   22 | +520.8 +544.5 +590.4  +41.1  +50.6 +544.5  +47.6 +555.1  +28.9  |   +28.9 M3->FP x M2  |    38    69 |   578    21    93 |   381   581
   350  0.3   24 | +570.2 +596.9 +644.7  +44.5  +54.8 +582.0  +49.5 +599.8  +33.9  |   +33.9 M3->FP x M2  |    38    69 |   578    21    93 |   381   634
   350  0.3   26 | +618.9 +648.6 +698.3  +47.6  +59.3 +622.3  +51.2 +647.3  +39.0  |   +39.0 M3->FP x M2  |    38    69 |   578    21    93 |   381   689
   350  0.3   28 | +666.9 +699.7 +750.9  +51.2  +64.1 +665.2  +52.7 +697.5  +44.4  |   +44.4 M3->FP x M2  |    38    69 |   578    21    93 |   381   746
   350  0.3   30 | +714.1 +752.8 +803.0  +55.2  +69.2 +710.9  +54.1 +750.6  +49.9  |   +49.9 M3->FP x M2  |    38    69 |   578    21    93 |   381   805
   350  0.4   16 | +285.4 +292.7 +347.3  +20.8  +48.8 +370.2  +48.8 +370.2   +7.4  |    +7.4 M3->FP x M2  |    51    94 |   451    28   108 |   394   351
   350  0.4   18 | +326.9 +336.8 +394.2  +27.6  +51.1 +393.9  +51.1 +393.9  +12.0  |   +12.0 M3->FP x M2  |    51    94 |   451    28   108 |   394   390
   350  0.4   20 | +367.9 +380.5 +440.7  +33.9  +53.9 +420.4  +53.9 +420.4  +16.7  |   +16.7 M3->FP x M2  |    51    94 |   451    28   108 |   394   429
   350  0.4   22 | +408.5 +423.7 +486.6  +39.6  +57.0 +449.4  +56.9 +449.4  +21.6  |   +21.6 M3->FP x M2  |    51    94 |   451    28   108 |   394   469
   350  0.4   24 | +448.6 +466.5 +531.9  +44.8  +60.4 +480.5  +59.9 +480.9  +26.6  |   +26.6 M3->FP x M2  |    51    94 |   451    28   108 |   394   510
   350  0.4   26 | +488.1 +508.6 +576.6  +49.6  +64.2 +509.1  +62.6 +514.8  +31.8  |   +31.8 M3->FP x M2  |    51    94 |   451    28   108 |   394   553
   350  0.4   28 | +527.1 +550.2 +620.6  +53.9  +68.4 +537.6  +65.0 +551.1  +37.1  |   +37.1 M3->FP x M2  |    51    94 |   451    28   108 |   394   597
   350  0.4   30 | +565.4 +591.1 +663.8  +57.8  +72.9 +568.4  +67.3 +589.9  +42.7  |   +42.7 M3->FP x M2  |    51    94 |   451    28   108 |   394   643
   350  0.5   20 | +304.7 +308.9 +385.8  +26.9  +63.6 +364.2  +63.6 +364.2   +9.3  |    +9.3 M3->FP x M2  |    63   121 |   375    35   122 |   407   372
   350  0.5   22 | +339.6 +346.2 +426.4  +34.0  +65.9 +385.5  +65.9 +385.5  +14.2  |   +14.2 M3->FP x M2  |    63   121 |   375    35   122 |   407   405
   350  0.5   24 | +374.1 +383.0 +466.6  +40.7  +68.7 +409.0  +68.7 +409.0  +19.2  |   +19.2 M3->FP x M2  |    63   121 |   375    35   122 |   407   439
   350  0.5   26 | +408.2 +419.3 +506.1  +47.0  +71.8 +434.7  +71.8 +434.7  +24.4  |   +24.4 M3->FP x M2  |    63   121 |   375    35   122 |   407   474
   350  0.5   28 | +441.8 +455.2 +545.1  +52.8  +75.3 +462.6  +75.1 +462.6  +29.7  |   +29.7 M3->FP x M2  |    63   121 |   375    35   122 |   407   511
   350  0.5   30 | +474.8 +490.4 +583.4  +58.2  +79.1 +489.7  +78.2 +492.7  +35.3  |   +35.3 M3->FP x M2  |    63   121 |   375    35   122 |   407   549
   350  0.6   22 | +292.5 +290.2 +388.2  +26.1  +76.8 +341.2  +76.8 +341.2   +6.6  |    +6.6 M3->FP x M2  |    76   147 |   324    42   137 |   421   365
   350  0.6   24 | +323.3 +322.9 +425.0  +33.9  +78.9 +359.4  +78.9 +359.4  +11.7  |   +11.7 M3->FP x M2  |    76   147 |   324    42   137 |   421   394
   350  0.6   26 | +353.7 +355.3 +461.3  +41.3  +81.4 +379.7  +81.4 +379.7  +16.8  |   +16.8 M3->FP x M2  |    76   147 |   324    42   137 |   421   425
   350  0.6   28 | +383.7 +387.3 +497.0  +48.4  +84.3 +401.9  +84.3 +401.9  +22.2  |   +22.2 M3->FP x M2  |    76   147 |   324    42   137 |   421   456
   350  0.6   30 | +413.2 +418.7 +532.2  +55.2  +87.5 +426.1  +87.5 +426.1  +27.8  |   +27.8 M3->FP x M2  |    76   147 |   324    42   137 |   421   489
   350  0.7   26 | +313.8 +305.8 +431.1  +33.9  +92.4 +338.3  +92.4 +338.3   +9.3  |    +9.3 M3->FP x M2  |    89   174 |   288    49   152 |   435   391
   350  0.7   28 | +341.2 +334.8 +464.6  +41.9  +94.7 +356.4  +94.7 +356.4  +14.6  |   +14.6 M3->FP x M2  |    89   174 |   288    49   152 |   435   419
   350  0.7   30 | +368.3 +363.5 +497.7  +49.7  +97.4 +376.5  +97.4 +376.5  +20.2  |   +20.2 M3->FP x M2  |    89   174 |   288    49   152 |   435   448
   350  0.8   28 | +308.5 +292.2 +441.9  +34.2 +106.0 +320.2 +106.0 +320.2   +7.1  |    +7.1 M3->FP x M2  |   102   201 |   260    56   167 |   449   393
   350  0.8   30 | +333.7 +318.7 +473.5  +42.8 +108.2 +337.0 +108.2 +337.0  +12.6  |   +12.6 M3->FP x M2  |   102   201 |   260    56   167 |   449   419
   350  0.9   30 | +306.0 +280.8 +456.0  +35.0 +119.4 +304.2 +119.4 +304.2   +5.2  |    +5.2 M3->FP x M2  |   115   227 |   239    63   182 |   462   398
   400  0.3   12 | +309.9 +318.0 +354.1  +15.1  +35.6 +438.1  +35.6 +438.1   +5.4  |    +5.4 M3->FP x M2  |    38    70 |   650    21    94 |   432   369
   400  0.3   14 | +369.2 +380.5 +418.7  +21.7  +37.9 +470.4  +37.9 +470.4   +9.8  |    +9.8 M3->FP x M2  |    38    70 |   650    21    94 |   432   422
   400  0.3   16 | +428.1 +442.5 +482.9  +27.5  +40.7 +506.9  +40.7 +506.9  +14.4  |   +14.4 M3->FP x M2  |    38    70 |   650    21    94 |   432   477
   400  0.3   18 | +486.5 +503.9 +546.4  +32.6  +43.8 +547.3  +43.6 +547.3  +19.0  |   +19.0 M3->FP x M2  |    38    70 |   650    21    94 |   432   533
   400  0.3   20 | +544.3 +564.7 +609.3  +37.0  +47.3 +587.7  +46.1 +591.2  +23.8  |   +23.8 M3->FP x M2  |    38    70 |   650    21    94 |   432   590
   400  0.3   22 | +601.4 +624.9 +671.4  +40.9  +51.2 +627.8  +48.3 +638.3  +28.6  |   +28.6 M3->FP x M2  |    38    70 |   650    21    94 |   432   649
   400  0.3   24 | +657.8 +684.3 +732.7  +44.3  +55.3 +671.0  +50.2 +688.6  +33.6  |   +33.6 M3->FP x M2  |    38    70 |   650    21    94 |   432   709
   400  0.3   26 | +713.4 +742.8 +793.1  +47.5  +59.8 +717.2  +51.9 +742.0  +38.8  |   +38.8 M3->FP x M2  |    38    70 |   650    21    94 |   432   771
   400  0.3   28 | +768.1 +800.6 +852.5  +51.0  +64.5 +766.4  +53.5 +798.5  +44.1  |   +44.1 M3->FP x M2  |    38    70 |   650    21    94 |   432   836
   400  0.3   30 | +822.0 +860.3 +911.3  +55.0  +69.5 +818.8  +54.8 +858.2  +49.7  |   +49.7 M3->FP x M2  |    38    70 |   650    21    94 |   432   902
   400  0.4   16 | +333.2 +340.2 +395.3  +20.8  +49.6 +431.4  +49.6 +431.4   +7.1  |    +7.1 M3->FP x M2  |    51    95 |   505    28   108 |   445   388
   400  0.4   18 | +380.5 +390.2 +448.1  +27.6  +51.8 +458.0  +51.8 +458.0  +11.8  |   +11.8 M3->FP x M2  |    51    95 |   505    28   108 |   445   431
   400  0.4   20 | +427.3 +439.7 +500.4  +33.8  +54.5 +487.5  +54.5 +487.5  +16.5  |   +16.5 M3->FP x M2  |    51    95 |   505    28   108 |   445   475
   400  0.4   22 | +473.6 +488.6 +552.0  +39.5  +57.6 +519.9  +57.6 +519.9  +21.4  |   +21.4 M3->FP x M2  |    51    95 |   505    28   108 |   445   520
   400  0.4   24 | +519.3 +537.0 +603.0  +44.7  +61.0 +554.9  +60.6 +555.1  +26.4  |   +26.4 M3->FP x M2  |    51    95 |   505    28   108 |   445   567
   400  0.4   26 | +564.4 +584.7 +653.3  +49.5  +64.8 +587.5  +63.3 +593.0  +31.6  |   +31.6 M3->FP x M2  |    51    95 |   505    28   108 |   445   615
   400  0.4   28 | +608.8 +631.7 +702.7  +53.8  +68.9 +620.3  +65.7 +633.6  +36.9  |   +36.9 M3->FP x M2  |    51    95 |   505    28   108 |   445   664
   400  0.4   30 | +652.5 +677.9 +751.3  +57.7  +73.4 +655.7  +68.0 +677.0  +42.5  |   +42.5 M3->FP x M2  |    51    95 |   505    28   108 |   445   716
   400  0.5   20 | +355.6 +359.7 +437.0  +27.0  +64.2 +425.7  +64.2 +425.7   +9.1  |    +9.1 M3->FP x M2  |    63   121 |   418    35   123 |   458   409
   400  0.5   22 | +395.4 +401.8 +482.5  +34.1  +66.6 +449.4  +66.6 +449.4  +14.0  |   +14.0 M3->FP x M2  |    63   121 |   418    35   123 |   458   446
   400  0.5   24 | +434.8 +443.4 +527.5  +40.7  +69.3 +475.5  +69.3 +475.5  +19.0  |   +19.0 M3->FP x M2  |    63   121 |   418    35   123 |   458   484
   400  0.5   26 | +473.6 +484.5 +571.9  +47.0  +72.4 +504.0  +72.4 +504.0  +24.2  |   +24.2 M3->FP x M2  |    63   121 |   418    35   123 |   458   524
   400  0.5   28 | +511.9 +525.0 +615.5  +52.8  +75.8 +534.9  +75.7 +534.9  +29.5  |   +29.5 M3->FP x M2  |    63   121 |   418    35   123 |   458   565
   400  0.5   30 | +549.5 +564.9 +658.4  +58.2  +79.6 +565.8  +78.8 +568.3  +35.1  |   +35.1 M3->FP x M2  |    63   121 |   418    35   123 |   458   607
   400  0.6   22 | +342.1 +339.6 +438.0  +26.3  +77.3 +401.2  +77.3 +401.2   +6.5  |    +6.5 M3->FP x M2  |    76   148 |   360    42   137 |   471   399
   400  0.6   24 | +377.2 +376.7 +479.1  +34.0  +79.4 +421.3  +79.4 +421.3  +11.5  |   +11.5 M3->FP x M2  |    76   148 |   360    42   137 |   471   432
   400  0.6   26 | +411.9 +413.3 +519.7  +41.4  +81.9 +443.6  +81.9 +443.6  +16.7  |   +16.7 M3->FP x M2  |    76   148 |   360    42   137 |   471   466
   400  0.6   28 | +446.0 +449.4 +559.6  +48.5  +84.7 +468.1  +84.7 +468.1  +22.1  |   +22.1 M3->FP x M2  |    76   148 |   360    42   137 |   471   501
   400  0.6   30 | +479.6 +484.9 +598.8  +55.2  +87.9 +494.8  +87.9 +494.8  +27.6  |   +27.6 M3->FP x M2  |    76   148 |   360    42   137 |   471   537
   400  0.7   26 | +366.7 +358.6 +484.2  +34.0  +92.7 +398.8  +92.7 +398.8   +9.2  |    +9.2 M3->FP x M2  |    89   174 |   319    49   152 |   485   426
   400  0.7   28 | +398.0 +391.5 +521.5  +42.0  +95.0 +418.7  +95.0 +418.7  +14.5  |   +14.5 M3->FP x M2  |    89   174 |   319    49   152 |   485   457
   400  0.7   30 | +428.7 +423.9 +558.3  +49.8  +97.7 +440.7  +97.7 +440.7  +20.1  |   +20.1 M3->FP x M2  |    89   174 |   319    49   152 |   485   489
   400  0.8   28 | +361.0 +344.7 +494.6  +34.3 +106.2 +379.8 +106.2 +379.8   +7.0  |    +7.0 M3->FP x M2  |   102   201 |   288    56   167 |   499   427
   400  0.8   30 | +389.7 +374.6 +529.5  +42.9 +108.4 +398.1 +108.4 +398.1  +12.6  |   +12.6 M3->FP x M2  |   102   201 |   288    56   167 |   499   455
   400  0.9   30 | +358.5 +333.4 +508.5  +35.1 +119.5 +363.1 +119.5 +363.1   +5.2  |    +5.2 M3->FP x M2  |   115   227 |   263    63   182 |   512   430
   450  0.3   12 | +354.4 +362.3 +398.7  +15.1  +36.2 +499.0  +36.2 +499.0   +5.2  |    +5.2 M3->FP x M2  |    38    70 |   723    21    94 |   483   405
   450  0.3   14 | +421.1 +432.2 +470.8  +21.7  +38.5 +535.0  +38.5 +535.0   +9.7  |    +9.7 M3->FP x M2  |    38    70 |   723    21    94 |   483   465
   450  0.3   16 | +487.3 +501.4 +542.2  +27.4  +41.2 +575.6  +41.2 +575.6  +14.2  |   +14.2 M3->FP x M2  |    38    70 |   723    21    94 |   483   526
   450  0.3   18 | +552.9 +570.1 +613.0  +32.5  +44.3 +620.5  +44.1 +620.5  +18.8  |   +18.8 M3->FP x M2  |    38    70 |   723    21    94 |   483   588
   450  0.3   20 | +617.9 +638.1 +683.0  +36.9  +47.8 +665.8  +46.6 +669.2  +23.6  |   +23.6 M3->FP x M2  |    38    70 |   723    21    94 |   483   651
   450  0.3   22 | +682.1 +705.3 +752.3  +40.8  +51.6 +711.2  +48.8 +721.6  +28.5  |   +28.5 M3->FP x M2  |    38    70 |   723    21    94 |   483   717
   450  0.3   24 | +745.4 +771.7 +820.6  +44.2  +55.7 +760.0  +50.8 +777.4  +33.5  |   +33.5 M3->FP x M2  |    38    70 |   723    21    94 |   483   784
   450  0.3   26 | +807.9 +837.1 +887.9  +47.3  +60.1 +812.1  +52.5 +836.7  +38.6  |   +38.6 M3->FP x M2  |    38    70 |   723    21    94 |   483   853
   450  0.3   28 | +869.3 +901.5 +954.1  +50.9  +64.8 +867.6  +54.0 +899.5  +44.0  |   +44.0 M3->FP x M2  |    38    70 |   723    21    94 |   483   925
   450  0.3   30 | +929.9 +968.0 +1019.5  +54.9  +69.8 +926.6  +55.4 +965.9  +49.5  |   +49.5 M3->FP x M2  |    38    70 |   723    21    94 |   483   999
   450  0.4   16 | +381.0 +387.8 +443.2  +20.8  +50.1 +492.6  +50.1 +492.6   +7.0  |    +7.0 M3->FP x M2  |    51    96 |   560    28   108 |   495   424
   450  0.4   18 | +434.1 +443.6 +501.9  +27.6  +52.4 +522.0  +52.4 +522.0  +11.6  |   +11.6 M3->FP x M2  |    51    96 |   560    28   108 |   495   472
   450  0.4   20 | +486.7 +498.9 +560.0  +33.8  +55.0 +554.7  +55.0 +554.7  +16.4  |   +16.4 M3->FP x M2  |    51    96 |   560    28   108 |   495   521
   450  0.4   22 | +538.8 +553.6 +617.4  +39.5  +58.1 +590.5  +58.1 +590.5  +21.2  |   +21.2 M3->FP x M2  |    51    96 |   560    28   108 |   495   571
   450  0.4   24 | +590.1 +607.6 +674.0  +44.7  +61.5 +629.3  +61.1 +629.4  +26.2  |   +26.2 M3->FP x M2  |    51    96 |   560    28   108 |   495   623
   450  0.4   26 | +640.7 +660.8 +729.9  +49.4  +65.2 +665.9  +63.8 +671.3  +31.4  |   +31.4 M3->FP x M2  |    51    96 |   560    28   108 |   495   676
   450  0.4   28 | +690.6 +713.3 +784.8  +53.7  +69.3 +703.0  +66.2 +716.1  +36.8  |   +36.8 M3->FP x M2  |    51    96 |   560    28   108 |   495   731
   450  0.4   30 | +739.6 +764.9 +838.8  +57.6  +73.7 +743.1  +68.5 +764.1  +42.3  |   +42.3 M3->FP x M2  |    51    96 |   560    28   108 |   495   789
   450  0.5   20 | +406.6 +410.4 +488.1  +27.0  +64.7 +487.3  +64.7 +487.3   +9.0  |    +9.0 M3->FP x M2  |    63   122 |   462    35   123 |   508   446
   450  0.5   22 | +451.3 +457.5 +538.6  +34.1  +67.0 +513.3  +67.0 +513.3  +13.9  |   +13.9 M3->FP x M2  |    63   122 |   462    35   123 |   508   487
   450  0.5   24 | +495.4 +503.9 +588.4  +40.7  +69.7 +542.0  +69.7 +542.0  +18.9  |   +18.9 M3->FP x M2  |    63   122 |   462    35   123 |   508   529
   450  0.5   26 | +539.0 +549.8 +637.5  +46.9  +72.8 +573.3  +72.8 +573.3  +24.0  |   +24.0 M3->FP x M2  |    63   122 |   462    35   123 |   508   573
   450  0.5   28 | +581.9 +595.0 +685.8  +52.7  +76.2 +607.4  +76.1 +607.4  +29.4  |   +29.4 M3->FP x M2  |    63   122 |   462    35   123 |   508   618
   450  0.5   30 | +624.1 +639.4 +733.3  +58.1  +80.0 +641.8  +79.3 +644.1  +34.9  |   +34.9 M3->FP x M2  |    63   122 |   462    35   123 |   508   665
   450  0.6   22 | +391.7 +389.1 +487.8  +26.4  +77.7 +461.2  +77.7 +461.2   +6.4  |    +6.4 M3->FP x M2  |    76   148 |   396    42   138 |   522   433
   450  0.6   24 | +431.1 +430.5 +533.2  +34.1  +79.8 +483.3  +79.8 +483.3  +11.4  |   +11.4 M3->FP x M2  |    76   148 |   396    42   138 |   522   469
   450  0.6   26 | +470.0 +471.3 +578.0  +41.5  +82.3 +507.7  +82.3 +507.7  +16.6  |   +16.6 M3->FP x M2  |    76   148 |   396    42   138 |   522   507
   450  0.6   28 | +508.3 +511.6 +622.1  +48.5  +85.1 +534.4  +85.1 +534.4  +21.9  |   +21.9 M3->FP x M2  |    76   148 |   396    42   138 |   522   545
   450  0.6   30 | +546.0 +551.2 +665.4  +55.2  +88.3 +563.7  +88.3 +563.7  +27.5  |   +27.5 M3->FP x M2  |    76   148 |   396    42   138 |   522   586
   450  0.7   26 | +419.7 +411.5 +537.2  +34.1  +93.0 +459.5  +93.0 +459.5   +9.1  |    +9.1 M3->FP x M2  |    89   175 |   350    49   152 |   536   462
   450  0.7   28 | +454.7 +448.1 +578.4  +42.1  +95.3 +481.1  +95.3 +481.1  +14.5  |   +14.5 M3->FP x M2  |    89   175 |   350    49   152 |   536   496
   450  0.7   30 | +489.2 +484.2 +618.9  +49.9  +98.0 +505.0  +98.0 +505.0  +20.0  |   +20.0 M3->FP x M2  |    89   175 |   350    49   152 |   536   531
   450  0.8   28 | +413.6 +397.2 +547.2  +34.4 +106.3 +439.5 +106.3 +439.5   +7.0  |    +7.0 M3->FP x M2  |   102   201 |   315    56   167 |   549   460
   450  0.8   30 | +445.7 +430.6 +585.6  +43.0 +108.5 +459.4 +108.5 +459.4  +12.6  |   +12.6 M3->FP x M2  |   102   201 |   315    56   167 |   549   492
   450  0.9   30 | +411.1 +385.9 +561.1  +35.2 +119.5 +422.2 +119.5 +422.2   +5.2  |    +5.2 M3->FP x M2  |   115   227 |   288    63   182 |   562   463
   500  0.3   12 | +398.9 +406.7 +443.3  +15.1  +36.7 +559.9  +36.7 +559.9   +5.0  |    +5.0 M3->FP x M2  |    38    71 |   795    21    95 |   533   441
   500  0.3   14 | +473.0 +483.9 +522.7  +21.6  +38.9 +599.6  +38.9 +599.6   +9.5  |    +9.5 M3->FP x M2  |    38    71 |   795    21    95 |   533   507
   500  0.3   16 | +546.5 +560.5 +601.5  +27.4  +41.6 +644.4  +41.6 +644.4  +14.1  |   +14.1 M3->FP x M2  |    38    71 |   795    21    95 |   533   574
   500  0.3   18 | +619.3 +636.4 +679.6  +32.4  +44.7 +693.7  +44.5 +693.7  +18.7  |   +18.7 M3->FP x M2  |    38    71 |   795    21    95 |   533   643
   500  0.3   20 | +691.4 +711.5 +756.8  +36.9  +48.1 +744.0  +47.0 +747.3  +23.5  |   +23.5 M3->FP x M2  |    38    71 |   795    21    95 |   533   713
   500  0.3   22 | +762.7 +785.8 +833.1  +40.7  +51.9 +794.6  +49.2 +804.9  +28.3  |   +28.3 M3->FP x M2  |    38    71 |   795    21    95 |   533   785
   500  0.3   24 | +833.0 +859.1 +908.4  +44.1  +56.0 +848.9  +51.2 +866.3  +33.3  |   +33.3 M3->FP x M2  |    38    71 |   795    21    95 |   533   859
   500  0.3   26 | +902.3 +931.4 +982.5  +47.2  +60.4 +907.0  +52.9 +931.5  +38.5  |   +38.5 M3->FP x M2  |    38    71 |   795    21    95 |   533   935
   500  0.3   28 | +970.6 +1002.6 +1055.5  +50.7  +65.1 +968.8  +54.4 +1000.5  +43.8  |   +43.8 M3->FP x M2  |    38    71 |   795    21    95 |   533  1014
   500  0.3   30 | +1037.8 +1075.7 +1127.7  +54.7  +70.1 +1034.5  +55.8 +1073.6  +49.4  |   +49.4 M3->FP x M2  |    38    71 |   795    21    95 |   533  1096
   500  0.4   16 | +428.8 +435.4 +491.2  +20.8  +50.6 +553.9  +50.6 +553.9   +6.8  |    +6.8 M3->FP x M2  |    51    96 |   614    28   109 |   546   460
   500  0.4   18 | +487.8 +497.1 +555.7  +27.6  +52.8 +586.1  +52.8 +586.1  +11.5  |   +11.5 M3->FP x M2  |    51    96 |   614    28   109 |   546   513
   500  0.4   20 | +546.2 +558.2 +619.6  +33.8  +55.5 +621.9  +55.5 +621.9  +16.2  |   +16.2 M3->FP x M2  |    51    96 |   614    28   109 |   546   567
   500  0.4   22 | +603.9 +618.6 +682.7  +39.5  +58.5 +661.2  +58.5 +661.2  +21.1  |   +21.1 M3->FP x M2  |    51    96 |   614    28   109 |   546   622
   500  0.4   24 | +660.9 +678.2 +745.0  +44.6  +61.8 +703.7  +61.5 +703.7  +26.1  |   +26.1 M3->FP x M2  |    51    96 |   614    28   109 |   546   679
   500  0.4   26 | +717.0 +737.0 +806.4  +49.3  +65.6 +744.3  +64.2 +749.6  +31.3  |   +31.3 M3->FP x M2  |    51    96 |   614    28   109 |   546   738
   500  0.4   28 | +772.3 +794.9 +866.8  +53.6  +69.6 +785.8  +66.6 +798.7  +36.6  |   +36.6 M3->FP x M2  |    51    96 |   614    28   109 |   546   798
   500  0.4   30 | +826.7 +851.8 +926.1  +57.5  +74.1 +830.5  +68.9 +851.3  +42.2  |   +42.2 M3->FP x M2  |    51    96 |   614    28   109 |   546   861
   500  0.5   20 | +457.5 +461.2 +539.2  +27.1  +65.1 +548.8  +65.1 +548.8   +8.9  |    +8.9 M3->FP x M2  |    63   122 |   505    35   123 |   559   482
   500  0.5   22 | +507.1 +513.2 +594.6  +34.1  +67.4 +577.2  +67.4 +577.2  +13.7  |   +13.7 M3->FP x M2  |    63   122 |   505    35   123 |   559   528
   500  0.5   24 | +556.1 +564.4 +649.2  +40.7  +70.1 +608.6  +70.1 +608.6  +18.8  |   +18.8 M3->FP x M2  |    63   122 |   505    35   123 |   559   574
   500  0.5   26 | +604.4 +615.1 +703.1  +46.9  +73.2 +642.8  +73.2 +642.8  +23.9  |   +23.9 M3->FP x M2  |    63   122 |   505    35   123 |   559   622
   500  0.5   28 | +652.0 +664.9 +756.1  +52.7  +76.6 +679.9  +76.5 +679.9  +29.3  |   +29.3 M3->FP x M2  |    63   122 |   505    35   123 |   559   672
   500  0.5   30 | +698.8 +714.0 +808.2  +58.1  +80.4 +717.9  +79.6 +719.9  +34.8  |   +34.8 M3->FP x M2  |    63   122 |   505    35   123 |   559   724
   500  0.6   22 | +441.3 +438.7 +537.5  +26.4  +78.0 +521.3  +78.0 +521.3   +6.3  |    +6.3 M3->FP x M2  |    76   148 |   433    42   138 |   572   467
   500  0.6   24 | +485.0 +484.3 +587.3  +34.1  +80.1 +545.2  +80.1 +545.2  +11.3  |   +11.3 M3->FP x M2  |    76   148 |   433    42   138 |   572   507
   500  0.6   26 | +528.1 +529.3 +636.3  +41.5  +82.6 +571.7  +82.6 +571.7  +16.5  |   +16.5 M3->FP x M2  |    76   148 |   433    42   138 |   572   548
   500  0.6   28 | +570.6 +573.8 +684.5  +48.5  +85.4 +600.8  +85.4 +600.8  +21.8  |   +21.8 M3->FP x M2  |    76   148 |   433    42   138 |   572   590
   500  0.6   30 | +612.3 +617.5 +731.9  +55.2  +88.6 +632.6  +88.6 +632.6  +27.4  |   +27.4 M3->FP x M2  |    76   148 |   433    42   138 |   572   634
   500  0.7   26 | +472.6 +464.3 +590.3  +34.2  +93.2 +520.1  +93.2 +520.1   +9.0  |    +9.0 M3->FP x M2  |    89   175 |   381    49   153 |   586   497
   500  0.7   28 | +511.4 +504.8 +635.2  +42.2  +95.5 +543.6  +95.5 +543.6  +14.4  |   +14.4 M3->FP x M2  |    89   175 |   381    49   153 |   586   534
   500  0.7   30 | +549.6 +544.6 +679.4  +49.9  +98.2 +569.4  +98.2 +569.4  +20.0  |   +20.0 M3->FP x M2  |    89   175 |   381    49   153 |   586   572
   500  0.8   28 | +466.1 +449.7 +599.8  +34.5 +106.4 +499.3 +106.4 +499.3   +7.0  |    +7.0 M3->FP x M2  |   102   201 |   342    56   167 |   599   494
   500  0.8   30 | +501.7 +486.5 +641.7  +43.1 +108.6 +520.7 +108.6 +520.7  +12.5  |   +12.5 M3->FP x M2  |   102   201 |   342    56   167 |   599   528
   500  0.9   30 | +463.6 +438.4 +613.7  +35.2 +119.5 +481.3 +119.5 +481.3   +5.2  |    +5.2 M3->FP x M2  |   115   227 |   312    63   182 |   612   495
   550  0.3   14 | +524.8 +535.6 +574.7  +21.6  +39.3 +664.2  +39.3 +664.2   +9.4  |    +9.4 M3->FP x M2  |    38    71 |   868    21    95 |   583   549
   550  0.3   16 | +605.7 +619.5 +660.8  +27.4  +41.9 +713.1  +41.9 +713.1  +14.0  |   +14.0 M3->FP x M2  |    38    71 |   868    21    95 |   583   622
   550  0.3   18 | +685.7 +702.7 +746.1  +32.4  +45.0 +767.0  +44.8 +767.0  +18.6  |   +18.6 M3->FP x M2  |    38    71 |   868    21    95 |   583   697
   550  0.3   20 | +765.0 +785.0 +830.5  +36.8  +48.4 +822.2  +47.3 +825.4  +23.3  |   +23.3 M3->FP x M2  |    38    71 |   868    21    95 |   583   774
   550  0.3   22 | +843.3 +866.3 +913.9  +40.7  +52.2 +878.0  +49.6 +888.2  +28.2  |   +28.2 M3->FP x M2  |    38    71 |   868    21    95 |   583   853
   550  0.3   24 | +920.6 +946.6 +996.2  +44.1  +56.2 +937.9  +51.5 +955.2  +33.2  |   +33.2 M3->FP x M2  |    38    71 |   868    21    95 |   583   934
   550  0.3   26 | +996.8 +1025.8 +1077.2  +47.2  +60.6 +1001.9  +53.3 +1026.3  +38.4  |   +38.4 M3->FP x M2  |    38    71 |   868    21    95 |   583  1017
   550  0.3   28 | +1071.8 +1103.7 +1156.9  +50.7  +65.3 +1070.1  +54.8 +1101.6  +43.7  |   +43.7 M3->FP x M2  |    38    71 |   868    21    95 |   583  1104
   550  0.3   30 | +1145.7 +1183.4 +1235.8  +54.6  +70.3 +1142.4  +56.2 +1181.3  +49.3  |   +49.3 M3->FP x M2  |    38    71 |   868    21    95 |   583  1193
   550  0.4   16 | +476.6 +483.1 +539.1  +20.8  +51.0 +615.1  +51.0 +615.1   +6.7  |    +6.7 M3->FP x M2  |    51    97 |   668    28   109 |   596   497
   550  0.4   18 | +541.4 +550.6 +609.5  +27.6  +53.2 +650.2  +53.2 +650.2  +11.4  |   +11.4 M3->FP x M2  |    51    97 |   668    28   109 |   596   554
   550  0.4   20 | +605.6 +617.5 +679.2  +33.8  +55.8 +689.2  +55.8 +689.2  +16.1  |   +16.1 M3->FP x M2  |    51    97 |   668    28   109 |   596   613
   550  0.4   22 | +669.0 +683.6 +748.0  +39.4  +58.8 +731.8  +58.8 +731.8  +21.0  |   +21.0 M3->FP x M2  |    51    97 |   668    28   109 |   596   673
   550  0.4   24 | +731.6 +748.8 +815.9  +44.6  +62.2 +778.1  +61.8 +778.1  +26.0  |   +26.0 M3->FP x M2  |    51    97 |   668    28   109 |   596   735
   550  0.4   26 | +793.3 +813.2 +882.9  +49.3  +65.9 +822.8  +64.5 +828.0  +31.2  |   +31.2 M3->FP x M2  |    51    97 |   668    28   109 |   596   799
   550  0.4   28 | +854.1 +876.5 +948.7  +53.5  +69.9 +868.6  +67.0 +881.4  +36.5  |   +36.5 M3->FP x M2  |    51    97 |   668    28   109 |   596   865
   550  0.4   30 | +913.8 +938.8 +1013.4  +57.4  +74.3 +917.9  +69.2 +938.5  +42.1  |   +42.1 M3->FP x M2  |    51    97 |   668    28   109 |   596   934
   550  0.5   20 | +508.4 +512.1 +590.2  +27.1  +65.4 +610.4  +65.4 +610.4   +8.8  |    +8.8 M3->FP x M2  |    63   123 |   549    35   123 |   609   519
   550  0.5   22 | +562.9 +568.9 +650.5  +34.1  +67.7 +641.2  +67.7 +641.2  +13.6  |   +13.6 M3->FP x M2  |    63   123 |   549    35   123 |   609   569
   550  0.5   24 | +616.7 +625.0 +710.0  +40.7  +70.4 +675.2  +70.4 +675.2  +18.7  |   +18.7 M3->FP x M2  |    63   123 |   549    35   123 |   609   619
   550  0.5   26 | +669.8 +680.4 +768.7  +46.9  +73.4 +712.2  +73.4 +712.2  +23.8  |   +23.8 M3->FP x M2  |    63   123 |   549    35   123 |   609   671
   550  0.5   28 | +722.1 +734.9 +826.4  +52.7  +76.9 +752.4  +76.8 +752.4  +29.2  |   +29.2 M3->FP x M2  |    63   123 |   549    35   123 |   609   726
   550  0.5   30 | +773.4 +788.5 +883.1  +58.1  +80.6 +794.0  +79.9 +795.8  +34.7  |   +34.7 M3->FP x M2  |    63   123 |   549    35   123 |   609   782
   550  0.6   22 | +491.0 +488.2 +587.2  +26.5  +78.3 +581.4  +78.3 +581.4   +6.2  |    +6.2 M3->FP x M2  |    76   149 |   469    42   138 |   622   501
   550  0.6   24 | +538.9 +538.1 +641.3  +34.2  +80.4 +607.2  +80.4 +607.2  +11.2  |   +11.2 M3->FP x M2  |    76   149 |   469    42   138 |   622   544
   550  0.6   26 | +586.3 +587.4 +694.5  +41.5  +82.8 +635.9  +82.8 +635.9  +16.4  |   +16.4 M3->FP x M2  |    76   149 |   469    42   138 |   622   589
   550  0.6   28 | +632.9 +636.0 +746.9  +48.5  +85.6 +667.3  +85.6 +667.3  +21.8  |   +21.8 M3->FP x M2  |    76   149 |   469    42   138 |   622   635
   550  0.6   30 | +678.7 +683.7 +798.4  +55.2  +88.8 +701.5  +88.8 +701.5  +27.3  |   +27.3 M3->FP x M2  |    76   149 |   469    42   138 |   622   683
   550  0.7   26 | +525.5 +517.2 +643.3  +34.2  +93.4 +580.8  +93.4 +580.8   +9.0  |    +9.0 M3->FP x M2  |    89   175 |   412    49   153 |   636   532
   550  0.7   28 | +568.1 +561.5 +692.0  +42.2  +95.7 +606.0  +95.7 +606.0  +14.3  |   +14.3 M3->FP x M2  |    89   175 |   412    49   153 |   636   572
   550  0.7   30 | +610.0 +605.0 +739.9  +50.0  +98.3 +633.8  +98.3 +633.8  +19.9  |   +19.9 M3->FP x M2  |    89   175 |   412    49   153 |   636   614
   550  0.8   28 | +518.7 +502.2 +652.4  +34.5 +106.5 +559.1 +106.5 +559.1   +6.9  |    +6.9 M3->FP x M2  |   102   201 |   369    56   167 |   649   527
   550  0.8   30 | +557.7 +542.5 +697.7  +43.1 +108.7 +582.0 +108.7 +582.0  +12.5  |   +12.5 M3->FP x M2  |   102   201 |   369    56   167 |   649   564
   550  0.9   30 | +516.1 +490.9 +666.2  +35.3 +119.5 +540.4 +119.5 +540.4   +5.2  |    +5.2 M3->FP x M2  |   115   227 |   336    63   182 |   662   527
   600  0.3   14 | +576.7 +587.3 +626.7  +21.6  +39.6 +728.9  +39.6 +728.9   +9.3  |    +9.3 M3->FP x M2  |    38    72 |   941    21    95 |   634   591
   600  0.3   16 | +664.8 +678.6 +720.1  +27.3  +42.2 +781.9  +42.2 +781.9  +13.9  |   +13.9 M3->FP x M2  |    38    72 |   941    21    95 |   634   671
   600  0.3   18 | +752.2 +769.0 +812.6  +32.4  +45.3 +840.3  +45.1 +840.3  +18.5  |   +18.5 M3->FP x M2  |    38    72 |   941    21    95 |   634   752
   600  0.3   20 | +838.6 +858.4 +904.2  +36.8  +48.7 +900.3  +47.6 +903.6  +23.2  |   +23.2 M3->FP x M2  |    38    72 |   941    21    95 |   634   835
   600  0.3   22 | +924.0 +946.9 +994.7  +40.6  +52.4 +961.4  +49.9 +971.6  +28.1  |   +28.1 M3->FP x M2  |    38    72 |   941    21    95 |   634   921
   600  0.3   24 | +1008.2 +1034.1 +1083.9  +44.0  +56.5 +1026.9  +51.8 +1044.1  +33.1  |   +33.1 M3->FP x M2  |    38    72 |   941    21    95 |   634  1008
   600  0.3   26 | +1091.3 +1120.1 +1171.8  +47.1  +60.8 +1096.9  +53.6 +1121.2  +38.3  |   +38.3 M3->FP x M2  |    38    72 |   941    21    95 |   634  1099
   600  0.3   28 | +1173.0 +1204.8 +1258.3  +50.6  +65.5 +1171.3  +55.1 +1202.8  +43.6  |   +43.6 M3->FP x M2  |    38    72 |   941    21    95 |   634  1193
   600  0.3   30 | +1253.6 +1291.2 +1343.9  +54.6  +70.5 +1250.3  +56.5 +1289.1  +49.2  |   +49.2 M3->FP x M2  |    38    72 |   941    21    95 |   634  1290
   600  0.4   16 | +524.4 +530.8 +587.0  +20.9  +51.3 +676.4  +51.3 +676.4   +6.6  |    +6.6 M3->FP x M2  |    51    97 |   723    28   109 |   646   533
   600  0.4   18 | +595.1 +604.2 +663.2  +27.6  +53.5 +714.3  +53.5 +714.3  +11.3  |   +11.3 M3->FP x M2  |    51    97 |   723    28   109 |   646   595
   600  0.4   20 | +665.0 +676.8 +738.7  +33.8  +56.1 +756.4  +56.1 +756.4  +16.0  |   +16.0 M3->FP x M2  |    51    97 |   723    28   109 |   646   659
   600  0.4   22 | +734.1 +748.6 +813.3  +39.4  +59.1 +802.5  +59.1 +802.5  +20.9  |   +20.9 M3->FP x M2  |    51    97 |   723    28   109 |   646   724
   600  0.4   24 | +802.4 +819.5 +886.8  +44.5  +62.4 +852.5  +62.1 +852.5  +25.9  |   +25.9 M3->FP x M2  |    51    97 |   723    28   109 |   646   791
   600  0.4   26 | +869.6 +889.4 +959.3  +49.2  +66.1 +901.2  +64.8 +906.3  +31.1  |   +31.1 M3->FP x M2  |    51    97 |   723    28   109 |   646   861
   600  0.4   28 | +935.9 +958.2 +1030.6  +53.5  +70.1 +951.3  +67.3 +964.1  +36.4  |   +36.4 M3->FP x M2  |    51    97 |   723    28   109 |   646   932
   600  0.4   30 | +1000.9 +1025.8 +1100.7  +57.3  +74.5 +1005.2  +69.5 +1025.8  +42.0  |   +42.0 M3->FP x M2  |    51    97 |   723    28   109 |   646  1007
   600  0.5   20 | +559.4 +562.9 +641.3  +27.1  +65.7 +672.0  +65.7 +672.0   +8.7  |    +8.7 M3->FP x M2  |    63   123 |   592    35   124 |   659   556
   600  0.5   22 | +618.8 +624.6 +706.5  +34.2  +68.0 +705.2  +68.0 +705.2  +13.6  |   +13.6 M3->FP x M2  |    63   123 |   592    35   124 |   659   609
   600  0.5   24 | +677.4 +685.6 +770.8  +40.7  +70.7 +741.8  +70.7 +741.8  +18.6  |   +18.6 M3->FP x M2  |    63   123 |   592    35   124 |   659   664
   600  0.5   26 | +735.2 +745.7 +834.2  +46.9  +73.7 +781.7  +73.7 +781.7  +23.7  |   +23.7 M3->FP x M2  |    63   123 |   592    35   124 |   659   721
   600  0.5   28 | +792.1 +804.9 +896.6  +52.7  +77.1 +825.0  +77.0 +825.0  +29.1  |   +29.1 M3->FP x M2  |    63   123 |   592    35   124 |   659   779
   600  0.5   30 | +848.1 +863.1 +957.9  +58.0  +80.9 +870.1  +80.1 +871.8  +34.7  |   +34.7 M3->FP x M2  |    63   123 |   592    35   124 |   659   840
   600  0.6   22 | +540.6 +537.8 +637.0  +26.5  +78.5 +641.4  +78.5 +641.4   +6.2  |    +6.2 M3->FP x M2  |    76   149 |   505    42   138 |   673   535
   600  0.6   24 | +592.9 +592.0 +695.3  +34.2  +80.6 +669.3  +80.6 +669.3  +11.2  |   +11.2 M3->FP x M2  |    76   149 |   505    42   138 |   673   582
   600  0.6   26 | +644.4 +645.5 +752.8  +41.6  +83.0 +700.0  +83.0 +700.0  +16.4  |   +16.4 M3->FP x M2  |    76   149 |   505    42   138 |   673   630
   600  0.6   28 | +695.2 +698.2 +809.3  +48.6  +85.8 +733.7  +85.8 +733.7  +21.7  |   +21.7 M3->FP x M2  |    76   149 |   505    42   138 |   673   679
   600  0.6   30 | +745.1 +750.0 +864.9  +55.2  +89.0 +770.5  +89.0 +770.5  +27.3  |   +27.3 M3->FP x M2  |    76   149 |   505    42   138 |   673   731
   600  0.7   26 | +578.5 +570.1 +696.3  +34.3  +93.5 +641.5  +93.5 +641.5   +8.9  |    +8.9 M3->FP x M2  |    89   175 |   443    49   153 |   686   567
   600  0.7   28 | +624.9 +618.1 +748.8  +42.3  +95.8 +668.6  +95.8 +668.6  +14.3  |   +14.3 M3->FP x M2  |    89   175 |   443    49   153 |   686   610
   600  0.7   30 | +670.5 +665.4 +800.5  +50.0  +98.4 +698.3  +98.4 +698.3  +19.9  |   +19.9 M3->FP x M2  |    89   175 |   443    49   153 |   686   655
   600  0.8   28 | +571.2 +554.8 +705.0  +34.6 +106.6 +618.9 +106.6 +618.9   +6.9  |    +6.9 M3->FP x M2  |   102   201 |   396    56   167 |   699   560
   600  0.8   30 | +613.7 +598.5 +753.7  +43.2 +108.8 +643.4 +108.8 +643.4  +12.5  |   +12.5 M3->FP x M2  |   102   201 |   396    56   167 |   699   601
   600  0.9   30 | +568.7 +543.5 +718.8  +35.3 +119.6 +599.6 +119.6 +599.6   +5.2  |    +5.2 M3->FP x M2  |   115   227 |   360    63   182 |   712   560
