% MACOS prescription emitted by tma_longslit (templates/10_telescopes/tma_longslit)
% Zig-zag long-slit TMA: three off-axis conic sections, element stop on M2, telecentric slit
% Source Definition
         ChfRayDir=  0.0000000000000000E+00  2.7606692804983585E-01  -9.6113841419283974E-01
         ChfRayPos=  6.0605411176721774E-19  -4.6183451735836600E-01  3.0416777701972109E-01
          zSource=1.0E+22
        BaseUnits=  m
        WaveUnits=  m
           IndRef=1.0E+00
           Extinc=0.0E+00
          Wavelen=6.3300000000000002E-07
             Flux=1.0E+00
         Aperture=1.8300000000000000E-01
         Obscratn=0.0E+00
            ApStop=  1.9400269002538375E-15  -2.0048504931848288E-01  -6.0576034134876267E-01
         GridType=  Circular
         nGridpts=  41
             xGrid=  1.0000000000000000E+00  0.0000000000000000E+00  0.0000000000000000E+00
             yGrid=  0.0000000000000000E+00  -9.6113841419283974E-01  -2.7606692804983585E-01
% Element Definitions
             nElt=  11
             iElt=  1
          EltName=  M1
          Element=  Reflector
          Surface=  Monomial
            KrElt=-1.5187500000000018E+00
            KcElt=-2.5778926567489302E-01
          MonCoef=  0.0000000000000000E+00 0.0000000000000000E+00 0.0000000000000000E+00 0.0000000000000000E+00 0.0000000000000000E+00 0.0000000000000000E+00
                    -6.5192988331160358E-06 0.0000000000000000E+00 -2.7472747790400695E-04 0.0000000000000000E+00 -1.3998239819221504E-04 0.0000000000000000E+00
                    1.0643363363541551E-04 0.0000000000000000E+00 -5.8913625317436378E-05 0.0000000000000000E+00 0.0000000000000000E+00 0.0000000000000000E+00
                    0.0000000000000000E+00 0.0000000000000000E+00 0.0000000000000000E+00 0.0000000000000000E+00 0.0000000000000000E+00 0.0000000000000000E+00
                    0.0000000000000000E+00 0.0000000000000000E+00 0.0000000000000000E+00 0.0000000000000000E+00 0.0000000000000000E+00 0.0000000000000000E+00
                    0.0000000000000000E+00 0.0000000000000000E+00 0.0000000000000000E+00 0.0000000000000000E+00 0.0000000000000000E+00 0.0000000000000000E+00
                    0.0000000000000000E+00 0.0000000000000000E+00 0.0000000000000000E+00 0.0000000000000000E+00 0.0000000000000000E+00 0.0000000000000000E+00
                    0.0000000000000000E+00 0.0000000000000000E+00 0.0000000000000000E+00 0.0000000000000000E+00 0.0000000000000000E+00 0.0000000000000000E+00
                    0.0000000000000000E+00 0.0000000000000000E+00 0.0000000000000000E+00 0.0000000000000000E+00 0.0000000000000000E+00 0.0000000000000000E+00
                    0.0000000000000000E+00 0.0000000000000000E+00 0.0000000000000000E+00 0.0000000000000000E+00 0.0000000000000000E+00 0.0000000000000000E+00
                    0.0000000000000000E+00 0.0000000000000000E+00 0.0000000000000000E+00 0.0000000000000000E+00 0.0000000000000000E+00 0.0000000000000000E+00
                    0.0000000000000000E+00 0.0000000000000000E+00 0.0000000000000000E+00 0.0000000000000000E+00 0.0000000000000000E+00 0.0000000000000000E+00
                    0.0000000000000000E+00 0.0000000000000000E+00 0.0000000000000000E+00 0.0000000000000000E+00 0.0000000000000000E+00 0.0000000000000000E+00
                    0.0000000000000000E+00 0.0000000000000000E+00 0.0000000000000000E+00 0.0000000000000000E+00 0.0000000000000000E+00 0.0000000000000000E+00
                    0.0000000000000000E+00 0.0000000000000000E+00 0.0000000000000000E+00 0.0000000000000000E+00 0.0000000000000000E+00 0.0000000000000000E+00
                    0.0000000000000000E+00 0.0000000000000000E+00 0.0000000000000000E+00 0.0000000000000000E+00 0.0000000000000000E+00 0.0000000000000000E+00
                    0.0000000000000000E+00 0.0000000000000000E+00 0.0000000000000000E+00 0.0000000000000000E+00 0.0000000000000000E+00 0.0000000000000000E+00
                    0.0000000000000000E+00 0.0000000000000000E+00 0.0000000000000000E+00 0.0000000000000000E+00 0.0000000000000000E+00 0.0000000000000000E+00
                    0.0000000000000000E+00 0.0000000000000000E+00 0.0000000000000000E+00 0.0000000000000000E+00 0.0000000000000000E+00 0.0000000000000000E+00
                    0.0000000000000000E+00 0.0000000000000000E+00 0.0000000000000000E+00 0.0000000000000000E+00 0.0000000000000000E+00 0.0000000000000000E+00
             lMon=1.1993935917734105E-01
              pMon=  6.0605411176721774E-19  -2.9619436052846454E-01  -2.7251527149598276E-01
              xMon=  1.0000000000000000E+00  0.0000000000000000E+00  0.0000000000000000E+00
              yMon=  0.0000000000000000E+00  9.7040374726900702E-01  -2.4148823426053134E-01
              zMon=  0.0000000000000000E+00  2.4148823426053134E-01  9.7040374726900702E-01
            psiElt=  0.0000000000000000E+00  -9.1365357416772464E-01  4.0649372247372034E-01
            VptElt=  6.0605411176721774E-19  1.9001325478245297E+00  6.4053377328116723E-01
            RptElt=  6.0605411176721774E-19  -2.9619436052846454E-01  -2.7251527149598276E-01
           IndRef=1.0E+00
           Extinc=0.0E+00
             nObs=  0
           ApType=  None
         PropType=  Geometric
             zElt=2.5826086956521743E-01
          nECoord=  6
             TElt=  1.0000000000000000E+00  0.0000000000000000E+00  0.0000000000000000E+00  0.0000000000000000E+00  0.0000000000000000E+00  0.0000000000000000E+00
                     0.0000000000000000E+00  6.9433681921917101E-01  7.1965017993230862E-01  0.0000000000000000E+00  0.0000000000000000E+00  0.0000000000000000E+00
                     0.0000000000000000E+00  -7.1965017993230862E-01  6.9433681921917101E-01  0.0000000000000000E+00  0.0000000000000000E+00  0.0000000000000000E+00
                     0.0000000000000000E+00  0.0000000000000000E+00  0.0000000000000000E+00  1.0000000000000000E+00  0.0000000000000000E+00  0.0000000000000000E+00
                     0.0000000000000000E+00  0.0000000000000000E+00  0.0000000000000000E+00  0.0000000000000000E+00  6.9433681921917101E-01  7.1965017993230862E-01
                     0.0000000000000000E+00  0.0000000000000000E+00  0.0000000000000000E+00  0.0000000000000000E+00  -7.1965017993230862E-01  6.9433681921917101E-01
             iElt=  2
          EltName=  M2
          Element=  Reflector
          Surface=  Monomial
            KrElt=-5.7662865581393996E-01
            KcElt=-6.9770645422017807E-01
          MonCoef=  0.0000000000000000E+00 0.0000000000000000E+00 0.0000000000000000E+00 0.0000000000000000E+00 0.0000000000000000E+00 0.0000000000000000E+00
                    2.4938157569190730E-04 0.0000000000000000E+00 -7.2405831550508644E-04 0.0000000000000000E+00 4.5079608291660633E-05 0.0000000000000000E+00
                    3.4685145675451482E-04 0.0000000000000000E+00 1.2066927414613635E-04 0.0000000000000000E+00 0.0000000000000000E+00 0.0000000000000000E+00
                    0.0000000000000000E+00 0.0000000000000000E+00 0.0000000000000000E+00 0.0000000000000000E+00 0.0000000000000000E+00 0.0000000000000000E+00
                    0.0000000000000000E+00 0.0000000000000000E+00 0.0000000000000000E+00 0.0000000000000000E+00 0.0000000000000000E+00 0.0000000000000000E+00
                    0.0000000000000000E+00 0.0000000000000000E+00 0.0000000000000000E+00 0.0000000000000000E+00 0.0000000000000000E+00 0.0000000000000000E+00
                    0.0000000000000000E+00 0.0000000000000000E+00 0.0000000000000000E+00 0.0000000000000000E+00 0.0000000000000000E+00 0.0000000000000000E+00
                    0.0000000000000000E+00 0.0000000000000000E+00 0.0000000000000000E+00 0.0000000000000000E+00 0.0000000000000000E+00 0.0000000000000000E+00
                    0.0000000000000000E+00 0.0000000000000000E+00 0.0000000000000000E+00 0.0000000000000000E+00 0.0000000000000000E+00 0.0000000000000000E+00
                    0.0000000000000000E+00 0.0000000000000000E+00 0.0000000000000000E+00 0.0000000000000000E+00 0.0000000000000000E+00 0.0000000000000000E+00
                    0.0000000000000000E+00 0.0000000000000000E+00 0.0000000000000000E+00 0.0000000000000000E+00 0.0000000000000000E+00 0.0000000000000000E+00
                    0.0000000000000000E+00 0.0000000000000000E+00 0.0000000000000000E+00 0.0000000000000000E+00 0.0000000000000000E+00 0.0000000000000000E+00
                    0.0000000000000000E+00 0.0000000000000000E+00 0.0000000000000000E+00 0.0000000000000000E+00 0.0000000000000000E+00 0.0000000000000000E+00
                    0.0000000000000000E+00 0.0000000000000000E+00 0.0000000000000000E+00 0.0000000000000000E+00 0.0000000000000000E+00 0.0000000000000000E+00
                    0.0000000000000000E+00 0.0000000000000000E+00 0.0000000000000000E+00 0.0000000000000000E+00 0.0000000000000000E+00 0.0000000000000000E+00
                    0.0000000000000000E+00 0.0000000000000000E+00 0.0000000000000000E+00 0.0000000000000000E+00 0.0000000000000000E+00 0.0000000000000000E+00
                    0.0000000000000000E+00 0.0000000000000000E+00 0.0000000000000000E+00 0.0000000000000000E+00 0.0000000000000000E+00 0.0000000000000000E+00
                    0.0000000000000000E+00 0.0000000000000000E+00 0.0000000000000000E+00 0.0000000000000000E+00 0.0000000000000000E+00 0.0000000000000000E+00
                    0.0000000000000000E+00 0.0000000000000000E+00 0.0000000000000000E+00 0.0000000000000000E+00 0.0000000000000000E+00 0.0000000000000000E+00
                    0.0000000000000000E+00 0.0000000000000000E+00 0.0000000000000000E+00 0.0000000000000000E+00 0.0000000000000000E+00 0.0000000000000000E+00
             lMon=8.5346655273544153E-02
              pMon=  6.0605411176721774E-19  -1.1687432982577420E-01  -8.6657790243899635E-02
              xMon=  1.0000000000000000E+00  0.0000000000000000E+00  0.0000000000000000E+00
              yMon=  0.0000000000000000E+00  9.9260051743957034E-01  -1.2142575006437994E-01
              zMon=  -0.0000000000000000E+00  1.2142575006437994E-01  9.9260051743957034E-01
            psiElt=  0.0000000000000000E+00  7.9936142161717716E-01  6.0085049524001000E-01
            VptElt=  6.0605411176721774E-19  -6.3023104782536177E-01  1.7824622067073925E-01
            RptElt=  6.0605411176721774E-19  -1.1687432982577420E-01  -8.6657790243899635E-02
           IndRef=1.0E+00
           Extinc=0.0E+00
             nObs=  0
           ApType=  None
         PropType=  Geometric
             zElt=2.4582608695652178E-01
          nECoord=  6
             TElt=  1.0000000000000000E+00  0.0000000000000000E+00  0.0000000000000000E+00  0.0000000000000000E+00  0.0000000000000000E+00  0.0000000000000000E+00
                     0.0000000000000000E+00  7.7686463276861117E-01  6.2966764435953892E-01  0.0000000000000000E+00  0.0000000000000000E+00  0.0000000000000000E+00
                     0.0000000000000000E+00  -6.2966764435953892E-01  7.7686463276861117E-01  0.0000000000000000E+00  0.0000000000000000E+00  0.0000000000000000E+00
                     0.0000000000000000E+00  0.0000000000000000E+00  0.0000000000000000E+00  1.0000000000000000E+00  0.0000000000000000E+00  0.0000000000000000E+00
                     0.0000000000000000E+00  0.0000000000000000E+00  0.0000000000000000E+00  0.0000000000000000E+00  7.7686463276861117E-01  6.2966764435953892E-01
                     0.0000000000000000E+00  0.0000000000000000E+00  0.0000000000000000E+00  0.0000000000000000E+00  -6.2966764435953892E-01  7.7686463276861117E-01
             iElt=  3
          EltName=  M3
          Element=  Reflector
          Surface=  Monomial
            KrElt=-4.5871772317379206E-01
            KcElt=-2.1149938611829777E-01
          MonCoef=  0.0000000000000000E+00 0.0000000000000000E+00 0.0000000000000000E+00 0.0000000000000000E+00 0.0000000000000000E+00 0.0000000000000000E+00
                    4.2484185907581555E-04 0.0000000000000000E+00 -5.5420179105130079E-04 0.0000000000000000E+00 2.6884961595071522E-04 0.0000000000000000E+00
                    2.3211428764310162E-04 0.0000000000000000E+00 1.0429844364391813E-04 0.0000000000000000E+00 0.0000000000000000E+00 0.0000000000000000E+00
                    0.0000000000000000E+00 0.0000000000000000E+00 0.0000000000000000E+00 0.0000000000000000E+00 0.0000000000000000E+00 0.0000000000000000E+00
                    0.0000000000000000E+00 0.0000000000000000E+00 0.0000000000000000E+00 0.0000000000000000E+00 0.0000000000000000E+00 0.0000000000000000E+00
                    0.0000000000000000E+00 0.0000000000000000E+00 0.0000000000000000E+00 0.0000000000000000E+00 0.0000000000000000E+00 0.0000000000000000E+00
                    0.0000000000000000E+00 0.0000000000000000E+00 0.0000000000000000E+00 0.0000000000000000E+00 0.0000000000000000E+00 0.0000000000000000E+00
                    0.0000000000000000E+00 0.0000000000000000E+00 0.0000000000000000E+00 0.0000000000000000E+00 0.0000000000000000E+00 0.0000000000000000E+00
                    0.0000000000000000E+00 0.0000000000000000E+00 0.0000000000000000E+00 0.0000000000000000E+00 0.0000000000000000E+00 0.0000000000000000E+00
                    0.0000000000000000E+00 0.0000000000000000E+00 0.0000000000000000E+00 0.0000000000000000E+00 0.0000000000000000E+00 0.0000000000000000E+00
                    0.0000000000000000E+00 0.0000000000000000E+00 0.0000000000000000E+00 0.0000000000000000E+00 0.0000000000000000E+00 0.0000000000000000E+00
                    0.0000000000000000E+00 0.0000000000000000E+00 0.0000000000000000E+00 0.0000000000000000E+00 0.0000000000000000E+00 0.0000000000000000E+00
                    0.0000000000000000E+00 0.0000000000000000E+00 0.0000000000000000E+00 0.0000000000000000E+00 0.0000000000000000E+00 0.0000000000000000E+00
                    0.0000000000000000E+00 0.0000000000000000E+00 0.0000000000000000E+00 0.0000000000000000E+00 0.0000000000000000E+00 0.0000000000000000E+00
                    0.0000000000000000E+00 0.0000000000000000E+00 0.0000000000000000E+00 0.0000000000000000E+00 0.0000000000000000E+00 0.0000000000000000E+00
                    0.0000000000000000E+00 0.0000000000000000E+00 0.0000000000000000E+00 0.0000000000000000E+00 0.0000000000000000E+00 0.0000000000000000E+00
                    0.0000000000000000E+00 0.0000000000000000E+00 0.0000000000000000E+00 0.0000000000000000E+00 0.0000000000000000E+00 0.0000000000000000E+00
                    0.0000000000000000E+00 0.0000000000000000E+00 0.0000000000000000E+00 0.0000000000000000E+00 0.0000000000000000E+00 0.0000000000000000E+00
                    0.0000000000000000E+00 0.0000000000000000E+00 0.0000000000000000E+00 0.0000000000000000E+00 0.0000000000000000E+00 0.0000000000000000E+00
                    0.0000000000000000E+00 0.0000000000000000E+00 0.0000000000000000E+00 0.0000000000000000E+00 0.0000000000000000E+00 0.0000000000000000E+00
             lMon=1.1008310017669293E-01
              pMon=  6.0605411176721774E-19  6.1338452871343430E-03  -2.9949447383896843E-01
              xMon=  1.0000000000000000E+00  0.0000000000000000E+00  0.0000000000000000E+00
              yMon=  0.0000000000000000E+00  9.6581006038919781E-01  2.5925070347255402E-01
              zMon=  0.0000000000000000E+00  -2.5925070347255402E-01  9.6581006038919781E-01
            psiElt=  0.0000000000000000E+00  -7.5784004852829112E-01  6.5244038873037058E-01
            VptElt=  6.0605411176721774E-19  2.4409994461892121E-01  -1.5169663300497582E-01
            RptElt=  6.0605411176721774E-19  6.1338452871343430E-03  -2.9949447383896843E-01
           IndRef=1.0E+00
           Extinc=0.0E+00
             nObs=  0
           ApType=  None
         PropType=  Geometric
             zElt=2.9939130434782613E-01
          nECoord=  6
             TElt=  1.0000000000000000E+00  0.0000000000000000E+00  0.0000000000000000E+00  0.0000000000000000E+00  0.0000000000000000E+00  0.0000000000000000E+00
                     0.0000000000000000E+00  9.5617399592476160E-01  2.9279905996651329E-01  0.0000000000000000E+00  0.0000000000000000E+00  0.0000000000000000E+00
                     0.0000000000000000E+00  -2.9279905996651329E-01  9.5617399592476160E-01  0.0000000000000000E+00  0.0000000000000000E+00  0.0000000000000000E+00
                     0.0000000000000000E+00  0.0000000000000000E+00  0.0000000000000000E+00  1.0000000000000000E+00  0.0000000000000000E+00  0.0000000000000000E+00
                     0.0000000000000000E+00  0.0000000000000000E+00  0.0000000000000000E+00  0.0000000000000000E+00  9.5617399592476160E-01  2.9279905996651329E-01
                     0.0000000000000000E+00  0.0000000000000000E+00  0.0000000000000000E+00  0.0000000000000000E+00  -2.9279905996651329E-01  9.5617399592476160E-01
             iElt=  4
          EltName=  Slit
          Element=  Reference
          Surface=  Flat
            KrElt=  -1.0000000000E+22
            KcElt=  0.0000000000E+00
           psiElt=  0  0  -1
           VptElt=  0  0.006  0
           RptElt=  0  0.006  0
           IndRef=  1.000000E+00
           Extinc=  0.000000E+00
            nCoat=  0
             nObs=  0
           ApType=  None
         PropType=  Geometric
             zElt=  1.000000000000000E+22
          nECoord=  -6
             iElt=  5
          EltName=  BlockFaceIn
          Element=  Refractor
          Surface=  Flat
            KrElt=  -1.0000000000E+22
            KcElt=  0.0000000000E+00
           psiElt=  0  0  -1
           VptElt=  0  0  0.000505865417148695
           RptElt=  0  0  0.000505865417148695
           IndRef=  1.000000E+00
         GlassElt=  CaF2
           Extinc=  0.000000E+00
            nCoat=  0
             xObs=  1  0  0
             nObs=  0
           ApType=  Circular
            ApVec=  3.214698935163E-02  0.000000000000E+00  -5.999886348488E-03
         PropType=  Geometric
             zElt=  1.000000000000000E+22
          nECoord=  -6
             iElt=  6
          EltName=  BlockSphereOut
          Element=  Refractor
          Surface=  Aspheric
            KrElt=  -2.4000000000E-01
            KcElt=  4.3222244101E-02
         AsphCoef=  -4.790114882418359E-01  -5.990816176234596E+00  0.000000000000000E+00  0.000000000000000E+00  
           psiElt=  0  0  -1
           VptElt=  0  8.02005461145238E-05  0.23945416452232
           RptElt=  0  8.02005461145238E-05  0.23945416452232
           IndRef=  1.000000E+00
           Extinc=  0.000000E+00
            nCoat=  0
             xObs=  1  0  0
             nObs=  0
           ApType=  Circular
            ApVec=  7.732802471989E-02  0.000000000000E+00  -5.604266620435E-03
         PropType=  Geometric
             zElt=  1.000000000000000E+22
          nECoord=  -6
             iElt=  7
          EltName=  Grating
          Element=  Grating
          Surface=  Conic
            KrElt=  -7.8722763365E-01
            KcElt=  0.0000000000E+00
           psiElt=  0  0  -1
           VptElt=  0  0  0.787227633649512
           RptElt=  0  0  0.787227633649512
           IndRef=  1.000000E+00
           Extinc=  1.000000E+22
            h1HOE=  0  1  0
         OrderHOE=  -1
        RuleWidth=  1.309659582240E-04
            nCoat=  0
             xObs=  1  0  0
             nObs=  0
           ApType=  Circular
            ApVec=  1.542168133170E-01  0.000000000000E+00  -2.781747762096E-06
         PropType=  Geometric
             zElt=  1.000000000000000E+22
          nECoord=  -6
             iElt=  8
          EltName=  BlockSphereIn
          Element=  Refractor
          Surface=  Aspheric
            KrElt=  -2.4000000000E-01
            KcElt=  4.3222244101E-02
         AsphCoef=  -4.790114882418359E-01  -5.990816176234596E+00  0.000000000000000E+00  0.000000000000000E+00  
           psiElt=  0  0  -1
           VptElt=  0  8.02005461145238E-05  0.23945416452232
           RptElt=  0  8.02005461145238E-05  0.23945416452232
           IndRef=  1.000000E+00
         GlassElt=  CaF2
           Extinc=  0.000000E+00
            nCoat=  0
             xObs=  1  0  0
             nObs=  0
           ApType=  Circular
            ApVec=  7.736790936587E-02  0.000000000000E+00  1.193121090645E-02
         PropType=  Geometric
             zElt=  1.000000000000000E+22
          nECoord=  -6
             iElt=  9
          EltName=  BlockFaceOut
          Element=  Refractor
          Surface=  Flat
            KrElt=  -1.0000000000E+22
            KcElt=  0.0000000000E+00
           psiElt=  0  0  1
           VptElt=  0  0  0.000505865417148695
           RptElt=  0  0  0.000505865417148695
           IndRef=  1.000000E+00
           Extinc=  0.000000E+00
            nCoat=  0
             xObs=  1  0  0
             nObs=  0
           ApType=  Circular
            ApVec=  3.250563990160E-02  0.000000000000E+00  -1.203483120635E-02
         PropType=  Geometric
             zElt=  1.000000000000000E+22
          nECoord=  -6
             iElt=  10
          EltName=  PreFPA
          Element=  Reference
          Surface=  Flat
            KrElt=  -1.0000000000E+22
            KcElt=  0.0000000000E+00
           psiElt=  0  0  1
           VptElt=  0  0  0.00107656588446398
           RptElt=  0  0  0.00107656588446398
           IndRef=  1.000000E+00
           Extinc=  0.000000E+00
            nCoat=  0
             nObs=  0
           ApType=  None
         PropType=  Geometric
             zElt=  1.000000000000000E+22
          nECoord=  -6
             iElt=  11
          EltName=  FPA
          Element=  FocalPlane
          Surface=  Flat
            KrElt=  -1.0000000000E+22
            KcElt=  0.0000000000E+00
           psiElt=  0  0  1
           VptElt=  0  0  7.65658844639804E-05
           RptElt=  0  0  7.65658844639804E-05
           IndRef=  1.000000E+00
           Extinc=  0.000000E+00
            nCoat=  0
             nObs=  0
           ApType=  None
         PropType=  Geometric
             zElt=  1.000000000000000E+22
          nECoord=  -6

         nOutCord=  5
             Tout=  1.0D+00  0.0D+00  0.0D+00  0.0D+00  0.0D+00  0.0D+00  0.0D+00
                    0.0D+00  1.0D+00  0.0D+00  0.0D+00  0.0D+00  0.0D+00  0.0D+00
                    0.0D+00  0.0D+00  0.0D+00  1.0D+00  0.0D+00  0.0D+00  0.0D+00
                    0.0D+00  0.0D+00  0.0D+00  0.0D+00  1.0D+00  0.0D+00  0.0D+00
                    0.0D+00  0.0D+00  0.0D+00  0.0D+00  0.0D+00  0.0D+00  1.0D+00
