% MACOS prescription emitted by tma_longslit (templates/10_telescopes/tma_longslit)
% Zig-zag long-slit TMA: three off-axis conic sections, element stop on M2, telecentric slit
% Source Definition
         ChfRayDir=  0.0000000000000000E+00  2.7651116325355979E-01  -9.6101070576563463E-01
         ChfRayPos=  -2.4328341561505637E-20  -4.6197515709442438E-01  3.0405884162660757E-01
          zSource=1.0E+22
        BaseUnits=  m
        WaveUnits=  m
           IndRef=1.0E+00
           Extinc=0.0E+00
          Wavelen=6.3300000000000002E-07
             Flux=1.0E+00
         Aperture=1.8300000000000000E-01
         Obscratn=0.0E+00
            ApStop=  1.9393965178005088E-15  -2.0020494639152392E-01  -6.0574846163347029E-01
         GridType=  Circular
         nGridpts=  41
             xGrid=  1.0000000000000000E+00  0.0000000000000000E+00  0.0000000000000000E+00
             yGrid=  0.0000000000000000E+00  -9.6101070576563463E-01  -2.7651116325355979E-01
% Element Definitions
             nElt=  11
             iElt=  1
          EltName=  M1
          Element=  Reflector
          Surface=  Monomial
            KrElt=-1.5187500000000023E+00
            KcElt=-3.9667829816275646E-01
          MonCoef=  0.0000000000000000E+00 0.0000000000000000E+00 0.0000000000000000E+00 0.0000000000000000E+00 0.0000000000000000E+00 0.0000000000000000E+00
                    -5.7923596441292148E-04 0.0000000000000000E+00 -2.0280144713238278E-04 0.0000000000000000E+00 -1.4002918651393647E-04 0.0000000000000000E+00
                    2.4684313082260119E-05 0.0000000000000000E+00 -3.3663340777392815E-05 -1.7559828317573788E-05 0.0000000000000000E+00 2.0259082960505043E-06
                    0.0000000000000000E+00 -8.8740777350866850E-06 0.0000000000000000E+00 -2.3488824039867979E-06 0.0000000000000000E+00 1.1409847422630161E-06
                    0.0000000000000000E+00 -5.2800861070102476E-06 0.0000000000000000E+00 -5.6211750909507667E-07 0.0000000000000000E+00 0.0000000000000000E+00
                    0.0000000000000000E+00 0.0000000000000000E+00 0.0000000000000000E+00 0.0000000000000000E+00 0.0000000000000000E+00 0.0000000000000000E+00
                    0.0000000000000000E+00 0.0000000000000000E+00 0.0000000000000000E+00 0.0000000000000000E+00 0.0000000000000000E+00 0.0000000000000000E+00
                    0.0000000000000000E+00 0.0000000000000000E+00 0.0000000000000000E+00 0.0000000000000000E+00 0.0000000000000000E+00 0.0000000000000000E+00
                    0.0000000000000000E+00 0.0000000000000000E+00 0.0000000000000000E+00 0.0000000000000000E+00 0.0000000000000000E+00 0.0000000000000000E+00
                    0.0000000000000000E+00 0.0000000000000000E+00 0.0000000000000000E+00 0.0000000000000000E+00 0.0000000000000000E+00 0.0000000000000000E+00
                    0.0000000000000000E+00 0.0000000000000000E+00 0.0000000000000000E+00 0.0000000000000000E+00 0.0000000000000000E+00 0.0000000000000000E+00
                    0.0000000000000000E+00 0.0000000000000000E+00 0.0000000000000000E+00 0.0000000000000000E+00 0.0000000000000000E+00 0.0000000000000000E+00
                    0.0000000000000000E+00 0.0000000000000000E+00 0.0000000000000000E+00 0.0000000000000000E+00 0.0000000000000000E+00 0.0000000000000000E+00
                    0.0000000000000000E+00 0.0000000000000000E+00 0.0000000000000000E+00 0.0000000000000000E+00 0.0000000000000000E+00 0.0000000000000000E+00
                    0.0000000000000000E+00 0.0000000000000000E+00 0.0000000000000000E+00 0.0000000000000000E+00 0.0000000000000000E+00 0.0000000000000000E+00
                    0.0000000000000000E+00 0.0000000000000000E+00 0.0000000000000000E+00 0.0000000000000000E+00 0.0000000000000000E+00 0.0000000000000000E+00
                    0.0000000000000000E+00 0.0000000000000000E+00 0.0000000000000000E+00 0.0000000000000000E+00 0.0000000000000000E+00 0.0000000000000000E+00
                    0.0000000000000000E+00 0.0000000000000000E+00 0.0000000000000000E+00 0.0000000000000000E+00 0.0000000000000000E+00 0.0000000000000000E+00
                    0.0000000000000000E+00 0.0000000000000000E+00 0.0000000000000000E+00 0.0000000000000000E+00 0.0000000000000000E+00 0.0000000000000000E+00
                    0.0000000000000000E+00 0.0000000000000000E+00 0.0000000000000000E+00 0.0000000000000000E+00 0.0000000000000000E+00 0.0000000000000000E+00
             lMon=1.0571967958867053E-01
              pMon=  -2.4328341561505637E-20  -2.9606845914228852E-01  -2.7254758183277317E-01
              xMon=  1.0000000000000000E+00  0.0000000000000000E+00  0.0000000000000000E+00
              yMon=  0.0000000000000000E+00  9.7051526612863204E-01  -2.4103966107524849E-01
              zMon=  0.0000000000000000E+00  2.4103966107524849E-01  9.7051526612863204E-01
            psiElt=  0.0000000000000000E+00  -6.2389301939871844E-01  7.8150975703797232E-01
            VptElt=  -2.4328341561505637E-20  1.2597371013970475E+00  1.0094152210089857E-02
            RptElt=  -2.4328341561505637E-20  -2.9606845914228852E-01  -2.7254758183277317E-01
           IndRef=1.0E+00
           Extinc=0.0E+00
             nObs=  0
           ApType=  None
         PropType=  Geometric
             zElt=2.5826086956521743E-01
          nECoord=  6
             TElt=  1.0000000000000000E+00  0.0000000000000000E+00  0.0000000000000000E+00  0.0000000000000000E+00  0.0000000000000000E+00  0.0000000000000000E+00
                     0.0000000000000000E+00  6.9400410287507208E-01  7.1997104469038642E-01  0.0000000000000000E+00  0.0000000000000000E+00  0.0000000000000000E+00
                     0.0000000000000000E+00  -7.1997104469038642E-01  6.9400410287507208E-01  0.0000000000000000E+00  0.0000000000000000E+00  0.0000000000000000E+00
                     0.0000000000000000E+00  0.0000000000000000E+00  0.0000000000000000E+00  1.0000000000000000E+00  0.0000000000000000E+00  0.0000000000000000E+00
                     0.0000000000000000E+00  0.0000000000000000E+00  0.0000000000000000E+00  0.0000000000000000E+00  6.9400410287507208E-01  7.1997104469038642E-01
                     0.0000000000000000E+00  0.0000000000000000E+00  0.0000000000000000E+00  0.0000000000000000E+00  -7.1997104469038642E-01  6.9400410287507208E-01
             iElt=  2
          EltName=  M2
          Element=  Reflector
          Surface=  Monomial
            KrElt=-5.7662865581393985E-01
            KcElt=-7.2812305120498111E-01
          MonCoef=  0.0000000000000000E+00 0.0000000000000000E+00 0.0000000000000000E+00 0.0000000000000000E+00 0.0000000000000000E+00 0.0000000000000000E+00
                    -5.9008773033893125E-04 0.0000000000000000E+00 -6.7341501143368388E-04 0.0000000000000000E+00 9.4539367042507482E-05 0.0000000000000000E+00
                    4.0592005777625333E-04 0.0000000000000000E+00 1.1516468015434499E-04 2.1925634329173546E-05 0.0000000000000000E+00 -4.5545198419031705E-05
                    0.0000000000000000E+00 -8.0280469019539837E-05 0.0000000000000000E+00 6.0320676933567862E-06 0.0000000000000000E+00 2.9289526492361786E-05
                    0.0000000000000000E+00 2.7066846078824319E-05 0.0000000000000000E+00 9.7291117017648806E-06 0.0000000000000000E+00 0.0000000000000000E+00
                    0.0000000000000000E+00 0.0000000000000000E+00 0.0000000000000000E+00 0.0000000000000000E+00 0.0000000000000000E+00 0.0000000000000000E+00
                    0.0000000000000000E+00 0.0000000000000000E+00 0.0000000000000000E+00 0.0000000000000000E+00 0.0000000000000000E+00 0.0000000000000000E+00
                    0.0000000000000000E+00 0.0000000000000000E+00 0.0000000000000000E+00 0.0000000000000000E+00 0.0000000000000000E+00 0.0000000000000000E+00
                    0.0000000000000000E+00 0.0000000000000000E+00 0.0000000000000000E+00 0.0000000000000000E+00 0.0000000000000000E+00 0.0000000000000000E+00
                    0.0000000000000000E+00 0.0000000000000000E+00 0.0000000000000000E+00 0.0000000000000000E+00 0.0000000000000000E+00 0.0000000000000000E+00
                    0.0000000000000000E+00 0.0000000000000000E+00 0.0000000000000000E+00 0.0000000000000000E+00 0.0000000000000000E+00 0.0000000000000000E+00
                    0.0000000000000000E+00 0.0000000000000000E+00 0.0000000000000000E+00 0.0000000000000000E+00 0.0000000000000000E+00 0.0000000000000000E+00
                    0.0000000000000000E+00 0.0000000000000000E+00 0.0000000000000000E+00 0.0000000000000000E+00 0.0000000000000000E+00 0.0000000000000000E+00
                    0.0000000000000000E+00 0.0000000000000000E+00 0.0000000000000000E+00 0.0000000000000000E+00 0.0000000000000000E+00 0.0000000000000000E+00
                    0.0000000000000000E+00 0.0000000000000000E+00 0.0000000000000000E+00 0.0000000000000000E+00 0.0000000000000000E+00 0.0000000000000000E+00
                    0.0000000000000000E+00 0.0000000000000000E+00 0.0000000000000000E+00 0.0000000000000000E+00 0.0000000000000000E+00 0.0000000000000000E+00
                    0.0000000000000000E+00 0.0000000000000000E+00 0.0000000000000000E+00 0.0000000000000000E+00 0.0000000000000000E+00 0.0000000000000000E+00
                    0.0000000000000000E+00 0.0000000000000000E+00 0.0000000000000000E+00 0.0000000000000000E+00 0.0000000000000000E+00 0.0000000000000000E+00
                    0.0000000000000000E+00 0.0000000000000000E+00 0.0000000000000000E+00 0.0000000000000000E+00 0.0000000000000000E+00 0.0000000000000000E+00
                    0.0000000000000000E+00 0.0000000000000000E+00 0.0000000000000000E+00 0.0000000000000000E+00 0.0000000000000000E+00 0.0000000000000000E+00
             lMon=8.5346655273544153E-02
              pMon=  -2.4328341561505637E-20  -1.1683435605194373E-01  -8.6607233769256053E-02
              xMon=  1.0000000000000000E+00  0.0000000000000000E+00  0.0000000000000000E+00
              yMon=  0.0000000000000000E+00  9.9265653773496698E-01  -1.2096692974539813E-01
              zMon=  -0.0000000000000000E+00  1.2096692974539813E-01  9.9265653773496698E-01
            psiElt=  0.0000000000000000E+00  7.8585642711369941E-01  6.1840898761587426E-01
            VptElt=  -2.4328341561505637E-20  -6.1895550768269636E-01  1.6624688508009627E-01
            RptElt=  -2.4328341561505637E-20  -1.1683435605194373E-01  -8.6607233769256053E-02
           IndRef=1.0E+00
           Extinc=0.0E+00
             nObs=  0
           ApType=  None
         PropType=  Geometric
             zElt=2.4582608695652178E-01
          nECoord=  6
             TElt=  1.0000000000000000E+00  0.0000000000000000E+00  0.0000000000000000E+00  0.0000000000000000E+00  0.0000000000000000E+00  0.0000000000000000E+00
                     0.0000000000000000E+00  7.7657350001907632E-01  6.3002666536276186E-01  0.0000000000000000E+00  0.0000000000000000E+00  0.0000000000000000E+00
                     0.0000000000000000E+00  -6.3002666536276186E-01  7.7657350001907632E-01  0.0000000000000000E+00  0.0000000000000000E+00  0.0000000000000000E+00
                     0.0000000000000000E+00  0.0000000000000000E+00  0.0000000000000000E+00  1.0000000000000000E+00  0.0000000000000000E+00  0.0000000000000000E+00
                     0.0000000000000000E+00  0.0000000000000000E+00  0.0000000000000000E+00  0.0000000000000000E+00  7.7657350001907632E-01  6.3002666536276186E-01
                     0.0000000000000000E+00  0.0000000000000000E+00  0.0000000000000000E+00  0.0000000000000000E+00  -6.3002666536276186E-01  7.7657350001907632E-01
             iElt=  3
          EltName=  M3
          Element=  Reflector
          Surface=  Monomial
            KrElt=-4.5871772317379211E-01
            KcElt=-2.1309820637350907E-01
          MonCoef=  0.0000000000000000E+00 0.0000000000000000E+00 0.0000000000000000E+00 0.0000000000000000E+00 0.0000000000000000E+00 0.0000000000000000E+00
                    -3.1860954640327306E-06 0.0000000000000000E+00 -3.8360611119793420E-04 0.0000000000000000E+00 1.4389657427435281E-04 0.0000000000000000E+00
                    1.4593281763380082E-04 0.0000000000000000E+00 6.0652246091023110E-05 3.3011946503386070E-05 0.0000000000000000E+00 4.2749409608192322E-05
                    0.0000000000000000E+00 -8.7794780741580947E-06 0.0000000000000000E+00 6.9587146773239822E-06 0.0000000000000000E+00 1.7271092788049791E-05
                    0.0000000000000000E+00 5.1063641360425925E-06 0.0000000000000000E+00 3.4279023189026508E-06 0.0000000000000000E+00 0.0000000000000000E+00
                    0.0000000000000000E+00 0.0000000000000000E+00 0.0000000000000000E+00 0.0000000000000000E+00 0.0000000000000000E+00 0.0000000000000000E+00
                    0.0000000000000000E+00 0.0000000000000000E+00 0.0000000000000000E+00 0.0000000000000000E+00 0.0000000000000000E+00 0.0000000000000000E+00
                    0.0000000000000000E+00 0.0000000000000000E+00 0.0000000000000000E+00 0.0000000000000000E+00 0.0000000000000000E+00 0.0000000000000000E+00
                    0.0000000000000000E+00 0.0000000000000000E+00 0.0000000000000000E+00 0.0000000000000000E+00 0.0000000000000000E+00 0.0000000000000000E+00
                    0.0000000000000000E+00 0.0000000000000000E+00 0.0000000000000000E+00 0.0000000000000000E+00 0.0000000000000000E+00 0.0000000000000000E+00
                    0.0000000000000000E+00 0.0000000000000000E+00 0.0000000000000000E+00 0.0000000000000000E+00 0.0000000000000000E+00 0.0000000000000000E+00
                    0.0000000000000000E+00 0.0000000000000000E+00 0.0000000000000000E+00 0.0000000000000000E+00 0.0000000000000000E+00 0.0000000000000000E+00
                    0.0000000000000000E+00 0.0000000000000000E+00 0.0000000000000000E+00 0.0000000000000000E+00 0.0000000000000000E+00 0.0000000000000000E+00
                    0.0000000000000000E+00 0.0000000000000000E+00 0.0000000000000000E+00 0.0000000000000000E+00 0.0000000000000000E+00 0.0000000000000000E+00
                    0.0000000000000000E+00 0.0000000000000000E+00 0.0000000000000000E+00 0.0000000000000000E+00 0.0000000000000000E+00 0.0000000000000000E+00
                    0.0000000000000000E+00 0.0000000000000000E+00 0.0000000000000000E+00 0.0000000000000000E+00 0.0000000000000000E+00 0.0000000000000000E+00
                    0.0000000000000000E+00 0.0000000000000000E+00 0.0000000000000000E+00 0.0000000000000000E+00 0.0000000000000000E+00 0.0000000000000000E+00
                    0.0000000000000000E+00 0.0000000000000000E+00 0.0000000000000000E+00 0.0000000000000000E+00 0.0000000000000000E+00 0.0000000000000000E+00
                    0.0000000000000000E+00 0.0000000000000000E+00 0.0000000000000000E+00 0.0000000000000000E+00 0.0000000000000000E+00 0.0000000000000000E+00
                    0.0000000000000000E+00 0.0000000000000000E+00 0.0000000000000000E+00 0.0000000000000000E+00 0.0000000000000000E+00 0.0000000000000000E+00
             lMon=9.6548071827476906E-02
              pMon=  -2.4328341561505637E-20  6.2721849081853187E-03  -2.9938703685495183E-01
              xMon=  1.0000000000000000E+00  0.0000000000000000E+00  0.0000000000000000E+00
              yMon=  0.0000000000000000E+00  9.6569012438593393E-01  2.5969709983648182E-01
              zMon=  0.0000000000000000E+00  -2.5969709983648182E-01  9.6569012438593393E-01
            psiElt=  0.0000000000000000E+00  -7.5647189284993233E-01  6.5402620385428012E-01
            VptElt=  -2.4328341561505637E-20  2.4336366530186981E-01  -1.5239244676230582E-01
            RptElt=  -2.4328341561505637E-20  6.2721849081853187E-03  -2.9938703685495183E-01
           IndRef=1.0E+00
           Extinc=0.0E+00
             nObs=  0
           ApType=  None
         PropType=  Geometric
             zElt=2.9939130434782613E-01
          nECoord=  6
             TElt=  1.0000000000000000E+00  0.0000000000000000E+00  0.0000000000000000E+00  0.0000000000000000E+00  0.0000000000000000E+00  0.0000000000000000E+00
                     0.0000000000000000E+00  9.5603855397483950E-01  2.9324099869168696E-01  0.0000000000000000E+00  0.0000000000000000E+00  0.0000000000000000E+00
                     0.0000000000000000E+00  -2.9324099869168696E-01  9.5603855397483950E-01  0.0000000000000000E+00  0.0000000000000000E+00  0.0000000000000000E+00
                     0.0000000000000000E+00  0.0000000000000000E+00  0.0000000000000000E+00  1.0000000000000000E+00  0.0000000000000000E+00  0.0000000000000000E+00
                     0.0000000000000000E+00  0.0000000000000000E+00  0.0000000000000000E+00  0.0000000000000000E+00  9.5603855397483950E-01  2.9324099869168696E-01
                     0.0000000000000000E+00  0.0000000000000000E+00  0.0000000000000000E+00  0.0000000000000000E+00  -2.9324099869168696E-01  9.5603855397483950E-01
             iElt=  4
          EltName=  Slit
          Element=  Reference
          Surface=  Flat
            KrElt=  -1.0000000000E+22
            KcElt=  0.0000000000E+00
           psiElt=  0  0  -1
           VptElt=  0  0.006  0
           RptElt=  0  0.006  0
           IndRef=  1.000000E+00
           Extinc=  0.000000E+00
            nCoat=  0
             nObs=  0
           ApType=  None
         PropType=  Geometric
             zElt=  1.000000000000000E+22
          nECoord=  -6
             iElt=  5
          EltName=  BlockFaceIn
          Element=  Refractor
          Surface=  Flat
            KrElt=  -1.0000000000E+22
            KcElt=  0.0000000000E+00
           psiElt=  0  0  -1
           VptElt=  0  0  0.000449053203675136
           RptElt=  0  0  0.000449053203675136
           IndRef=  1.000000E+00
         GlassElt=  Silica
           Extinc=  0.000000E+00
            nCoat=  0
             xObs=  1  0  0
             nObs=  0
           ApType=  Circular
            ApVec=  1.863100966335E-02  0.000000000000E+00  -5.999764435650E-03
         PropType=  Geometric
             zElt=  1.000000000000000E+22
          nECoord=  -6
             iElt=  6
          EltName=  BlockSphereOut
          Element=  Refractor
          Surface=  Aspheric
            KrElt=  -1.3000000000E-01
            KcElt=  1.5016660713E-02
         AsphCoef=  -1.194637026227610E+00  -1.307948869325760E+02  0.000000000000000E+00  0.000000000000000E+00  
           psiElt=  0  0  -1
           VptElt=  0  0.000124304555644664  0.129563456302538
           RptElt=  0  0.000124304555644664  0.129563456302538
           IndRef=  1.000000E+00
           Extinc=  0.000000E+00
            nCoat=  0
             xObs=  1  0  0
             nObs=  0
           ApType=  Circular
            ApVec=  4.287193526397E-02  0.000000000000E+00  -5.517850217648E-03
         PropType=  Geometric
             zElt=  1.000000000000000E+22
          nECoord=  -6
             iElt=  7
          EltName=  Grating
          Element=  Grating
          Surface=  Conic
            KrElt=  -4.1443050258E-01
            KcElt=  0.0000000000E+00
           psiElt=  0  0  -1
           VptElt=  0  0  0.414430502577342
           RptElt=  0  0  0.414430502577342
           IndRef=  1.000000E+00
           Extinc=  1.000000E+22
            h1HOE=  0  1  0
         OrderHOE=  -1
        RuleWidth=  6.874217558603E-05
            nCoat=  0
             xObs=  1  0  0
             nObs=  0
           ApType=  Circular
            ApVec=  8.081698193052E-02  0.000000000000E+00  -3.580017568332E-06
         PropType=  Geometric
             zElt=  1.000000000000000E+22
          nECoord=  -6
             iElt=  8
          EltName=  BlockSphereIn
          Element=  Refractor
          Surface=  Aspheric
            KrElt=  -1.3000000000E-01
            KcElt=  1.5016660713E-02
         AsphCoef=  -1.194637026227610E+00  -1.307948869325760E+02  0.000000000000000E+00  0.000000000000000E+00  
           psiElt=  0  0  -1
           VptElt=  0  0.000124304555644664  0.129563456302538
           RptElt=  0  0.000124304555644664  0.129563456302538
           IndRef=  1.000000E+00
         GlassElt=  Silica
           Extinc=  0.000000E+00
            nCoat=  0
             xObs=  1  0  0
             nObs=  0
           ApType=  Circular
            ApVec=  4.325181974262E-02  0.000000000000E+00  1.191755318909E-02
         PropType=  Geometric
             zElt=  1.000000000000000E+22
          nECoord=  -6
             iElt=  9
          EltName=  BlockFaceOut
          Element=  Refractor
          Surface=  Flat
            KrElt=  -1.0000000000E+22
            KcElt=  0.0000000000E+00
           psiElt=  0  0  1
           VptElt=  0  0  0.000449053203675136
           RptElt=  0  0  0.000449053203675136
           IndRef=  1.000000E+00
           Extinc=  0.000000E+00
            nCoat=  0
             xObs=  1  0  0
             nObs=  0
           ApType=  Circular
            ApVec=  1.933584831533E-02  0.000000000000E+00  -1.197767722809E-02
         PropType=  Geometric
             zElt=  1.000000000000000E+22
          nECoord=  -6
             iElt=  10
          EltName=  PreFPA
          Element=  Reference
          Surface=  Flat
            KrElt=  -1.0000000000E+22
            KcElt=  0.0000000000E+00
           psiElt=  0  0  1
           VptElt=  0  0  0.00109815017520667
           RptElt=  0  0  0.00109815017520667
           IndRef=  1.000000E+00
           Extinc=  0.000000E+00
            nCoat=  0
             nObs=  0
           ApType=  None
         PropType=  Geometric
             zElt=  1.000000000000000E+22
          nECoord=  -6
             iElt=  11
          EltName=  FPA
          Element=  FocalPlane
          Surface=  Flat
            KrElt=  -1.0000000000E+22
            KcElt=  0.0000000000E+00
           psiElt=  0  0  1
           VptElt=  0  0  9.81501752066658E-05
           RptElt=  0  0  9.81501752066658E-05
           IndRef=  1.000000E+00
           Extinc=  0.000000E+00
            nCoat=  0
             nObs=  0
           ApType=  None
         PropType=  Geometric
             zElt=  1.000000000000000E+22
          nECoord=  -6

         nOutCord=  5
             Tout=  1.0D+00  0.0D+00  0.0D+00  0.0D+00  0.0D+00  0.0D+00  0.0D+00
                    0.0D+00  1.0D+00  0.0D+00  0.0D+00  0.0D+00  0.0D+00  0.0D+00
                    0.0D+00  0.0D+00  0.0D+00  1.0D+00  0.0D+00  0.0D+00  0.0D+00
                    0.0D+00  0.0D+00  0.0D+00  0.0D+00  1.0D+00  0.0D+00  0.0D+00
                    0.0D+00  0.0D+00  0.0D+00  0.0D+00  0.0D+00  0.0D+00  1.0D+00
