% MACOS prescription emitted by tma_longslit (templates/10_telescopes/tma_longslit)
% Zig-zag long-slit TMA: three off-axis conic sections, element stop on M2, telecentric slit
% Source Definition
         ChfRayDir=  -3.3758658966732699E-17  -2.7480936057416533E-01  -9.6149873392574903E-01
         ChfRayPos=  5.7301772052287013E-17  4.7343611920149820E-01  3.0488686638605511E-01
          zSource=1.0E+22
        BaseUnits=  m
        WaveUnits=  m
           IndRef=1.0E+00
           Extinc=0.0E+00
          Wavelen=6.3300000000000002E-07
             Flux=1.0E+00
         Aperture=1.8300000000000000E-01
         Obscratn=0.0E+00
            ApStop=  -1.9140780384595950E-15  2.1327703778649193E-01  -6.0538244795674756E-01
         GridType=  Circular
         nGridpts=  41
             xGrid=  -9.9999999999999956E-01  1.2246463193453627E-16  1.0840552168663970E-19
             yGrid=  1.1771979770364206E-16  9.6149873392574869E-01  -2.7480936057416544E-01
% Element Definitions
             nElt=  11
             iElt=  1
          EltName=  M1
          Element=  Reflector
          Surface=  Monomial
            KrElt=-1.5187500000000023E+00
            KcElt=-3.9667829816275646E-01
          MonCoef=  0.0000000000000000E+00 0.0000000000000000E+00 0.0000000000000000E+00 0.0000000000000000E+00 0.0000000000000000E+00 0.0000000000000000E+00
                    -5.7923596441292148E-04 0.0000000000000000E+00 -2.0280144713238278E-04 0.0000000000000000E+00 -1.4002918651393647E-04 0.0000000000000000E+00
                    2.4684313082260119E-05 0.0000000000000000E+00 -3.3663340777392815E-05 -1.7559828317573788E-05 0.0000000000000000E+00 2.0259082960505043E-06
                    0.0000000000000000E+00 -8.8740777350866850E-06 0.0000000000000000E+00 -2.3488824039867979E-06 0.0000000000000000E+00 1.1409847422630161E-06
                    0.0000000000000000E+00 -5.2800861070102476E-06 0.0000000000000000E+00 -5.6211750909507667E-07 0.0000000000000000E+00 0.0000000000000000E+00
                    0.0000000000000000E+00 0.0000000000000000E+00 0.0000000000000000E+00 0.0000000000000000E+00 0.0000000000000000E+00 0.0000000000000000E+00
                    0.0000000000000000E+00 0.0000000000000000E+00 0.0000000000000000E+00 0.0000000000000000E+00 0.0000000000000000E+00 0.0000000000000000E+00
                    0.0000000000000000E+00 0.0000000000000000E+00 0.0000000000000000E+00 0.0000000000000000E+00 0.0000000000000000E+00 0.0000000000000000E+00
                    0.0000000000000000E+00 0.0000000000000000E+00 0.0000000000000000E+00 0.0000000000000000E+00 0.0000000000000000E+00 0.0000000000000000E+00
                    0.0000000000000000E+00 0.0000000000000000E+00 0.0000000000000000E+00 0.0000000000000000E+00 0.0000000000000000E+00 0.0000000000000000E+00
                    0.0000000000000000E+00 0.0000000000000000E+00 0.0000000000000000E+00 0.0000000000000000E+00 0.0000000000000000E+00 0.0000000000000000E+00
                    0.0000000000000000E+00 0.0000000000000000E+00 0.0000000000000000E+00 0.0000000000000000E+00 0.0000000000000000E+00 0.0000000000000000E+00
                    0.0000000000000000E+00 0.0000000000000000E+00 0.0000000000000000E+00 0.0000000000000000E+00 0.0000000000000000E+00 0.0000000000000000E+00
                    0.0000000000000000E+00 0.0000000000000000E+00 0.0000000000000000E+00 0.0000000000000000E+00 0.0000000000000000E+00 0.0000000000000000E+00
                    0.0000000000000000E+00 0.0000000000000000E+00 0.0000000000000000E+00 0.0000000000000000E+00 0.0000000000000000E+00 0.0000000000000000E+00
                    0.0000000000000000E+00 0.0000000000000000E+00 0.0000000000000000E+00 0.0000000000000000E+00 0.0000000000000000E+00 0.0000000000000000E+00
                    0.0000000000000000E+00 0.0000000000000000E+00 0.0000000000000000E+00 0.0000000000000000E+00 0.0000000000000000E+00 0.0000000000000000E+00
                    0.0000000000000000E+00 0.0000000000000000E+00 0.0000000000000000E+00 0.0000000000000000E+00 0.0000000000000000E+00 0.0000000000000000E+00
                    0.0000000000000000E+00 0.0000000000000000E+00 0.0000000000000000E+00 0.0000000000000000E+00 0.0000000000000000E+00 0.0000000000000000E+00
                    0.0000000000000000E+00 0.0000000000000000E+00 0.0000000000000000E+00 0.0000000000000000E+00 0.0000000000000000E+00 0.0000000000000000E+00
             lMon=1.0571967958867053E-01
              pMon=  3.7046576672247389E-17  3.0855050285699903E-01  -2.7201237396939426E-01
              xMon=  -9.9999999999999956E-01  1.2246463193453627E-16  1.0840552168663970E-19
              yMon=  -1.1882766482308540E-16  -9.7008700957335559E-01  -2.4275747950788962E-01
              zMon=  -2.9624042588935199E-17  -2.4275747950788956E-01  9.7008700957335603E-01
            psiElt=  7.6320109014275632E-17  6.2250846004997495E-01  7.8261306989227353E-01
            VptElt=  -1.5351521858553660E-16  -1.2477530072455010E+00  7.8745254569813072E-03
            RptElt=  3.7046576672247389E-17  3.0855050285699903E-01  -2.7201237396939426E-01
           IndRef=1.0E+00
           Extinc=0.0E+00
             nObs=  0
           ApType=  None
         PropType=  Geometric
             zElt=2.5826086956521743E-01
          nECoord=  6
             TElt=  -9.9999999999999956E-01  1.2246463193453627E-16  1.0840552168663970E-19  0.0000000000000000E+00  0.0000000000000000E+00  0.0000000000000000E+00
                     -8.5069005856352690E-17  -6.9527764899919031E-01  7.1874125441785963E-01  0.0000000000000000E+00  0.0000000000000000E+00  0.0000000000000000E+00
                     8.8095755114706876E-17  7.1874125441785930E-01  6.9527764899919053E-01  0.0000000000000000E+00  0.0000000000000000E+00  0.0000000000000000E+00
                     0.0000000000000000E+00  0.0000000000000000E+00  0.0000000000000000E+00  -9.9999999999999956E-01  1.2246463193453627E-16  1.0840552168663970E-19
                     0.0000000000000000E+00  0.0000000000000000E+00  0.0000000000000000E+00  -8.5069005856352690E-17  -6.9527764899919031E-01  7.1874125441785963E-01
                     0.0000000000000000E+00  0.0000000000000000E+00  0.0000000000000000E+00  8.8095755114706876E-17  7.1874125441785930E-01  6.9527764899919053E-01
             iElt=  2
          EltName=  M2
          Element=  Reflector
          Surface=  Monomial
            KrElt=-5.7662865581393985E-01
            KcElt=-7.2812305120498111E-01
          MonCoef=  0.0000000000000000E+00 0.0000000000000000E+00 0.0000000000000000E+00 0.0000000000000000E+00 0.0000000000000000E+00 0.0000000000000000E+00
                    -5.9008773033893125E-04 0.0000000000000000E+00 -6.7341501143368388E-04 0.0000000000000000E+00 9.4539367042507482E-05 0.0000000000000000E+00
                    4.0592005777625333E-04 0.0000000000000000E+00 1.1516468015434499E-04 2.1925634329173546E-05 0.0000000000000000E+00 -4.5545198419031705E-05
                    0.0000000000000000E+00 -8.0280469019539837E-05 0.0000000000000000E+00 6.0320676933567862E-06 0.0000000000000000E+00 2.9289526492361786E-05
                    0.0000000000000000E+00 2.7066846078824319E-05 0.0000000000000000E+00 9.7291117017648806E-06 0.0000000000000000E+00 0.0000000000000000E+00
                    0.0000000000000000E+00 0.0000000000000000E+00 0.0000000000000000E+00 0.0000000000000000E+00 0.0000000000000000E+00 0.0000000000000000E+00
                    0.0000000000000000E+00 0.0000000000000000E+00 0.0000000000000000E+00 0.0000000000000000E+00 0.0000000000000000E+00 0.0000000000000000E+00
                    0.0000000000000000E+00 0.0000000000000000E+00 0.0000000000000000E+00 0.0000000000000000E+00 0.0000000000000000E+00 0.0000000000000000E+00
                    0.0000000000000000E+00 0.0000000000000000E+00 0.0000000000000000E+00 0.0000000000000000E+00 0.0000000000000000E+00 0.0000000000000000E+00
                    0.0000000000000000E+00 0.0000000000000000E+00 0.0000000000000000E+00 0.0000000000000000E+00 0.0000000000000000E+00 0.0000000000000000E+00
                    0.0000000000000000E+00 0.0000000000000000E+00 0.0000000000000000E+00 0.0000000000000000E+00 0.0000000000000000E+00 0.0000000000000000E+00
                    0.0000000000000000E+00 0.0000000000000000E+00 0.0000000000000000E+00 0.0000000000000000E+00 0.0000000000000000E+00 0.0000000000000000E+00
                    0.0000000000000000E+00 0.0000000000000000E+00 0.0000000000000000E+00 0.0000000000000000E+00 0.0000000000000000E+00 0.0000000000000000E+00
                    0.0000000000000000E+00 0.0000000000000000E+00 0.0000000000000000E+00 0.0000000000000000E+00 0.0000000000000000E+00 0.0000000000000000E+00
                    0.0000000000000000E+00 0.0000000000000000E+00 0.0000000000000000E+00 0.0000000000000000E+00 0.0000000000000000E+00 0.0000000000000000E+00
                    0.0000000000000000E+00 0.0000000000000000E+00 0.0000000000000000E+00 0.0000000000000000E+00 0.0000000000000000E+00 0.0000000000000000E+00
                    0.0000000000000000E+00 0.0000000000000000E+00 0.0000000000000000E+00 0.0000000000000000E+00 0.0000000000000000E+00 0.0000000000000000E+00
                    0.0000000000000000E+00 0.0000000000000000E+00 0.0000000000000000E+00 0.0000000000000000E+00 0.0000000000000000E+00 0.0000000000000000E+00
                    0.0000000000000000E+00 0.0000000000000000E+00 0.0000000000000000E+00 0.0000000000000000E+00 0.0000000000000000E+00 0.0000000000000000E+00
                    0.0000000000000000E+00 0.0000000000000000E+00 0.0000000000000000E+00 0.0000000000000000E+00 0.0000000000000000E+00 0.0000000000000000E+00
             lMon=8.5346655273544153E-02
              pMon=  1.5076581246737166E-17  1.2898749263720807E-01  -8.6389632611042710E-02
              xMon=  -9.9999999999999956E-01  1.2246463193453627E-16  1.0840552168663970E-19
              yMon=  -1.2155220404799797E-16  -9.9244082274358758E-01  -1.2272413516513508E-01
              zMon=  -1.4921779977349903E-17  -1.2272413516513508E-01  9.9244082274358791E-01
            psiElt=  -9.6306657048787134E-17  -7.8695002424911764E-01  6.1701674153487329E-01
            VptElt=  7.6541252485078280E-17  6.3066020549066515E-01  1.6735304316961552E-01
            RptElt=  1.5076581246737166E-17  1.2898749263720807E-01  -8.6389632611042710E-02
           IndRef=1.0E+00
           Extinc=0.0E+00
             nObs=  0
           ApType=  None
         PropType=  Geometric
             zElt=2.4582608695652178E-01
          nECoord=  6
             TElt=  -9.9999999999999956E-01  1.2246463193453627E-16  1.0840552168663970E-19  0.0000000000000000E+00  0.0000000000000000E+00  0.0000000000000000E+00
                     -9.5171086219285938E-17  -7.7768767959046869E-01  6.2865083553049694E-01  0.0000000000000000E+00  0.0000000000000000E+00  0.0000000000000000E+00
                     7.7071798827196286E-17  6.2865083553049672E-01  7.7768767959046903E-01  0.0000000000000000E+00  0.0000000000000000E+00  0.0000000000000000E+00
                     0.0000000000000000E+00  0.0000000000000000E+00  0.0000000000000000E+00  -9.9999999999999956E-01  1.2246463193453627E-16  1.0840552168663970E-19
                     0.0000000000000000E+00  0.0000000000000000E+00  0.0000000000000000E+00  -9.5171086219285938E-17  -7.7768767959046869E-01  6.2865083553049694E-01
                     0.0000000000000000E+00  0.0000000000000000E+00  0.0000000000000000E+00  7.7071798827196286E-17  6.2865083553049672E-01  7.7768767959046903E-01
             iElt=  3
          EltName=  M3
          Element=  Reflector
          Surface=  Monomial
            KrElt=-4.5871772317379211E-01
            KcElt=-2.1309820637350907E-01
          MonCoef=  0.0000000000000000E+00 0.0000000000000000E+00 0.0000000000000000E+00 0.0000000000000000E+00 0.0000000000000000E+00 0.0000000000000000E+00
                    -3.1860954640327306E-06 0.0000000000000000E+00 -3.8360611119793420E-04 0.0000000000000000E+00 1.4389657427435281E-04 0.0000000000000000E+00
                    1.4593281763380082E-04 0.0000000000000000E+00 6.0652246091023110E-05 3.3011946503386070E-05 0.0000000000000000E+00 4.2749409608192322E-05
                    0.0000000000000000E+00 -8.7794780741580947E-06 0.0000000000000000E+00 6.9587146773239822E-06 0.0000000000000000E+00 1.7271092788049791E-05
                    0.0000000000000000E+00 5.1063641360425925E-06 0.0000000000000000E+00 3.4279023189026508E-06 0.0000000000000000E+00 0.0000000000000000E+00
                    0.0000000000000000E+00 0.0000000000000000E+00 0.0000000000000000E+00 0.0000000000000000E+00 0.0000000000000000E+00 0.0000000000000000E+00
                    0.0000000000000000E+00 0.0000000000000000E+00 0.0000000000000000E+00 0.0000000000000000E+00 0.0000000000000000E+00 0.0000000000000000E+00
                    0.0000000000000000E+00 0.0000000000000000E+00 0.0000000000000000E+00 0.0000000000000000E+00 0.0000000000000000E+00 0.0000000000000000E+00
                    0.0000000000000000E+00 0.0000000000000000E+00 0.0000000000000000E+00 0.0000000000000000E+00 0.0000000000000000E+00 0.0000000000000000E+00
                    0.0000000000000000E+00 0.0000000000000000E+00 0.0000000000000000E+00 0.0000000000000000E+00 0.0000000000000000E+00 0.0000000000000000E+00
                    0.0000000000000000E+00 0.0000000000000000E+00 0.0000000000000000E+00 0.0000000000000000E+00 0.0000000000000000E+00 0.0000000000000000E+00
                    0.0000000000000000E+00 0.0000000000000000E+00 0.0000000000000000E+00 0.0000000000000000E+00 0.0000000000000000E+00 0.0000000000000000E+00
                    0.0000000000000000E+00 0.0000000000000000E+00 0.0000000000000000E+00 0.0000000000000000E+00 0.0000000000000000E+00 0.0000000000000000E+00
                    0.0000000000000000E+00 0.0000000000000000E+00 0.0000000000000000E+00 0.0000000000000000E+00 0.0000000000000000E+00 0.0000000000000000E+00
                    0.0000000000000000E+00 0.0000000000000000E+00 0.0000000000000000E+00 0.0000000000000000E+00 0.0000000000000000E+00 0.0000000000000000E+00
                    0.0000000000000000E+00 0.0000000000000000E+00 0.0000000000000000E+00 0.0000000000000000E+00 0.0000000000000000E+00 0.0000000000000000E+00
                    0.0000000000000000E+00 0.0000000000000000E+00 0.0000000000000000E+00 0.0000000000000000E+00 0.0000000000000000E+00 0.0000000000000000E+00
                    0.0000000000000000E+00 0.0000000000000000E+00 0.0000000000000000E+00 0.0000000000000000E+00 0.0000000000000000E+00 0.0000000000000000E+00
                    0.0000000000000000E+00 0.0000000000000000E+00 0.0000000000000000E+00 0.0000000000000000E+00 0.0000000000000000E+00 0.0000000000000000E+00
                    0.0000000000000000E+00 0.0000000000000000E+00 0.0000000000000000E+00 0.0000000000000000E+00 0.0000000000000000E+00 0.0000000000000000E+00
             lMon=9.6548071827476906E-02
              pMon=  2.3450524878932107E-20  6.2578490794507058E-03  -2.9938704954500744E-01
              xMon=  -9.9999999999999956E-01  1.2246463193453627E-16  1.0840552168663970E-19
              yMon=  -1.1829103824532821E-16  -9.6614837766495842E-01  2.5798703908407528E-01
              zMon=  3.1699023604219570E-17  2.5798703908407516E-01  9.6614837766495876E-01
            psiElt=  9.2570151874863358E-17  7.5531282208067951E-01  6.5536443357914931E-01
            VptElt=  -2.9027805381572064E-17  -2.3109349836494020E-01  -1.5281243558301905E-01
            RptElt=  2.3450524878932107E-20  6.2578490794507058E-03  -2.9938704954500744E-01
           IndRef=1.0E+00
           Extinc=0.0E+00
             nObs=  0
           ApType=  None
         PropType=  Geometric
             zElt=2.9939130434782613E-01
          nECoord=  6
             TElt=  -9.9999999999999956E-01  1.2246463193453627E-16  1.0840552168663970E-19  0.0000000000000000E+00  0.0000000000000000E+00  0.0000000000000000E+00
                     -1.1711269857119807E-16  -9.5655620835793775E-01  2.9154797247088671E-01  0.0000000000000000E+00  0.0000000000000000E+00  0.0000000000000000E+00
                     3.5808011114697089E-17  2.9154797247088660E-01  9.5655620835793809E-01  0.0000000000000000E+00  0.0000000000000000E+00  0.0000000000000000E+00
                     0.0000000000000000E+00  0.0000000000000000E+00  0.0000000000000000E+00  -9.9999999999999956E-01  1.2246463193453627E-16  1.0840552168663970E-19
                     0.0000000000000000E+00  0.0000000000000000E+00  0.0000000000000000E+00  -1.1711269857119807E-16  -9.5655620835793775E-01  2.9154797247088671E-01
                     0.0000000000000000E+00  0.0000000000000000E+00  0.0000000000000000E+00  3.5808011114697089E-17  2.9154797247088660E-01  9.5655620835793809E-01
             iElt=  4
          EltName=  Slit
          Element=  Reference
          Surface=  Flat
            KrElt=  -1.0000000000E+22
            KcElt=  0.0000000000E+00
           psiElt=  0  0  -1
           VptElt=  0  0.006  0
           RptElt=  0  0.006  0
           IndRef=  1.000000E+00
           Extinc=  0.000000E+00
            nCoat=  0
             nObs=  0
           ApType=  None
         PropType=  Geometric
             zElt=  1.000000000000000E+22
          nECoord=  -6
             iElt=  5
          EltName=  BlockFaceIn
          Element=  Refractor
          Surface=  Flat
            KrElt=  -1.0000000000E+22
            KcElt=  0.0000000000E+00
           psiElt=  0  0  -1
           VptElt=  0  0  0.000449053203675136
           RptElt=  0  0  0.000449053203675136
           IndRef=  1.000000E+00
         GlassElt=  Silica
           Extinc=  0.000000E+00
            nCoat=  0
             xObs=  1  0  0
             nObs=  0
           ApType=  Circular
            ApVec=  1.863100966335E-02  0.000000000000E+00  -5.999764435650E-03
         PropType=  Geometric
             zElt=  1.000000000000000E+22
          nECoord=  -6
             iElt=  6
          EltName=  BlockSphereOut
          Element=  Refractor
          Surface=  Aspheric
            KrElt=  -1.3000000000E-01
            KcElt=  1.5016660713E-02
         AsphCoef=  -1.194637026227610E+00  -1.307948869325760E+02  0.000000000000000E+00  0.000000000000000E+00  
           psiElt=  0  0  -1
           VptElt=  0  0.000124304555644664  0.129563456302538
           RptElt=  0  0.000124304555644664  0.129563456302538
           IndRef=  1.000000E+00
           Extinc=  0.000000E+00
            nCoat=  0
             xObs=  1  0  0
             nObs=  0
           ApType=  Circular
            ApVec=  4.287193526397E-02  0.000000000000E+00  -5.517850217648E-03
         PropType=  Geometric
             zElt=  1.000000000000000E+22
          nECoord=  -6
             iElt=  7
          EltName=  Grating
          Element=  Grating
          Surface=  Conic
            KrElt=  -4.1443050258E-01
            KcElt=  0.0000000000E+00
           psiElt=  0  0  -1
           VptElt=  0  0  0.414430502577342
           RptElt=  0  0  0.414430502577342
           IndRef=  1.000000E+00
           Extinc=  1.000000E+22
            h1HOE=  0  1  0
         OrderHOE=  -1
        RuleWidth=  6.874217558603E-05
            nCoat=  0
             xObs=  1  0  0
             nObs=  0
           ApType=  Circular
            ApVec=  8.081698193052E-02  0.000000000000E+00  -3.580017568332E-06
         PropType=  Geometric
             zElt=  1.000000000000000E+22
          nECoord=  -6
             iElt=  8
          EltName=  BlockSphereIn
          Element=  Refractor
          Surface=  Aspheric
            KrElt=  -1.3000000000E-01
            KcElt=  1.5016660713E-02
         AsphCoef=  -1.194637026227610E+00  -1.307948869325760E+02  0.000000000000000E+00  0.000000000000000E+00  
           psiElt=  0  0  -1
           VptElt=  0  0.000124304555644664  0.129563456302538
           RptElt=  0  0.000124304555644664  0.129563456302538
           IndRef=  1.000000E+00
         GlassElt=  Silica
           Extinc=  0.000000E+00
            nCoat=  0
             xObs=  1  0  0
             nObs=  0
           ApType=  Circular
            ApVec=  4.325181974262E-02  0.000000000000E+00  1.191755318909E-02
         PropType=  Geometric
             zElt=  1.000000000000000E+22
          nECoord=  -6
             iElt=  9
          EltName=  BlockFaceOut
          Element=  Refractor
          Surface=  Flat
            KrElt=  -1.0000000000E+22
            KcElt=  0.0000000000E+00
           psiElt=  0  0  1
           VptElt=  0  0  0.000449053203675136
           RptElt=  0  0  0.000449053203675136
           IndRef=  1.000000E+00
           Extinc=  0.000000E+00
            nCoat=  0
             xObs=  1  0  0
             nObs=  0
           ApType=  Circular
            ApVec=  1.933584831533E-02  0.000000000000E+00  -1.197767722809E-02
         PropType=  Geometric
             zElt=  1.000000000000000E+22
          nECoord=  -6
             iElt=  10
          EltName=  PreFPA
          Element=  Reference
          Surface=  Flat
            KrElt=  -1.0000000000E+22
            KcElt=  0.0000000000E+00
           psiElt=  0  0  1
           VptElt=  0  0  0.00109815017520667
           RptElt=  0  0  0.00109815017520667
           IndRef=  1.000000E+00
           Extinc=  0.000000E+00
            nCoat=  0
             nObs=  0
           ApType=  None
         PropType=  Geometric
             zElt=  1.000000000000000E+22
          nECoord=  -6
             iElt=  11
          EltName=  FPA
          Element=  FocalPlane
          Surface=  Flat
            KrElt=  -1.0000000000E+22
            KcElt=  0.0000000000E+00
           psiElt=  0  0  1
           VptElt=  0  0  9.81501752066658E-05
           RptElt=  0  0  9.81501752066658E-05
           IndRef=  1.000000E+00
           Extinc=  0.000000E+00
            nCoat=  0
             nObs=  0
           ApType=  None
         PropType=  Geometric
             zElt=  1.000000000000000E+22
          nECoord=  -6

         nOutCord=  5
             Tout=  1.0D+00  0.0D+00  0.0D+00  0.0D+00  0.0D+00  0.0D+00  0.0D+00
                    0.0D+00  1.0D+00  0.0D+00  0.0D+00  0.0D+00  0.0D+00  0.0D+00
                    0.0D+00  0.0D+00  0.0D+00  1.0D+00  0.0D+00  0.0D+00  0.0D+00
                    0.0D+00  0.0D+00  0.0D+00  0.0D+00  1.0D+00  0.0D+00  0.0D+00
                    0.0D+00  0.0D+00  0.0D+00  0.0D+00  0.0D+00  0.0D+00  1.0D+00
