
% ---------------------------------------------------------------------------------------
% Source Definition
% ---------------------------------------------------------------------------------------

        ChfRayDir=  0.0E+00  -3.490658433100967E-04  9.999999390765167E-01
        ChfRayPos=  0.0E+00  7.714355605011924E+00  -2.209999999390765E+04
          zSource=1.0E+22

        BaseUnits=  mm
        WaveUnits=  mm

           IndRef=1.0E+00
           Extinc=0.0E+00
          Wavelen=1.0E-03
             Flux=1.0E+00

         Aperture=8.0E+03
         Obscratn=0.0E+00

         GridType=  Hex
         nGridpts=  128
            xGrid=  -1.0E+00  -8.256168163029683E-26  -2.881946477916146E-29
            yGrid=  -8.256168666024237E-26  9.999999390765167E-01  3.490658433100967E-04

             nSeg=  19
            width=  1.6E+03
              gap=  5.0E+01
         SegXgrid=  1.0E+00  0.0E+00  0.0E+00
         SegCoord=    0    0    0
                      1    2    1
                     -1    1    2
                     -2   -1    1
                     -1   -2   -1
                      1   -1   -2
                      2    1   -1
                      2    4    2
                      0    3    3
                     -2    2    4
                     -3    0    3
                     -4   -2    2
                     -3   -3    0
                     -2   -4   -2
                      0   -3   -3
                      2   -2   -4
                      3    0   -3
                      4    2   -2
                      3    3    0

% ---------------------------------------------------------------------------------------
% Element Definitions
% ---------------------------------------------------------------------------------------

             nElt=  25

    iElt=   1
 EltName=  Seg1
 Element=  Segment
 Surface=  FreeForm
    fElt=  5.153424657534246E+04
    eElt=  0.0E+00
   KrElt=  -5.153424657534246E+04
   KcElt=  0.0E+00
  psiElt=  0.0E+00  -1.253332335643043E-01  -9.921147013144779E-01
  VptElt=  0.0E+00  0.0E+00  0.0E+00
  RptElt=  0.0E+00  0.0E+00  0.0E+00
 FFZernType=  BornWolf
nFFZernCoef=   16
FFZernModes=    1    3    4    5    9   10
  11   12   13   19   20   21
  22   23   24   25
 FFZernCoef=  1.197033345381584E+00  8.001048840672405E+00  -4.819152400977031E+00  1.803807588237849E+00  4.001252456159111E+00  4.686403726064767E-02
              4.454202695146058E-04  2.894345076153592E-02  6.090427484587182E-01  4.853572152725304E-04  -2.037059141355803E-04  5.655567335241816E-05
              -5.985985960057223E-06  -5.597372659639521E-08  -4.856161587539289E-06  2.268505602452859E-03
     lFF=  7.992027277230728E+03
MonZernType=  BornWolf
nMonZernCoef=    1
MonZernModes=    1
 MonZernCoef=  0d0
    lMon=  9.237604384743153E+02
 nGridMat=  256
 GridFile=  flat.txt
 GridSrfdx=  3.125E+01
     pFF=  0.0E+00  0.0E+00  0.0E+00
     xFF=  1.0E+00  0.0E+00  0.0E+00
     yFF=  0.0E+00  9.921147013144779E-01  -1.253332335643043E-01
     zFF=  0.0E+00  1.253332335643043E-01  9.921147013144779E-01
    pMon=  0.0E+00  0.0E+00  0.0E+00
    xMon=  -8.660254037844387E-01  4.96057350657239E-01  -6.266661678215216E-02
    yMon=  5.000000000000001E-01  8.591965348063485E-01  -1.08541764205136E-01
    zMon=  0.0E+00  -1.253332335643043E-01  -9.921147013144778E-01
   pData=  0.0E+00  0.0E+00  0.0E+00
   xData=  1.0E+00  0.0E+00  0.0E+00
   yData=  0.0E+00  9.921147013144779E-01  -1.253332335643043E-01
   zData=  0.0E+00  1.253332335643043E-01  9.921147013144779E-01
  IndRef=  1d0
    zElt=  0d0
 PropType= 1
  nECoord= 6
    TElt=  -8.660254037844387E-01  5.000000000000001E-01  0.0E+00  0.0E+00  0.0E+00  0.0E+00
            4.96057350657239E-01  8.591965348063485E-01  -1.253332335643043E-01  0.0E+00  0.0E+00  0.0E+00
            -6.266661678215216E-02  -1.08541764205136E-01  -9.921147013144778E-01  0.0E+00  0.0E+00  0.0E+00
            0.0E+00  0.0E+00  0.0E+00  -8.660254037844387E-01  5.000000000000001E-01  0.0E+00
            0.0E+00  0.0E+00  0.0E+00  4.96057350657239E-01  8.591965348063485E-01  -1.253332335643043E-01
            0.0E+00  0.0E+00  0.0E+00  -6.266661678215216E-02  -1.08541764205136E-01  -9.921147013144778E-01

    iElt=   2
 EltName=  Seg2
 Element=  Segment
 Surface=  FreeForm
    fElt=  5.153424657534246E+04
    eElt=  0.0E+00
   KrElt=  -5.153424657534246E+04
   KcElt=  0.0E+00
  psiElt=  0.0E+00  -1.253332335643043E-01  -9.921147013144779E-01
  VptElt=  0.0E+00  0.0E+00  0.0E+00
  RptElt=  -8.0E+02  1.371600708336694E+03  -1.983147640129664E+02
 FFZernType=  BornWolf
nFFZernCoef=   16
FFZernModes=    1    3    4    5    9   10
  11   12   13   19   20   21
  22   23   24   25
 FFZernCoef=  1.197033345381584E+00  8.001048840672405E+00  -4.819152400977031E+00  1.803807588237849E+00  4.001252456159111E+00  4.686403726064767E-02
              4.454202695146058E-04  2.894345076153592E-02  6.090427484587182E-01  4.853572152725304E-04  -2.037059141355803E-04  5.655567335241816E-05
              -5.985985960057223E-06  -5.597372659639521E-08  -4.856161587539289E-06  2.268505602452859E-03
     lFF=  7.992027277230728E+03
MonZernType=  BornWolf
nMonZernCoef=    1
MonZernModes=    1
 MonZernCoef=  0d0
    lMon=  9.237604384743153E+02
 nGridMat=  256
 GridFile=  flat.txt
 GridSrfdx=  3.125E+01
     pFF=  0.0E+00  0.0E+00  0.0E+00
     xFF=  1.0E+00  0.0E+00  0.0E+00
     yFF=  0.0E+00  9.921147013144779E-01  -1.253332335643043E-01
     zFF=  0.0E+00  1.253332335643043E-01  9.921147013144779E-01
    pMon=  -8.0E+02  1.371600708336694E+03  -1.983147640129664E+02
    xMon=  -8.659210735559821E-01  4.921497261457323E-01  -8.927116794540188E-02
    yMon=  4.999397067902044E-01  8.571465934605117E-01  -1.239354948897406E-01
    zMon=  1.552365762892078E-02  -1.519485583140594E-01  -9.882664881903559E-01
   pData=  0.0E+00  0.0E+00  0.0E+00
   xData=  1.0E+00  0.0E+00  0.0E+00
   yData=  0.0E+00  9.921147013144779E-01  -1.253332335643043E-01
   zData=  0.0E+00  1.253332335643043E-01  9.921147013144779E-01
  IndRef=  1d0
    zElt=  0d0
 PropType= 1
  nECoord= 6
    TElt=  -8.659210735559821E-01  4.999397067902044E-01  1.552365762892078E-02  0.0E+00  0.0E+00  0.0E+00
            4.921497261457323E-01  8.571465934605117E-01  -1.519485583140594E-01  0.0E+00  0.0E+00  0.0E+00
            -8.927116794540188E-02  -1.239354948897406E-01  -9.882664881903559E-01  0.0E+00  0.0E+00  0.0E+00
            0.0E+00  0.0E+00  0.0E+00  -8.659210735559821E-01  4.999397067902044E-01  1.552365762892078E-02
            0.0E+00  0.0E+00  0.0E+00  4.921497261457323E-01  8.571465934605117E-01  -1.519485583140594E-01
            0.0E+00  0.0E+00  0.0E+00  -8.927116794540188E-02  -1.239354948897406E-01  -9.882664881903559E-01

    iElt=   3
 EltName=  Seg3
 Element=  Segment
 Surface=  FreeForm
    fElt=  5.153424657534246E+04
    eElt=  0.0E+00
   KrElt=  -5.153424657534246E+04
   KcElt=  0.0E+00
  psiElt=  0.0E+00  -1.253332335643043E-01  -9.921147013144779E-01
  VptElt=  0.0E+00  0.0E+00  0.0E+00
  RptElt=  8.0E+02  1.371600708336694E+03  -1.983147640129664E+02
 FFZernType=  BornWolf
nFFZernCoef=   16
FFZernModes=    1    3    4    5    9   10
  11   12   13   19   20   21
  22   23   24   25
 FFZernCoef=  1.197033345381584E+00  8.001048840672405E+00  -4.819152400977031E+00  1.803807588237849E+00  4.001252456159111E+00  4.686403726064767E-02
              4.454202695146058E-04  2.894345076153592E-02  6.090427484587182E-01  4.853572152725304E-04  -2.037059141355803E-04  5.655567335241816E-05
              -5.985985960057223E-06  -5.597372659639521E-08  -4.856161587539289E-06  2.268505602452859E-03
     lFF=  7.992027277230728E+03
MonZernType=  BornWolf
nMonZernCoef=    1
MonZernModes=    1
 MonZernCoef=  0d0
    lMon=  9.237604384743153E+02
 nGridMat=  256
 GridFile=  flat.txt
 GridSrfdx=  3.125E+01
     pFF=  0.0E+00  0.0E+00  0.0E+00
     xFF=  1.0E+00  0.0E+00  0.0E+00
     yFF=  0.0E+00  9.921147013144779E-01  -1.253332335643043E-01
     zFF=  0.0E+00  1.253332335643043E-01  9.921147013144779E-01
    pMon=  8.0E+02  1.371600708336694E+03  -1.983147640129664E+02
    xMon=  -4.175474027263933E-04  9.883864868616313E-01  -1.519604496028125E-01
    yMon=  9.998794135834514E-01  -1.946333887425517E-03  -1.540681915296383E-02
    zMon=  -1.552365762892078E-02  -1.519485583140594E-01  -9.882664881903559E-01
   pData=  0.0E+00  0.0E+00  0.0E+00
   xData=  1.0E+00  0.0E+00  0.0E+00
   yData=  0.0E+00  9.921147013144779E-01  -1.253332335643043E-01
   zData=  0.0E+00  1.253332335643043E-01  9.921147013144779E-01
  IndRef=  1d0
    zElt=  0d0
 PropType= 1
  nECoord= 6
    TElt=  -4.175474027263933E-04  9.998794135834514E-01  -1.552365762892078E-02  0.0E+00  0.0E+00  0.0E+00
            9.883864868616313E-01  -1.946333887425517E-03  -1.519485583140594E-01  0.0E+00  0.0E+00  0.0E+00
            -1.519604496028125E-01  -1.540681915296383E-02  -9.882664881903559E-01  0.0E+00  0.0E+00  0.0E+00
            0.0E+00  0.0E+00  0.0E+00  -4.175474027263933E-04  9.998794135834514E-01  -1.552365762892078E-02
            0.0E+00  0.0E+00  0.0E+00  9.883864868616313E-01  -1.946333887425517E-03  -1.519485583140594E-01
            0.0E+00  0.0E+00  0.0E+00  -1.519604496028125E-01  -1.540681915296383E-02  -9.882664881903559E-01

    iElt=   4
 EltName=  Seg4
 Element=  Segment
 Surface=  FreeForm
    fElt=  5.153424657534246E+04
    eElt=  0.0E+00
   KrElt=  -5.153424657534246E+04
   KcElt=  0.0E+00
  psiElt=  0.0E+00  -1.253332335643043E-01  -9.921147013144779E-01
  VptElt=  0.0E+00  0.0E+00  0.0E+00
  RptElt=  1.6E+03  -3.113758878619819E+00  -2.464793951272623E+01
 FFZernType=  BornWolf
nFFZernCoef=   16
FFZernModes=    1    3    4    5    9   10
  11   12   13   19   20   21
  22   23   24   25
 FFZernCoef=  1.197033345381584E+00  8.001048840672405E+00  -4.819152400977031E+00  1.803807588237849E+00  4.001252456159111E+00  4.686403726064767E-02
              4.454202695146058E-04  2.894345076153592E-02  6.090427484587182E-01  4.853572152725304E-04  -2.037059141355803E-04  5.655567335241816E-05
              -5.985985960057223E-06  -5.597372659639521E-08  -4.856161587539289E-06  2.268505602452859E-03
     lFF=  7.992027277230728E+03
MonZernType=  BornWolf
nMonZernCoef=    1
MonZernModes=    1
 MonZernCoef=  0d0
    lMon=  9.237604384743153E+02
 nGridMat=  256
 GridFile=  flat.txt
 GridSrfdx=  3.125E+01
     pFF=  0.0E+00  0.0E+00  0.0E+00
     xFF=  1.0E+00  0.0E+00  0.0E+00
     yFF=  0.0E+00  9.921147013144779E-01  -1.253332335643043E-01
     zFF=  0.0E+00  1.253332335643043E-01  9.921147013144779E-01
    pMon=  1.6E+03  -3.113758878619819E+00  -2.464793951272623E+01
    xMon=  8.655035261558921E-01  4.928672367244803E-01  -8.936181049694754E-02
    yMon=  4.999397067917264E-01  -8.6103926126252E-01  9.312185638987472E-02
    zMon=  -3.104731525784157E-02  -1.252728124058409E-01  -9.916364185966604E-01
   pData=  0.0E+00  0.0E+00  0.0E+00
   xData=  1.0E+00  0.0E+00  0.0E+00
   yData=  0.0E+00  9.921147013144779E-01  -1.253332335643043E-01
   zData=  0.0E+00  1.253332335643043E-01  9.921147013144779E-01
  IndRef=  1d0
    zElt=  0d0
 PropType= 1
  nECoord= 6
    TElt=  8.655035261558921E-01  4.999397067917264E-01  -3.104731525784157E-02  0.0E+00  0.0E+00  0.0E+00
            4.928672367244803E-01  -8.6103926126252E-01  -1.252728124058409E-01  0.0E+00  0.0E+00  0.0E+00
            -8.936181049694754E-02  9.312185638987472E-02  -9.916364185966604E-01  0.0E+00  0.0E+00  0.0E+00
            0.0E+00  0.0E+00  0.0E+00  8.655035261558921E-01  4.999397067917264E-01  -3.104731525784157E-02
            0.0E+00  0.0E+00  0.0E+00  4.928672367244803E-01  -8.6103926126252E-01  -1.252728124058409E-01
            0.0E+00  0.0E+00  0.0E+00  -8.936181049694754E-02  9.312185638987472E-02  -9.916364185966604E-01

    iElt=   5
 EltName=  Seg5
 Element=  Segment
 Surface=  FreeForm
    fElt=  5.153424657534246E+04
    eElt=  0.0E+00
   KrElt=  -5.153424657534246E+04
   KcElt=  0.0E+00
  psiElt=  0.0E+00  -1.253332335643043E-01  -9.921147013144779E-01
  VptElt=  0.0E+00  0.0E+00  0.0E+00
  RptElt=  8.0E+02  -1.377828226172534E+03  1.490188843653305E+02
 FFZernType=  BornWolf
nFFZernCoef=   16
FFZernModes=    1    3    4    5    9   10
  11   12   13   19   20   21
  22   23   24   25
 FFZernCoef=  1.197033345381584E+00  8.001048840672405E+00  -4.819152400977031E+00  1.803807588237849E+00  4.001252456159111E+00  4.686403726064767E-02
              4.454202695146058E-04  2.894345076153592E-02  6.090427484587182E-01  4.853572152725304E-04  -2.037059141355803E-04  5.655567335241816E-05
              -5.985985960057223E-06  -5.597372659639521E-08  -4.856161587539289E-06  2.268505602452859E-03
     lFF=  7.992027277230728E+03
MonZernType=  BornWolf
nMonZernCoef=    1
MonZernModes=    1
 MonZernCoef=  0d0
    lMon=  9.237604384743153E+02
 nGridMat=  256
 GridFile=  flat.txt
 GridSrfdx=  3.125E+01
     pFF=  0.0E+00  0.0E+00  0.0E+00
     xFF=  1.0E+00  0.0E+00  0.0E+00
     yFF=  0.0E+00  9.921147013144779E-01  -1.253332335643043E-01
     zFF=  0.0E+00  1.253332335643043E-01  9.921147013144779E-01
    pMon=  8.0E+02  -1.377828226172534E+03  1.490188843653305E+02
    xMon=  8.659210735559821E-01  -4.988887741822404E-01  3.592610981719416E-02
    yMon=  -4.999397067902044E-01  -8.610392612844699E-01  9.312185619508814E-02
    zMon=  -1.552365762892078E-02  -9.859706649609723E-02  -9.950063489908917E-01
   pData=  0.0E+00  0.0E+00  0.0E+00
   xData=  1.0E+00  0.0E+00  0.0E+00
   yData=  0.0E+00  9.921147013144779E-01  -1.253332335643043E-01
   zData=  0.0E+00  1.253332335643043E-01  9.921147013144779E-01
  IndRef=  1d0
    zElt=  0d0
 PropType= 1
  nECoord= 6
    TElt=  8.659210735559821E-01  -4.999397067902044E-01  -1.552365762892078E-02  0.0E+00  0.0E+00  0.0E+00
            -4.988887741822404E-01  -8.610392612844699E-01  -9.859706649609723E-02  0.0E+00  0.0E+00  0.0E+00
            3.592610981719416E-02  9.312185619508814E-02  -9.950063489908917E-01  0.0E+00  0.0E+00  0.0E+00
            0.0E+00  0.0E+00  0.0E+00  8.659210735559821E-01  -4.999397067902044E-01  -1.552365762892078E-02
            0.0E+00  0.0E+00  0.0E+00  -4.988887741822404E-01  -8.610392612844699E-01  -9.859706649609723E-02
            0.0E+00  0.0E+00  0.0E+00  3.592610981719416E-02  9.312185619508814E-02  -9.950063489908917E-01

    iElt=   6
 EltName=  Seg6
 Element=  Segment
 Surface=  FreeForm
    fElt=  5.153424657534246E+04
    eElt=  0.0E+00
   KrElt=  -5.153424657534246E+04
   KcElt=  0.0E+00
  psiElt=  0.0E+00  -1.253332335643043E-01  -9.921147013144779E-01
  VptElt=  0.0E+00  0.0E+00  0.0E+00
  RptElt=  -8.0E+02  -1.377828226172534E+03  1.490188843653305E+02
 FFZernType=  BornWolf
nFFZernCoef=   16
FFZernModes=    1    3    4    5    9   10
  11   12   13   19   20   21
  22   23   24   25
 FFZernCoef=  1.197033345381584E+00  8.001048840672405E+00  -4.819152400977031E+00  1.803807588237849E+00  4.001252456159111E+00  4.686403726064767E-02
              4.454202695146058E-04  2.894345076153592E-02  6.090427484587182E-01  4.853572152725304E-04  -2.037059141355803E-04  5.655567335241816E-05
              -5.985985960057223E-06  -5.597372659639521E-08  -4.856161587539289E-06  2.268505602452859E-03
     lFF=  7.992027277230728E+03
MonZernType=  BornWolf
nMonZernCoef=    1
MonZernModes=    1
 MonZernCoef=  0d0
    lMon=  9.237604384743153E+02
 nGridMat=  256
 GridFile=  flat.txt
 GridSrfdx=  3.125E+01
     pFF=  0.0E+00  0.0E+00  0.0E+00
     xFF=  1.0E+00  0.0E+00  0.0E+00
     yFF=  0.0E+00  9.921147013144779E-01  -1.253332335643043E-01
     zFF=  0.0E+00  1.253332335643043E-01  9.921147013144779E-01
    pMon=  -8.0E+02  -1.377828226172534E+03  1.490188843653305E+02
    xMon=  4.175474027263935E-04  -9.951255349265052E-01  9.861539125006624E-02
    yMon=  -9.998794135834513E-01  -1.946333887425517E-03  -1.540681915296383E-02
    zMon=  1.552365762892078E-02  -9.859706649609723E-02  -9.950063489908917E-01
   pData=  0.0E+00  0.0E+00  0.0E+00
   xData=  1.0E+00  0.0E+00  0.0E+00
   yData=  0.0E+00  9.921147013144779E-01  -1.253332335643043E-01
   zData=  0.0E+00  1.253332335643043E-01  9.921147013144779E-01
  IndRef=  1d0
    zElt=  0d0
 PropType= 1
  nECoord= 6
    TElt=  4.175474027263935E-04  -9.998794135834513E-01  1.552365762892078E-02  0.0E+00  0.0E+00  0.0E+00
            -9.951255349265052E-01  -1.946333887425517E-03  -9.859706649609723E-02  0.0E+00  0.0E+00  0.0E+00
            9.861539125006624E-02  -1.540681915296383E-02  -9.950063489908917E-01  0.0E+00  0.0E+00  0.0E+00
            0.0E+00  0.0E+00  0.0E+00  4.175474027263935E-04  -9.998794135834513E-01  1.552365762892078E-02
            0.0E+00  0.0E+00  0.0E+00  -9.951255349265052E-01  -1.946333887425517E-03  -9.859706649609723E-02
            0.0E+00  0.0E+00  0.0E+00  9.861539125006624E-02  -1.540681915296383E-02  -9.950063489908917E-01

    iElt=   7
 EltName=  Seg7
 Element=  Segment
 Surface=  FreeForm
    fElt=  5.153424657534246E+04
    eElt=  0.0E+00
   KrElt=  -5.153424657534246E+04
   KcElt=  0.0E+00
  psiElt=  0.0E+00  -1.253332335643043E-01  -9.921147013144779E-01
  VptElt=  0.0E+00  0.0E+00  0.0E+00
  RptElt=  -1.6E+03  -3.113758878619592E+00  -2.464793951272623E+01
 FFZernType=  BornWolf
nFFZernCoef=   16
FFZernModes=    1    3    4    5    9   10
  11   12   13   19   20   21
  22   23   24   25
 FFZernCoef=  1.197033345381584E+00  8.001048840672405E+00  -4.819152400977031E+00  1.803807588237849E+00  4.001252456159111E+00  4.686403726064767E-02
              4.454202695146058E-04  2.894345076153592E-02  6.090427484587182E-01  4.853572152725304E-04  -2.037059141355803E-04  5.655567335241816E-05
              -5.985985960057223E-06  -5.597372659639521E-08  -4.856161587539289E-06  2.268505602452859E-03
     lFF=  7.992027277230728E+03
MonZernType=  BornWolf
nMonZernCoef=    1
MonZernModes=    1
 MonZernCoef=  0d0
    lMon=  9.237604384743153E+02
 nGridMat=  256
 GridFile=  flat.txt
 GridSrfdx=  3.125E+01
     pFF=  0.0E+00  0.0E+00  0.0E+00
     xFF=  1.0E+00  0.0E+00  0.0E+00
     yFF=  0.0E+00  9.921147013144779E-01  -1.253332335643043E-01
     zFF=  0.0E+00  1.253332335643043E-01  9.921147013144779E-01
    pMon=  -1.6E+03  -3.113758878619592E+00  -2.464793951272623E+01
    xMon=  -8.655035261558922E-01  -4.996062847326635E-01  3.60167525929537E-02
    yMon=  -4.999397067917264E-01  8.571465934876926E-01  -1.239354946956149E-01
    zMon=  3.104731525784157E-02  -1.252728124058409E-01  -9.916364185966604E-01
   pData=  0.0E+00  0.0E+00  0.0E+00
   xData=  1.0E+00  0.0E+00  0.0E+00
   yData=  0.0E+00  9.921147013144779E-01  -1.253332335643043E-01
   zData=  0.0E+00  1.253332335643043E-01  9.921147013144779E-01
  IndRef=  1d0
    zElt=  0d0
 PropType= 1
  nECoord= 6
    TElt=  -8.655035261558922E-01  -4.999397067917264E-01  3.104731525784157E-02  0.0E+00  0.0E+00  0.0E+00
            -4.996062847326635E-01  8.571465934876926E-01  -1.252728124058409E-01  0.0E+00  0.0E+00  0.0E+00
            3.60167525929537E-02  -1.239354946956149E-01  -9.916364185966604E-01  0.0E+00  0.0E+00  0.0E+00
            0.0E+00  0.0E+00  0.0E+00  -8.655035261558922E-01  -4.999397067917264E-01  3.104731525784157E-02
            0.0E+00  0.0E+00  0.0E+00  -4.996062847326635E-01  8.571465934876926E-01  -1.252728124058409E-01
            0.0E+00  0.0E+00  0.0E+00  3.60167525929537E-02  -1.239354946956149E-01  -9.916364185966604E-01

    iElt=   8
 EltName=  Seg8
 Element=  Segment
 Surface=  FreeForm
    fElt=  5.153424657534246E+04
    eElt=  0.0E+00
   KrElt=  -5.153424657534246E+04
   KcElt=  0.0E+00
  psiElt=  0.0E+00  -1.253332335643043E-01  -9.921147013144779E-01
  VptElt=  0.0E+00  0.0E+00  0.0E+00
  RptElt=  -1.6E+03  2.736964874867985E+03  -4.459968397480025E+02
 FFZernType=  BornWolf
nFFZernCoef=   16
FFZernModes=    1    3    4    5    9   10
  11   12   13   19   20   21
  22   23   24   25
 FFZernCoef=  1.197033345381584E+00  8.001048840672405E+00  -4.819152400977031E+00  1.803807588237849E+00  4.001252456159111E+00  4.686403726064767E-02
              4.454202695146058E-04  2.894345076153592E-02  6.090427484587182E-01  4.853572152725304E-04  -2.037059141355803E-04  5.655567335241816E-05
              -5.985985960057223E-06  -5.597372659639521E-08  -4.856161587539289E-06  2.268505602452859E-03
     lFF=  7.992027277230728E+03
MonZernType=  BornWolf
nMonZernCoef=    1
MonZernModes=    1
 MonZernCoef=  0d0
    lMon=  9.237604384743153E+02
 nGridMat=  256
 GridFile=  flat.txt
 GridSrfdx=  3.125E+01
     pFF=  0.0E+00  0.0E+00  0.0E+00
     xFF=  1.0E+00  0.0E+00  0.0E+00
     yFF=  0.0E+00  9.921147013144779E-01  -1.253332335643043E-01
     zFF=  0.0E+00  1.253332335643043E-01  9.921147013144779E-01
    pMon=  -1.6E+03  2.736964874867985E+03  -4.459968397480025E+02
    xMon=  -8.656083104197868E-01  4.871663970673455E-01  -1.157201559825403E-01
    yMon=  4.997582587086303E-01  8.54884229162598E-01  -1.393364187195454E-01
    zMon=  3.104731525784157E-02  -1.784428656390951E-01  -9.834603235096919E-01
   pData=  0.0E+00  0.0E+00  0.0E+00
   xData=  1.0E+00  0.0E+00  0.0E+00
   yData=  0.0E+00  9.921147013144779E-01  -1.253332335643043E-01
   zData=  0.0E+00  1.253332335643043E-01  9.921147013144779E-01
  IndRef=  1d0
    zElt=  0d0
 PropType= 1
  nECoord= 6
    TElt=  -8.656083104197868E-01  4.997582587086303E-01  3.104731525784157E-02  0.0E+00  0.0E+00  0.0E+00
            4.871663970673455E-01  8.54884229162598E-01  -1.784428656390951E-01  0.0E+00  0.0E+00  0.0E+00
            -1.157201559825403E-01  -1.393364187195454E-01  -9.834603235096919E-01  0.0E+00  0.0E+00  0.0E+00
            0.0E+00  0.0E+00  0.0E+00  -8.656083104197868E-01  4.997582587086303E-01  3.104731525784157E-02
            0.0E+00  0.0E+00  0.0E+00  4.871663970673455E-01  8.54884229162598E-01  -1.784428656390951E-01
            0.0E+00  0.0E+00  0.0E+00  -1.157201559825403E-01  -1.393364187195454E-01  -9.834603235096919E-01

    iElt=   9
 EltName=  Seg9
 Element=  Segment
 Surface=  FreeForm
    fElt=  5.153424657534246E+04
    eElt=  0.0E+00
   KrElt=  -5.153424657534246E+04
   KcElt=  0.0E+00
  psiElt=  0.0E+00  -1.253332335643043E-01  -9.921147013144779E-01
  VptElt=  0.0E+00  0.0E+00  0.0E+00
  RptElt=  0.0E+00  2.740083147911235E+03  -4.213131669427858E+02
 FFZernType=  BornWolf
nFFZernCoef=   16
FFZernModes=    1    3    4    5    9   10
  11   12   13   19   20   21
  22   23   24   25
 FFZernCoef=  1.197033345381584E+00  8.001048840672405E+00  -4.819152400977031E+00  1.803807588237849E+00  4.001252456159111E+00  4.686403726064767E-02
              4.454202695146058E-04  2.894345076153592E-02  6.090427484587182E-01  4.853572152725304E-04  -2.037059141355803E-04  5.655567335241816E-05
              -5.985985960057223E-06  -5.597372659639521E-08  -4.856161587539289E-06  2.268505602452859E-03
     lFF=  7.992027277230728E+03
MonZernType=  BornWolf
nMonZernCoef=    1
MonZernModes=    1
 MonZernCoef=  0d0
    lMon=  9.237604384743153E+02
 nGridMat=  256
 GridFile=  flat.txt
 GridSrfdx=  3.125E+01
     pFF=  0.0E+00  0.0E+00  0.0E+00
     xFF=  1.0E+00  0.0E+00  0.0E+00
     yFF=  0.0E+00  9.921147013144779E-01  -1.253332335643043E-01
     zFF=  0.0E+00  1.253332335643043E-01  9.921147013144779E-01
    pMon=  0.0E+00  2.740083147911235E+03  -4.213131669427858E+02
    xMon=  0.0E+00  9.839392996167576E-01  -1.785033743929912E-01
    yMon=  1.0E+00  0.0E+00  0.0E+00
    zMon=  0.0E+00  -1.785033743929912E-01  -9.839392996167576E-01
   pData=  0.0E+00  0.0E+00  0.0E+00
   xData=  1.0E+00  0.0E+00  0.0E+00
   yData=  0.0E+00  9.921147013144779E-01  -1.253332335643043E-01
   zData=  0.0E+00  1.253332335643043E-01  9.921147013144779E-01
  IndRef=  1d0
    zElt=  0d0
 PropType= 1
  nECoord= 6
    TElt=  0.0E+00  1.0E+00  0.0E+00  0.0E+00  0.0E+00  0.0E+00
            9.839392996167576E-01  0.0E+00  -1.785033743929912E-01  0.0E+00  0.0E+00  0.0E+00
            -1.785033743929912E-01  0.0E+00  -9.839392996167576E-01  0.0E+00  0.0E+00  0.0E+00
            0.0E+00  0.0E+00  0.0E+00  0.0E+00  1.0E+00  0.0E+00
            0.0E+00  0.0E+00  0.0E+00  9.839392996167576E-01  0.0E+00  -1.785033743929912E-01
            0.0E+00  0.0E+00  0.0E+00  -1.785033743929912E-01  0.0E+00  -9.839392996167576E-01

    iElt=  10
 EltName=  Seg10
 Element=  Segment
 Surface=  FreeForm
    fElt=  5.153424657534246E+04
    eElt=  0.0E+00
   KrElt=  -5.153424657534246E+04
   KcElt=  0.0E+00
  psiElt=  0.0E+00  -1.253332335643043E-01  -9.921147013144779E-01
  VptElt=  0.0E+00  0.0E+00  0.0E+00
  RptElt=  1.6E+03  2.736964874867985E+03  -4.459968397480025E+02
 FFZernType=  BornWolf
nFFZernCoef=   16
FFZernModes=    1    3    4    5    9   10
  11   12   13   19   20   21
  22   23   24   25
 FFZernCoef=  1.197033345381584E+00  8.001048840672405E+00  -4.819152400977031E+00  1.803807588237849E+00  4.001252456159111E+00  4.686403726064767E-02
              4.454202695146058E-04  2.894345076153592E-02  6.090427484587182E-01  4.853572152725304E-04  -2.037059141355803E-04  5.655567335241816E-05
              -5.985985960057223E-06  -5.597372659639521E-08  -4.856161587539289E-06  2.268505602452859E-03
     lFF=  7.992027277230728E+03
MonZernType=  BornWolf
nMonZernCoef=    1
MonZernModes=    1
 MonZernCoef=  0d0
    lMon=  9.237604384743153E+02
 nGridMat=  256
 GridFile=  flat.txt
 GridSrfdx=  3.125E+01
     pFF=  0.0E+00  0.0E+00  0.0E+00
     xFF=  1.0E+00  0.0E+00  0.0E+00
     yFF=  0.0E+00  9.921147013144779E-01  -1.253332335643043E-01
     zFF=  0.0E+00  1.253332335643043E-01  9.921147013144779E-01
    pMon=  1.6E+03  2.736964874867985E+03  -4.459968397480025E+02
    xMon=  -1.672005077053111E-03  9.839425582219826E-01  -1.784775798765846E-01
    yMon=  9.995165174294532E-01  -3.896899034896423E-03  -3.08471321780375E-02
    zMon=  -3.104731525784157E-02  -1.784428656390951E-01  -9.834603235096919E-01
   pData=  0.0E+00  0.0E+00  0.0E+00
   xData=  1.0E+00  0.0E+00  0.0E+00
   yData=  0.0E+00  9.921147013144779E-01  -1.253332335643043E-01
   zData=  0.0E+00  1.253332335643043E-01  9.921147013144779E-01
  IndRef=  1d0
    zElt=  0d0
 PropType= 1
  nECoord= 6
    TElt=  -1.672005077053111E-03  9.995165174294532E-01  -3.104731525784157E-02  0.0E+00  0.0E+00  0.0E+00
            9.839425582219826E-01  -3.896899034896423E-03  -1.784428656390951E-01  0.0E+00  0.0E+00  0.0E+00
            -1.784775798765846E-01  -3.08471321780375E-02  -9.834603235096919E-01  0.0E+00  0.0E+00  0.0E+00
            0.0E+00  0.0E+00  0.0E+00  -1.672005077053111E-03  9.995165174294532E-01  -3.104731525784157E-02
            0.0E+00  0.0E+00  0.0E+00  9.839425582219826E-01  -3.896899034896423E-03  -1.784428656390951E-01
            0.0E+00  0.0E+00  0.0E+00  -1.784775798765846E-01  -3.08471321780375E-02  -9.834603235096919E-01

    iElt=  11
 EltName=  Seg11
 Element=  Segment
 Surface=  FreeForm
    fElt=  5.153424657534246E+04
    eElt=  0.0E+00
   KrElt=  -5.153424657534246E+04
   KcElt=  0.0E+00
  psiElt=  0.0E+00  -1.253332335643043E-01  -9.921147013144779E-01
  VptElt=  0.0E+00  0.0E+00  0.0E+00
  RptElt=  2.4E+03  1.365368680774635E+03  -2.476463418194562E+02
 FFZernType=  BornWolf
nFFZernCoef=   16
FFZernModes=    1    3    4    5    9   10
  11   12   13   19   20   21
  22   23   24   25
 FFZernCoef=  1.197033345381584E+00  8.001048840672405E+00  -4.819152400977031E+00  1.803807588237849E+00  4.001252456159111E+00  4.686403726064767E-02
              4.454202695146058E-04  2.894345076153592E-02  6.090427484587182E-01  4.853572152725304E-04  -2.037059141355803E-04  5.655567335241816E-05
              -5.985985960057223E-06  -5.597372659639521E-08  -4.856161587539289E-06  2.268505602452859E-03
     lFF=  7.992027277230728E+03
MonZernType=  BornWolf
nMonZernCoef=    1
MonZernModes=    1
 MonZernCoef=  0d0
    lMon=  9.237604384743153E+02
 nGridMat=  256
 GridFile=  flat.txt
 GridSrfdx=  3.125E+01
     pFF=  0.0E+00  0.0E+00  0.0E+00
     xFF=  1.0E+00  0.0E+00  0.0E+00
     yFF=  0.0E+00  9.921147013144779E-01  -1.253332335643043E-01
     zFF=  0.0E+00  1.253332335643043E-01  9.921147013144779E-01
    pMon=  2.4E+03  1.365368680774635E+03  -2.476463418194562E+02
    xMon=  8.647723078847869E-01  4.885997194506342E-01  -1.159274327688717E-01
    yMon=  5.0E-01  -8.591965347817621E-01  1.085417643997566E-01
    zMon=  -4.657097288676236E-02  -1.518276284863001E-01  -9.873092300351529E-01
   pData=  0.0E+00  0.0E+00  0.0E+00
   xData=  1.0E+00  0.0E+00  0.0E+00
   yData=  0.0E+00  9.921147013144779E-01  -1.253332335643043E-01
   zData=  0.0E+00  1.253332335643043E-01  9.921147013144779E-01
  IndRef=  1d0
    zElt=  0d0
 PropType= 1
  nECoord= 6
    TElt=  8.647723078847869E-01  5.0E-01  -4.657097288676236E-02  0.0E+00  0.0E+00  0.0E+00
            4.885997194506342E-01  -8.591965347817621E-01  -1.518276284863001E-01  0.0E+00  0.0E+00  0.0E+00
            -1.159274327688717E-01  1.085417643997566E-01  -9.873092300351529E-01  0.0E+00  0.0E+00  0.0E+00
            0.0E+00  0.0E+00  0.0E+00  8.647723078847869E-01  5.0E-01  -4.657097288676236E-02
            0.0E+00  0.0E+00  0.0E+00  4.885997194506342E-01  -8.591965347817621E-01  -1.518276284863001E-01
            0.0E+00  0.0E+00  0.0E+00  -1.159274327688717E-01  1.085417643997566E-01  -9.873092300351529E-01

    iElt=  12
 EltName=  Seg12
 Element=  Segment
 Surface=  FreeForm
    fElt=  5.153424657534246E+04
    eElt=  0.0E+00
   KrElt=  -5.153424657534246E+04
   KcElt=  0.0E+00
  psiElt=  0.0E+00  -1.253332335643043E-01  -9.921147013144779E-01
  VptElt=  0.0E+00  0.0E+00  0.0E+00
  RptElt=  3.2E+03  -1.246405948381562E+01  -9.866319012353233E+01
 FFZernType=  BornWolf
nFFZernCoef=   16
FFZernModes=    1    3    4    5    9   10
  11   12   13   19   20   21
  22   23   24   25
 FFZernCoef=  1.197033345381584E+00  8.001048840672405E+00  -4.819152400977031E+00  1.803807588237849E+00  4.001252456159111E+00  4.686403726064767E-02
              4.454202695146058E-04  2.894345076153592E-02  6.090427484587182E-01  4.853572152725304E-04  -2.037059141355803E-04  5.655567335241816E-05
              -5.985985960057223E-06  -5.597372659639521E-08  -4.856161587539289E-06  2.268505602452859E-03
     lFF=  7.992027277230728E+03
MonZernType=  BornWolf
nMonZernCoef=    1
MonZernModes=    1
 MonZernCoef=  0d0
    lMon=  9.237604384743153E+02
 nGridMat=  256
 GridFile=  flat.txt
 GridSrfdx=  3.125E+01
     pFF=  0.0E+00  0.0E+00  0.0E+00
     xFF=  1.0E+00  0.0E+00  0.0E+00
     yFF=  0.0E+00  9.921147013144779E-01  -1.253332335643043E-01
     zFF=  0.0E+00  1.253332335643043E-01  9.921147013144779E-01
    pMon=  3.2E+03  -1.246405948381562E+01  -9.866319012353233E+01
    xMon=  8.639363053533133E-01  4.900395590383534E-01  -1.160831205213005E-01
    yMon=  4.997582587147385E-01  -8.62678027291917E-01  7.764215397668406E-02
    zMon=  -6.209463051568314E-02  -1.250913738241877E-01  -9.902001843344093E-01
   pData=  0.0E+00  0.0E+00  0.0E+00
   xData=  1.0E+00  0.0E+00  0.0E+00
   yData=  0.0E+00  9.921147013144779E-01  -1.253332335643043E-01
   zData=  0.0E+00  1.253332335643043E-01  9.921147013144779E-01
  IndRef=  1d0
    zElt=  0d0
 PropType= 1
  nECoord= 6
    TElt=  8.639363053533133E-01  4.997582587147385E-01  -6.209463051568314E-02  0.0E+00  0.0E+00  0.0E+00
            4.900395590383534E-01  -8.62678027291917E-01  -1.250913738241877E-01  0.0E+00  0.0E+00  0.0E+00
            -1.160831205213005E-01  7.764215397668406E-02  -9.902001843344093E-01  0.0E+00  0.0E+00  0.0E+00
            0.0E+00  0.0E+00  0.0E+00  8.639363053533133E-01  4.997582587147385E-01  -6.209463051568314E-02
            0.0E+00  0.0E+00  0.0E+00  4.900395590383534E-01  -8.62678027291917E-01  -1.250913738241877E-01
            0.0E+00  0.0E+00  0.0E+00  -1.160831205213005E-01  7.764215397668406E-02  -9.902001843344093E-01

    iElt=  13
 EltName=  Seg13
 Element=  Segment
 Surface=  FreeForm
    fElt=  5.153424657534246E+04
    eElt=  0.0E+00
   KrElt=  -5.153424657534246E+04
   KcElt=  0.0E+00
  psiElt=  0.0E+00  -1.253332335643043E-01  -9.921147013144779E-01
  VptElt=  0.0E+00  0.0E+00  0.0E+00
  RptElt=  2.4E+03  -1.384060253734594E+03  9.968730655883883E+01
 FFZernType=  BornWolf
nFFZernCoef=   16
FFZernModes=    1    3    4    5    9   10
  11   12   13   19   20   21
  22   23   24   25
 FFZernCoef=  1.197033345381584E+00  8.001048840672405E+00  -4.819152400977031E+00  1.803807588237849E+00  4.001252456159111E+00  4.686403726064767E-02
              4.454202695146058E-04  2.894345076153592E-02  6.090427484587182E-01  4.853572152725304E-04  -2.037059141355803E-04  5.655567335241816E-05
              -5.985985960057223E-06  -5.597372659639521E-08  -4.856161587539289E-06  2.268505602452859E-03
     lFF=  7.992027277230728E+03
MonZernType=  BornWolf
nMonZernCoef=    1
MonZernModes=    1
 MonZernCoef=  0d0
    lMon=  9.237604384743153E+02
 nGridMat=  256
 GridFile=  flat.txt
 GridSrfdx=  3.125E+01
     pFF=  0.0E+00  0.0E+00  0.0E+00
     xFF=  1.0E+00  0.0E+00  0.0E+00
     yFF=  0.0E+00  9.921147013144779E-01  -1.253332335643043E-01
     zFF=  0.0E+00  1.253332335643043E-01  9.921147013144779E-01
    pMon=  2.4E+03  -1.384060253734594E+03  9.968730655883883E+01
    xMon=  8.647723078847869E-01  -5.020794409666596E-01  9.224449806157354E-03
    yMon=  -5.0E-01  -8.591965348309346E-01  1.085417640105154E-01
    zMon=  -4.657097288676237E-02  -9.847613666833797E-02  -9.940490908356887E-01
   pData=  0.0E+00  0.0E+00  0.0E+00
   xData=  1.0E+00  0.0E+00  0.0E+00
   yData=  0.0E+00  9.921147013144779E-01  -1.253332335643043E-01
   zData=  0.0E+00  1.253332335643043E-01  9.921147013144779E-01
  IndRef=  1d0
    zElt=  0d0
 PropType= 1
  nECoord= 6
    TElt=  8.647723078847869E-01  -5.0E-01  -4.657097288676237E-02  0.0E+00  0.0E+00  0.0E+00
            -5.020794409666596E-01  -8.591965348309346E-01  -9.847613666833797E-02  0.0E+00  0.0E+00  0.0E+00
            9.224449806157354E-03  1.085417640105154E-01  -9.940490908356887E-01  0.0E+00  0.0E+00  0.0E+00
            0.0E+00  0.0E+00  0.0E+00  8.647723078847869E-01  -5.0E-01  -4.657097288676237E-02
            0.0E+00  0.0E+00  0.0E+00  -5.020794409666596E-01  -8.591965348309346E-01  -9.847613666833797E-02
            0.0E+00  0.0E+00  0.0E+00  9.224449806157354E-03  1.085417640105154E-01  -9.940490908356887E-01

    iElt=  14
 EltName=  Seg14
 Element=  Segment
 Surface=  FreeForm
    fElt=  5.153424657534246E+04
    eElt=  0.0E+00
   KrElt=  -5.153424657534246E+04
   KcElt=  0.0E+00
  psiElt=  0.0E+00  -1.253332335643043E-01  -9.921147013144779E-01
  VptElt=  0.0E+00  0.0E+00  0.0E+00
  RptElt=  1.6E+03  -2.761892994150473E+03  2.486704570085894E+02
 FFZernType=  BornWolf
nFFZernCoef=   16
FFZernModes=    1    3    4    5    9   10
  11   12   13   19   20   21
  22   23   24   25
 FFZernCoef=  1.197033345381584E+00  8.001048840672405E+00  -4.819152400977031E+00  1.803807588237849E+00  4.001252456159111E+00  4.686403726064767E-02
              4.454202695146058E-04  2.894345076153592E-02  6.090427484587182E-01  4.853572152725304E-04  -2.037059141355803E-04  5.655567335241816E-05
              -5.985985960057223E-06  -5.597372659639521E-08  -4.856161587539289E-06  2.268505602452859E-03
     lFF=  7.992027277230728E+03
MonZernType=  BornWolf
nMonZernCoef=    1
MonZernModes=    1
 MonZernCoef=  0d0
    lMon=  9.237604384743153E+02
 nGridMat=  256
 GridFile=  flat.txt
 GridSrfdx=  3.125E+01
     pFF=  0.0E+00  0.0E+00  0.0E+00
     xFF=  1.0E+00  0.0E+00  0.0E+00
     yFF=  0.0E+00  9.921147013144779E-01  -1.253332335643043E-01
     zFF=  0.0E+00  1.253332335643043E-01  9.921147013144779E-01
    pMon=  1.6E+03  -2.761892994150473E+03  2.486704570085894E+02
    xMon=  8.656083104197868E-01  -5.006396014011328E-01  9.06876182931993E-03
    yMon=  -4.997582587086303E-01  -8.626780273306409E-01  7.764215358574059E-02
    zMon=  -3.104731525784157E-02  -7.173988200317072E-02  -9.969400451107636E-01
   pData=  0.0E+00  0.0E+00  0.0E+00
   xData=  1.0E+00  0.0E+00  0.0E+00
   yData=  0.0E+00  9.921147013144779E-01  -1.253332335643043E-01
   zData=  0.0E+00  1.253332335643043E-01  9.921147013144779E-01
  IndRef=  1d0
    zElt=  0d0
 PropType= 1
  nECoord= 6
    TElt=  8.656083104197868E-01  -4.997582587086303E-01  -3.104731525784157E-02  0.0E+00  0.0E+00  0.0E+00
            -5.006396014011328E-01  -8.626780273306409E-01  -7.173988200317072E-02  0.0E+00  0.0E+00  0.0E+00
            9.06876182931993E-03  7.764215358574059E-02  -9.969400451107636E-01  0.0E+00  0.0E+00  0.0E+00
            0.0E+00  0.0E+00  0.0E+00  8.656083104197868E-01  -4.997582587086303E-01  -3.104731525784157E-02
            0.0E+00  0.0E+00  0.0E+00  -5.006396014011328E-01  -8.626780273306409E-01  -7.173988200317072E-02
            0.0E+00  0.0E+00  0.0E+00  9.06876182931993E-03  7.764215358574059E-02  -9.969400451107636E-01

    iElt=  15
 EltName=  Seg15
 Element=  Segment
 Surface=  FreeForm
    fElt=  5.153424657534246E+04
    eElt=  0.0E+00
   KrElt=  -5.153424657534246E+04
   KcElt=  0.0E+00
  psiElt=  0.0E+00  -1.253332335643043E-01  -9.921147013144779E-01
  VptElt=  0.0E+00  0.0E+00  0.0E+00
  RptElt=  0.0E+00  -2.758774721107223E+03  2.73354129813808E+02
 FFZernType=  BornWolf
nFFZernCoef=   16
FFZernModes=    1    3    4    5    9   10
  11   12   13   19   20   21
  22   23   24   25
 FFZernCoef=  1.197033345381584E+00  8.001048840672405E+00  -4.819152400977031E+00  1.803807588237849E+00  4.001252456159111E+00  4.686403726064767E-02
              4.454202695146058E-04  2.894345076153592E-02  6.090427484587182E-01  4.853572152725304E-04  -2.037059141355803E-04  5.655567335241816E-05
              -5.985985960057223E-06  -5.597372659639521E-08  -4.856161587539289E-06  2.268505602452859E-03
     lFF=  7.992027277230728E+03
MonZernType=  BornWolf
nMonZernCoef=    1
MonZernModes=    1
 MonZernCoef=  0d0
    lMon=  9.237604384743153E+02
 nGridMat=  256
 GridFile=  flat.txt
 GridSrfdx=  3.125E+01
     pFF=  0.0E+00  0.0E+00  0.0E+00
     xFF=  1.0E+00  0.0E+00  0.0E+00
     yFF=  0.0E+00  9.921147013144779E-01  -1.253332335643043E-01
     zFF=  0.0E+00  1.253332335643043E-01  9.921147013144779E-01
    pMon=  0.0E+00  -2.758774721107223E+03  2.73354129813808E+02
    xMon=  0.0E+00  -9.974190212178294E-01  7.180039075706687E-02
    yMon=  -1.0E+00  0.0E+00  0.0E+00
    zMon=  0.0E+00  -7.180039075706686E-02  -9.974190212178292E-01
   pData=  0.0E+00  0.0E+00  0.0E+00
   xData=  1.0E+00  0.0E+00  0.0E+00
   yData=  0.0E+00  9.921147013144779E-01  -1.253332335643043E-01
   zData=  0.0E+00  1.253332335643043E-01  9.921147013144779E-01
  IndRef=  1d0
    zElt=  0d0
 PropType= 1
  nECoord= 6
    TElt=  0.0E+00  -1.0E+00  0.0E+00  0.0E+00  0.0E+00  0.0E+00
            -9.974190212178294E-01  0.0E+00  -7.180039075706686E-02  0.0E+00  0.0E+00  0.0E+00
            7.180039075706687E-02  0.0E+00  -9.974190212178292E-01  0.0E+00  0.0E+00  0.0E+00
            0.0E+00  0.0E+00  0.0E+00  0.0E+00  -1.0E+00  0.0E+00
            0.0E+00  0.0E+00  0.0E+00  -9.974190212178294E-01  0.0E+00  -7.180039075706686E-02
            0.0E+00  0.0E+00  0.0E+00  7.180039075706687E-02  0.0E+00  -9.974190212178292E-01

    iElt=  16
 EltName=  Seg16
 Element=  Segment
 Surface=  FreeForm
    fElt=  5.153424657534246E+04
    eElt=  0.0E+00
   KrElt=  -5.153424657534246E+04
   KcElt=  0.0E+00
  psiElt=  0.0E+00  -1.253332335643043E-01  -9.921147013144779E-01
  VptElt=  0.0E+00  0.0E+00  0.0E+00
  RptElt=  -1.6E+03  -2.761892994150473E+03  2.486704570085894E+02
 FFZernType=  BornWolf
nFFZernCoef=   16
FFZernModes=    1    3    4    5    9   10
  11   12   13   19   20   21
  22   23   24   25
 FFZernCoef=  1.197033345381584E+00  8.001048840672405E+00  -4.819152400977031E+00  1.803807588237849E+00  4.001252456159111E+00  4.686403726064767E-02
              4.454202695146058E-04  2.894345076153592E-02  6.090427484587182E-01  4.853572152725304E-04  -2.037059141355803E-04  5.655567335241816E-05
              -5.985985960057223E-06  -5.597372659639521E-08  -4.856161587539289E-06  2.268505602452859E-03
     lFF=  7.992027277230728E+03
MonZernType=  BornWolf
nMonZernCoef=    1
