
% ---------------------------------------------------------------------------------------
% Source Definition
% ---------------------------------------------------------------------------------------

        ChfRayDir=  0.0E+00  -3.490658433100967E-04  9.999999390765167E-01
        ChfRayPos=  0.0E+00  7.714355605011924E+00  -2.209999999390765E+04
          zSource=1.0E+22

        BaseUnits=  mm
        WaveUnits=  mm

           IndRef=1.0E+00
           Extinc=0.0E+00
          Wavelen=1.0E-03
             Flux=1.0E+00

         Aperture=8.0E+03
         Obscratn=0.0E+00

         GridType=  Hex
         nGridpts=  128
            xGrid=  -1.0E+00  -8.256168163029683E-26  -2.881946477916146E-29
            yGrid=  -8.256168666024237E-26  9.999999390765167E-01  3.490658433100967E-04

             nSeg=  19
            width=  1.6E+03
              gap=  5.0E+01
         SegXgrid=  1.0E+00  0.0E+00  0.0E+00
         SegCoord=    0    0    0
                      1    2    1
                     -1    1    2
                     -2   -1    1
                     -1   -2   -1
                      1   -1   -2
                      2    1   -1
                      2    4    2
                      0    3    3
                     -2    2    4
                     -3    0    3
                     -4   -2    2
                     -3   -3    0
                     -2   -4   -2
                      0   -3   -3
                      2   -2   -4
                      3    0   -3
                      4    2   -2
                      3    3    0

% ---------------------------------------------------------------------------------------
% Element Definitions
% ---------------------------------------------------------------------------------------

             nElt=  25

    iElt=   1
 EltName=  Seg1
 Element=  Segment
 Surface=  FreeForm
    fElt=  5.153424657534246E+04
    eElt=  0.0E+00
   KrElt=  -5.153424657534246E+04
   KcElt=  0.0E+00
  psiElt=  0.0E+00  -1.253332335643043E-01  -9.921147013144779E-01
  VptElt=  0.0E+00  0.0E+00  0.0E+00
  RptElt=  0.0E+00  0.0E+00  0.0E+00
 FFZernType=  BornWolf
nFFZernCoef=   16
FFZernModes=    1    3    4    5    9   10
  11   12   13   19   20   21
  22   23   24   25
 FFZernCoef=  1.197033345381584E+00  8.001048840672405E+00  -4.819152400977031E+00  1.803807588237849E+00  4.001252456159111E+00  4.686403726064767E-02
              4.454202695146058E-04  2.894345076153592E-02  6.090427484587182E-01  4.853572152725304E-04  -2.037059141355803E-04  5.655567335241816E-05
              -5.985985960057223E-06  -5.597372659639521E-08  -4.856161587539289E-06  2.268505602452859E-03
     lFF=  7.992027277230728E+03
MonZernType=  BornWolf
nMonZernCoef=    1
MonZernModes=    1
 MonZernCoef=  0d0
    lMon=  9.237604384743153E+02
 nGridMat=  256
 GridFile=  flat.txt
 GridSrfdx=  3.125E+01
     pFF=  0.0E+00  0.0E+00  0.0E+00
     xFF=  1.0E+00  0.0E+00  0.0E+00
     yFF=  0.0E+00  9.921147013144779E-01  -1.253332335643043E-01
     zFF=  0.0E+00  1.253332335643043E-01  9.921147013144779E-01
    pMon=  0.0E+00  0.0E+00  0.0E+00
    xMon=  -8.660254037844387E-01  4.96057350657239E-01  -6.266661678215216E-02
    yMon=  5.000000000000001E-01  8.591965348063485E-01  -1.08541764205136E-01
    zMon=  0.0E+00  -1.253332335643043E-01  -9.921147013144778E-01
   pData=  0.0E+00  0.0E+00  0.0E+00
   xData=  1.0E+00  0.0E+00  0.0E+00
   yData=  0.0E+00  9.921147013144779E-01  -1.253332335643043E-01
   zData=  0.0E+00  1.253332335643043E-01  9.921147013144779E-01
  IndRef=  1d0
    zElt=  0d0
 PropType= 1
  nECoord= 6
    TElt=  -8.660254037844387E-01  5.000000000000001E-01  0.0E+00  0.0E+00  0.0E+00  0.0E+00
            4.96057350657239E-01  8.591965348063485E-01  -1.253332335643043E-01  0.0E+00  0.0E+00  0.0E+00
            -6.266661678215216E-02  -1.08541764205136E-01  -9.921147013144778E-01  0.0E+00  0.0E+00  0.0E+00
            0.0E+00  0.0E+00  0.0E+00  -8.660254037844387E-01  5.000000000000001E-01  0.0E+00
            0.0E+00  0.0E+00  0.0E+00  4.96057350657239E-01  8.591965348063485E-01  -1.253332335643043E-01
            0.0E+00  0.0E+00  0.0E+00  -6.266661678215216E-02  -1.08541764205136E-01  -9.921147013144778E-01

    iElt=   2
 EltName=  Seg2
 Element=  Segment
 Surface=  FreeForm
    fElt=  5.153424657534246E+04
    eElt=  0.0E+00
   KrElt=  -5.153424657534246E+04
   KcElt=  0.0E+00
  psiElt=  0.0E+00  -1.253332335643043E-01  -9.921147013144779E-01
  VptElt=  0.0E+00  0.0E+00  0.0E+00
  RptElt=  -8.0E+02  1.37162409333846E+03  -1.98129652663154E+02
 FFZernType=  BornWolf
nFFZernCoef=   16
FFZernModes=    1    3    4    5    9   10
  11   12   13   19   20   21
  22   23   24   25
 FFZernCoef=  1.197033345381584E+00  8.001048840672405E+00  -4.819152400977031E+00  1.803807588237849E+00  4.001252456159111E+00  4.686403726064767E-02
              4.454202695146058E-04  2.894345076153592E-02  6.090427484587182E-01  4.853572152725304E-04  -2.037059141355803E-04  5.655567335241816E-05
              -5.985985960057223E-06  -5.597372659639521E-08  -4.856161587539289E-06  2.268505602452859E-03
     lFF=  7.992027277230728E+03
MonZernType=  BornWolf
nMonZernCoef=    1
MonZernModes=    1
 MonZernCoef=  0d0
    lMon=  9.237604384743153E+02
 nGridMat=  256
 GridFile=  flat.txt
 GridSrfdx=  3.125E+01
     pFF=  0.0E+00  0.0E+00  0.0E+00
     xFF=  1.0E+00  0.0E+00  0.0E+00
     yFF=  0.0E+00  9.921147013144779E-01  -1.253332335643043E-01
     zFF=  0.0E+00  1.253332335643043E-01  9.921147013144779E-01
    pMon=  -8.0E+02  1.37162409333846E+03  -1.98129652663154E+02
    xMon=  -8.659183564059678E-01  4.921779346567731E-01  -8.91419131283411E-02
    yMon=  4.999424373086371E-01  8.57195865706364E-01  -1.235831994804174E-01
    zMon=  1.558715551622201E-02  -1.515787862892115E-01  -9.883222713922837E-01
   pData=  0.0E+00  0.0E+00  0.0E+00
   xData=  1.0E+00  0.0E+00  0.0E+00
   yData=  0.0E+00  9.921147013144779E-01  -1.253332335643043E-01
   zData=  0.0E+00  1.253332335643043E-01  9.921147013144779E-01
  IndRef=  1d0
    zElt=  0d0
 PropType= 1
  nECoord= 6
    TElt=  -8.659183564059678E-01  4.999424373086371E-01  1.558715551622201E-02  0.0E+00  0.0E+00  0.0E+00
            4.921779346567731E-01  8.57195865706364E-01  -1.515787862892115E-01  0.0E+00  0.0E+00  0.0E+00
            -8.91419131283411E-02  -1.235831994804174E-01  -9.883222713922837E-01  0.0E+00  0.0E+00  0.0E+00
            0.0E+00  0.0E+00  0.0E+00  -8.659183564059678E-01  4.999424373086371E-01  1.558715551622201E-02
            0.0E+00  0.0E+00  0.0E+00  4.921779346567731E-01  8.57195865706364E-01  -1.515787862892115E-01
            0.0E+00  0.0E+00  0.0E+00  -8.91419131283411E-02  -1.235831994804174E-01  -9.883222713922837E-01

    iElt=   3
 EltName=  Seg3
 Element=  Segment
 Surface=  FreeForm
    fElt=  5.153424657534246E+04
    eElt=  0.0E+00
   KrElt=  -5.153424657534246E+04
   KcElt=  0.0E+00
  psiElt=  0.0E+00  -1.253332335643043E-01  -9.921147013144779E-01
  VptElt=  0.0E+00  0.0E+00  0.0E+00
  RptElt=  8.0E+02  1.37162409333846E+03  -1.98129652663154E+02
 FFZernType=  BornWolf
nFFZernCoef=   16
FFZernModes=    1    3    4    5    9   10
  11   12   13   19   20   21
  22   23   24   25
 FFZernCoef=  1.197033345381584E+00  8.001048840672405E+00  -4.819152400977031E+00  1.803807588237849E+00  4.001252456159111E+00  4.686403726064767E-02
              4.454202695146058E-04  2.894345076153592E-02  6.090427484587182E-01  4.853572152725304E-04  -2.037059141355803E-04  5.655567335241816E-05
              -5.985985960057223E-06  -5.597372659639521E-08  -4.856161587539289E-06  2.268505602452859E-03
     lFF=  7.992027277230728E+03
MonZernType=  BornWolf
nMonZernCoef=    1
MonZernModes=    1
 MonZernCoef=  0d0
    lMon=  9.237604384743153E+02
 nGridMat=  256
 GridFile=  flat.txt
 GridSrfdx=  3.125E+01
     pFF=  0.0E+00  0.0E+00  0.0E+00
     xFF=  1.0E+00  0.0E+00  0.0E+00
     yFF=  0.0E+00  9.921147013144779E-01  -1.253332335643043E-01
     zFF=  0.0E+00  1.253332335643043E-01  9.921147013144779E-01
    pMon=  8.0E+02  1.37162409333846E+03  -1.98129652663154E+02
    xMon=  -4.134218760792777E-04  9.884432469058677E-01  -1.515908200668444E-01
    yMon=  9.998784274426894E-01  -1.9542756396036E-03  -1.546968459468269E-02
    zMon=  -1.558715551622201E-02  -1.515787862892115E-01  -9.883222713922837E-01
   pData=  0.0E+00  0.0E+00  0.0E+00
   xData=  1.0E+00  0.0E+00  0.0E+00
   yData=  0.0E+00  9.921147013144779E-01  -1.253332335643043E-01
   zData=  0.0E+00  1.253332335643043E-01  9.921147013144779E-01
  IndRef=  1d0
    zElt=  0d0
 PropType= 1
  nECoord= 6
    TElt=  -4.134218760792777E-04  9.998784274426894E-01  -1.558715551622201E-02  0.0E+00  0.0E+00  0.0E+00
            9.884432469058677E-01  -1.9542756396036E-03  -1.515787862892115E-01  0.0E+00  0.0E+00  0.0E+00
            -1.515908200668444E-01  -1.546968459468269E-02  -9.883222713922837E-01  0.0E+00  0.0E+00  0.0E+00
            0.0E+00  0.0E+00  0.0E+00  -4.134218760792777E-04  9.998784274426894E-01  -1.558715551622201E-02
            0.0E+00  0.0E+00  0.0E+00  9.884432469058677E-01  -1.9542756396036E-03  -1.515787862892115E-01
            0.0E+00  0.0E+00  0.0E+00  -1.515908200668444E-01  -1.546968459468269E-02  -9.883222713922837E-01

    iElt=   4
 EltName=  Seg4
 Element=  Segment
 Surface=  FreeForm
    fElt=  5.153424657534246E+04
    eElt=  0.0E+00
   KrElt=  -5.153424657534246E+04
   KcElt=  0.0E+00
  psiElt=  0.0E+00  -1.253332335643043E-01  -9.921147013144779E-01
  VptElt=  0.0E+00  0.0E+00  0.0E+00
  RptElt=  1.6E+03  -3.1377551676444E+00  -2.483788969944908E+01
 FFZernType=  BornWolf
nFFZernCoef=   16
FFZernModes=    1    3    4    5    9   10
  11   12   13   19   20   21
  22   23   24   25
 FFZernCoef=  1.197033345381584E+00  8.001048840672405E+00  -4.819152400977031E+00  1.803807588237849E+00  4.001252456159111E+00  4.686403726064767E-02
              4.454202695146058E-04  2.894345076153592E-02  6.090427484587182E-01  4.853572152725304E-04  -2.037059141355803E-04  5.655567335241816E-05
              -5.985985960057223E-06  -5.597372659639521E-08  -4.856161587539289E-06  2.268505602452859E-03
     lFF=  7.992027277230728E+03
MonZernType=  BornWolf
nMonZernCoef=    1
MonZernModes=    1
 MonZernCoef=  0d0
    lMon=  9.237604384743153E+02
 nGridMat=  256
 GridFile=  flat.txt
 GridSrfdx=  3.125E+01
     pFF=  0.0E+00  0.0E+00  0.0E+00
     xFF=  1.0E+00  0.0E+00  0.0E+00
     yFF=  0.0E+00  9.921147013144779E-01  -1.253332335643043E-01
     zFF=  0.0E+00  1.253332335643043E-01  9.921147013144779E-01
    pMon=  1.6E+03  -3.1377551676444E+00  -2.483788969944908E+01
    xMon=  8.654959495924611E-01  4.928498422778689E-01  -8.95309678587474E-02
    yMon=  4.999383903317648E-01  -8.610581314532776E-01  9.295429054473103E-02
    zMon=  -3.12788604576346E-02  -1.252115299198527E-01  -9.916368819601264E-01
   pData=  0.0E+00  0.0E+00  0.0E+00
   xData=  1.0E+00  0.0E+00  0.0E+00
   yData=  0.0E+00  9.921147013144779E-01  -1.253332335643043E-01
   zData=  0.0E+00  1.253332335643043E-01  9.921147013144779E-01
  IndRef=  1d0
    zElt=  0d0
 PropType= 1
  nECoord= 6
    TElt=  8.654959495924611E-01  4.999383903317648E-01  -3.12788604576346E-02  0.0E+00  0.0E+00  0.0E+00
            4.928498422778689E-01  -8.610581314532776E-01  -1.252115299198527E-01  0.0E+00  0.0E+00  0.0E+00
            -8.95309678587474E-02  9.295429054473103E-02  -9.916368819601264E-01  0.0E+00  0.0E+00  0.0E+00
            0.0E+00  0.0E+00  0.0E+00  8.654959495924611E-01  4.999383903317648E-01  -3.12788604576346E-02
            0.0E+00  0.0E+00  0.0E+00  4.928498422778689E-01  -8.610581314532776E-01  -1.252115299198527E-01
            0.0E+00  0.0E+00  0.0E+00  -8.95309678587474E-02  9.295429054473103E-02  -9.916368819601264E-01

    iElt=   5
 EltName=  Seg5
 Element=  Segment
 Surface=  FreeForm
    fElt=  5.153424657534246E+04
    eElt=  0.0E+00
   KrElt=  -5.153424657534246E+04
   KcElt=  0.0E+00
  psiElt=  0.0E+00  -1.253332335643043E-01  -9.921147013144779E-01
  VptElt=  0.0E+00  0.0E+00  0.0E+00
  RptElt=  8.0E+02  -1.377825740355809E+03  1.490385616308704E+02
 FFZernType=  BornWolf
nFFZernCoef=   16
FFZernModes=    1    3    4    5    9   10
  11   12   13   19   20   21
  22   23   24   25
 FFZernCoef=  1.197033345381584E+00  8.001048840672405E+00  -4.819152400977031E+00  1.803807588237849E+00  4.001252456159111E+00  4.686403726064767E-02
              4.454202695146058E-04  2.894345076153592E-02  6.090427484587182E-01  4.853572152725304E-04  -2.037059141355803E-04  5.655567335241816E-05
              -5.985985960057223E-06  -5.597372659639521E-08  -4.856161587539289E-06  2.268505602452859E-03
     lFF=  7.992027277230728E+03
MonZernType=  BornWolf
nMonZernCoef=    1
MonZernModes=    1
 MonZernCoef=  0d0
    lMon=  9.237604384743153E+02
 nGridMat=  256
 GridFile=  flat.txt
 GridSrfdx=  3.125E+01
     pFF=  0.0E+00  0.0E+00  0.0E+00
     xFF=  1.0E+00  0.0E+00  0.0E+00
     yFF=  0.0E+00  9.921147013144779E-01  -1.253332335643043E-01
     zFF=  0.0E+00  1.253332335643043E-01  9.921147013144779E-01
    pMon=  8.0E+02  -1.377825740355809E+03  1.490385616308704E+02
    xMon=  8.659173688123341E-01  -4.989029853021584E-01  3.581789560706566E-02
    yMon=  -4.999408549926421E-01  -8.61022613726507E-01  9.326950284417945E-02
    zMon=  -1.569241531283043E-02  -9.867051184709998E-02  -9.949964211963181E-01
   pData=  0.0E+00  0.0E+00  0.0E+00
   xData=  1.0E+00  0.0E+00  0.0E+00
   yData=  0.0E+00  9.921147013144779E-01  -1.253332335643043E-01
   zData=  0.0E+00  1.253332335643043E-01  9.921147013144779E-01
  IndRef=  1d0
    zElt=  0d0
 PropType= 1
  nECoord= 6
    TElt=  8.659173688123341E-01  -4.999408549926421E-01  -1.569241531283043E-02  0.0E+00  0.0E+00  0.0E+00
            -4.989029853021584E-01  -8.61022613726507E-01  -9.867051184709998E-02  0.0E+00  0.0E+00  0.0E+00
            3.581789560706566E-02  9.326950284417945E-02  -9.949964211963181E-01  0.0E+00  0.0E+00  0.0E+00
            0.0E+00  0.0E+00  0.0E+00  8.659173688123341E-01  -4.999408549926421E-01  -1.569241531283043E-02
            0.0E+00  0.0E+00  0.0E+00  -4.989029853021584E-01  -8.61022613726507E-01  -9.867051184709998E-02
            0.0E+00  0.0E+00  0.0E+00  3.581789560706566E-02  9.326950284417945E-02  -9.949964211963181E-01

    iElt=   6
 EltName=  Seg6
 Element=  Segment
 Surface=  FreeForm
    fElt=  5.153424657534246E+04
    eElt=  0.0E+00
   KrElt=  -5.153424657534246E+04
   KcElt=  0.0E+00
  psiElt=  0.0E+00  -1.253332335643043E-01  -9.921147013144779E-01
  VptElt=  0.0E+00  0.0E+00  0.0E+00
  RptElt=  -8.0E+02  -1.377825740355809E+03  1.490385616308704E+02
 FFZernType=  BornWolf
nFFZernCoef=   16
FFZernModes=    1    3    4    5    9   10
  11   12   13   19   20   21
  22   23   24   25
 FFZernCoef=  1.197033345381584E+00  8.001048840672405E+00  -4.819152400977031E+00  1.803807588237849E+00  4.001252456159111E+00  4.686403726064767E-02
              4.454202695146058E-04  2.894345076153592E-02  6.090427484587182E-01  4.853572152725304E-04  -2.037059141355803E-04  5.655567335241816E-05
              -5.985985960057223E-06  -5.597372659639521E-08  -4.856161587539289E-06  2.268505602452859E-03
     lFF=  7.992027277230728E+03
MonZernType=  BornWolf
nMonZernCoef=    1
MonZernModes=    1
 MonZernCoef=  0d0
    lMon=  9.237604384743153E+02
 nGridMat=  256
 GridFile=  flat.txt
 GridSrfdx=  3.125E+01
     pFF=  0.0E+00  0.0E+00  0.0E+00
     xFF=  1.0E+00  0.0E+00  0.0E+00
     yFF=  0.0E+00  9.921147013144779E-01  -1.253332335643043E-01
     zFF=  0.0E+00  1.253332335643043E-01  9.921147013144779E-01
    pMon=  -8.0E+02  -1.377825740355809E+03  1.490385616308704E+02
    xMon=  4.209223291015535E-04  -9.95118213621164E-01  9.868922810426897E-02
    yMon=  -9.998767778711748E-01  -1.96748856537251E-03  -1.55742756718449E-02
    zMon=  1.569241531283043E-02  -9.867051184709998E-02  -9.949964211963181E-01
   pData=  0.0E+00  0.0E+00  0.0E+00
   xData=  1.0E+00  0.0E+00  0.0E+00
   yData=  0.0E+00  9.921147013144779E-01  -1.253332335643043E-01
   zData=  0.0E+00  1.253332335643043E-01  9.921147013144779E-01
  IndRef=  1d0
    zElt=  0d0
 PropType= 1
  nECoord= 6
    TElt=  4.209223291015535E-04  -9.998767778711748E-01  1.569241531283043E-02  0.0E+00  0.0E+00  0.0E+00
            -9.95118213621164E-01  -1.96748856537251E-03  -9.867051184709998E-02  0.0E+00  0.0E+00  0.0E+00
            9.868922810426897E-02  -1.55742756718449E-02  -9.949964211963181E-01  0.0E+00  0.0E+00  0.0E+00
            0.0E+00  0.0E+00  0.0E+00  4.209223291015535E-04  -9.998767778711748E-01  1.569241531283043E-02
            0.0E+00  0.0E+00  0.0E+00  -9.95118213621164E-01  -1.96748856537251E-03  -9.867051184709998E-02
            0.0E+00  0.0E+00  0.0E+00  9.868922810426897E-02  -1.55742756718449E-02  -9.949964211963181E-01

    iElt=   7
 EltName=  Seg7
 Element=  Segment
 Surface=  FreeForm
    fElt=  5.153424657534246E+04
    eElt=  0.0E+00
   KrElt=  -5.153424657534246E+04
   KcElt=  0.0E+00
  psiElt=  0.0E+00  -1.253332335643043E-01  -9.921147013144779E-01
  VptElt=  0.0E+00  0.0E+00  0.0E+00
  RptElt=  -1.6E+03  -3.137755167644173E+00  -2.483788969944908E+01
 FFZernType=  BornWolf
nFFZernCoef=   16
FFZernModes=    1    3    4    5    9   10
  11   12   13   19   20   21
  22   23   24   25
 FFZernCoef=  1.197033345381584E+00  8.001048840672405E+00  -4.819152400977031E+00  1.803807588237849E+00  4.001252456159111E+00  4.686403726064767E-02
              4.454202695146058E-04  2.894345076153592E-02  6.090427484587182E-01  4.853572152725304E-04  -2.037059141355803E-04  5.655567335241816E-05
              -5.985985960057223E-06  -5.597372659639521E-08  -4.856161587539289E-06  2.268505602452859E-03
     lFF=  7.992027277230728E+03
MonZernType=  BornWolf
nMonZernCoef=    1
MonZernModes=    1
 MonZernCoef=  0d0
    lMon=  9.237604384743153E+02
 nGridMat=  256
 GridFile=  flat.txt
 GridSrfdx=  3.125E+01
     pFF=  0.0E+00  0.0E+00  0.0E+00
     xFF=  1.0E+00  0.0E+00  0.0E+00
     yFF=  0.0E+00  9.921147013144779E-01  -1.253332335643043E-01
     zFF=  0.0E+00  1.253332335643043E-01  9.921147013144779E-01
    pMon=  -1.6E+03  -3.137755167644173E+00  -2.483788969944908E+01
    xMon=  -8.65495473181206E-01  -4.996366830199152E-01  3.578785944559257E-02
    yMon=  -4.99939215096508E-01  8.571378289143392E-01  -1.239980784234209E-01
    zMon=  3.12788604576346E-02  -1.252115299198527E-01  -9.916368819601264E-01
   pData=  0.0E+00  0.0E+00  0.0E+00
   xData=  1.0E+00  0.0E+00  0.0E+00
   yData=  0.0E+00  9.921147013144779E-01  -1.253332335643043E-01
   zData=  0.0E+00  1.253332335643043E-01  9.921147013144779E-01
  IndRef=  1d0
    zElt=  0d0
 PropType= 1
  nECoord= 6
    TElt=  -8.65495473181206E-01  -4.99939215096508E-01  3.12788604576346E-02  0.0E+00  0.0E+00  0.0E+00
            -4.996366830199152E-01  8.571378289143392E-01  -1.252115299198527E-01  0.0E+00  0.0E+00  0.0E+00
            3.578785944559257E-02  -1.239980784234209E-01  -9.916368819601264E-01  0.0E+00  0.0E+00  0.0E+00
            0.0E+00  0.0E+00  0.0E+00  -8.65495473181206E-01  -4.99939215096508E-01  3.12788604576346E-02
            0.0E+00  0.0E+00  0.0E+00  -4.996366830199152E-01  8.571378289143392E-01  -1.252115299198527E-01
            0.0E+00  0.0E+00  0.0E+00  3.578785944559257E-02  -1.239980784234209E-01  -9.916368819601264E-01

    iElt=   8
 EltName=  Seg8
 Element=  Segment
 Surface=  FreeForm
    fElt=  5.153424657534246E+04
    eElt=  0.0E+00
   KrElt=  -5.153424657534246E+04
   KcElt=  0.0E+00
  psiElt=  0.0E+00  -1.253332335643043E-01  -9.921147013144779E-01
  VptElt=  0.0E+00  0.0E+00  0.0E+00
  RptElt=  -1.6E+03  2.737108763049815E+03  -4.448578475072409E+02
 FFZernType=  BornWolf
nFFZernCoef=   16
FFZernModes=    1    3    4    5    9   10
  11   12   13   19   20   21
  22   23   24   25
 FFZernCoef=  1.197033345381584E+00  8.001048840672405E+00  -4.819152400977031E+00  1.803807588237849E+00  4.001252456159111E+00  4.686403726064767E-02
              4.454202695146058E-04  2.894345076153592E-02  6.090427484587182E-01  4.853572152725304E-04  -2.037059141355803E-04  5.655567335241816E-05
              -5.985985960057223E-06  -5.597372659639521E-08  -4.856161587539289E-06  2.268505602452859E-03
     lFF=  7.992027277230728E+03
MonZernType=  BornWolf
nMonZernCoef=    1
MonZernModes=    1
 MonZernCoef=  0d0
    lMon=  9.237604384743153E+02
 nGridMat=  256
 GridFile=  flat.txt
 GridSrfdx=  3.125E+01
     pFF=  0.0E+00  0.0E+00  0.0E+00
     xFF=  1.0E+00  0.0E+00  0.0E+00
     yFF=  0.0E+00  9.921147013144779E-01  -1.253332335643043E-01
     zFF=  0.0E+00  1.253332335643043E-01  9.921147013144779E-01
    pMon=  -1.6E+03  2.737108763049815E+03  -4.448578475072409E+02
    xMon=  -8.656005649480565E-01  4.873129086789677E-01  -1.151598497587143E-01
    yMon=  4.997729467247305E-01  8.550296825732251E-01  -1.383880184149244E-01
    zMon=  3.102682200427842E-02  -1.773425243802905E-01  -9.836599846302283E-01
   pData=  0.0E+00  0.0E+00  0.0E+00
   xData=  1.0E+00  0.0E+00  0.0E+00
   yData=  0.0E+00  9.921147013144779E-01  -1.253332335643043E-01
   zData=  0.0E+00  1.253332335643043E-01  9.921147013144779E-01
  IndRef=  1d0
    zElt=  0d0
 PropType= 1
  nECoord= 6
    TElt=  -8.656005649480565E-01  4.997729467247305E-01  3.102682200427842E-02  0.0E+00  0.0E+00  0.0E+00
            4.873129086789677E-01  8.550296825732251E-01  -1.773425243802905E-01  0.0E+00  0.0E+00  0.0E+00
            -1.151598497587143E-01  -1.383880184149244E-01  -9.836599846302283E-01  0.0E+00  0.0E+00  0.0E+00
            0.0E+00  0.0E+00  0.0E+00  -8.656005649480565E-01  4.997729467247305E-01  3.102682200427842E-02
            0.0E+00  0.0E+00  0.0E+00  4.873129086789677E-01  8.550296825732251E-01  -1.773425243802905E-01
            0.0E+00  0.0E+00  0.0E+00  -1.151598497587143E-01  -1.383880184149244E-01  -9.836599846302283E-01

    iElt=   9
 EltName=  Seg9
 Element=  Segment
 Surface=  FreeForm
    fElt=  5.153424657534246E+04
    eElt=  0.0E+00
   KrElt=  -5.153424657534246E+04
   KcElt=  0.0E+00
  psiElt=  0.0E+00  -1.253332335643043E-01  -9.921147013144779E-01
  VptElt=  0.0E+00  0.0E+00  0.0E+00
  RptElt=  0.0E+00  2.740225539025734E+03  -4.201860252101942E+02
 FFZernType=  BornWolf
nFFZernCoef=   16
FFZernModes=    1    3    4    5    9   10
  11   12   13   19   20   21
  22   23   24   25
 FFZernCoef=  1.197033345381584E+00  8.001048840672405E+00  -4.819152400977031E+00  1.803807588237849E+00  4.001252456159111E+00  4.686403726064767E-02
              4.454202695146058E-04  2.894345076153592E-02  6.090427484587182E-01  4.853572152725304E-04  -2.037059141355803E-04  5.655567335241816E-05
              -5.985985960057223E-06  -5.597372659639521E-08  -4.856161587539289E-06  2.268505602452859E-03
     lFF=  7.992027277230728E+03
MonZernType=  BornWolf
nMonZernCoef=    1
MonZernModes=    1
 MonZernCoef=  0d0
    lMon=  9.237604384743153E+02
 nGridMat=  256
 GridFile=  flat.txt
 GridSrfdx=  3.125E+01
     pFF=  0.0E+00  0.0E+00  0.0E+00
     xFF=  1.0E+00  0.0E+00  0.0E+00
     yFF=  0.0E+00  9.921147013144779E-01  -1.253332335643043E-01
     zFF=  0.0E+00  1.253332335643043E-01  9.921147013144779E-01
    pMon=  0.0E+00  2.740225539025734E+03  -4.201860252101942E+02
    xMon=  0.0E+00  9.841231901165042E-01  -1.774867507024544E-01
    yMon=  9.999999999999999E-01  0.0E+00  0.0E+00
    zMon=  0.0E+00  -1.774867507024544E-01  -9.841231901165041E-01
   pData=  0.0E+00  0.0E+00  0.0E+00
   xData=  1.0E+00  0.0E+00  0.0E+00
   yData=  0.0E+00  9.921147013144779E-01  -1.253332335643043E-01
   zData=  0.0E+00  1.253332335643043E-01  9.921147013144779E-01
  IndRef=  1d0
    zElt=  0d0
 PropType= 1
  nECoord= 6
    TElt=  0.0E+00  9.999999999999999E-01  0.0E+00  0.0E+00  0.0E+00  0.0E+00
            9.841231901165042E-01  0.0E+00  -1.774867507024544E-01  0.0E+00  0.0E+00  0.0E+00
            -1.774867507024544E-01  0.0E+00  -9.841231901165041E-01  0.0E+00  0.0E+00  0.0E+00
            0.0E+00  0.0E+00  0.0E+00  0.0E+00  9.999999999999999E-01  0.0E+00
            0.0E+00  0.0E+00  0.0E+00  9.841231901165042E-01  0.0E+00  -1.774867507024544E-01
            0.0E+00  0.0E+00  0.0E+00  -1.774867507024544E-01  0.0E+00  -9.841231901165041E-01

    iElt=  10
 EltName=  Seg10
 Element=  Segment
 Surface=  FreeForm
    fElt=  5.153424657534246E+04
    eElt=  0.0E+00
   KrElt=  -5.153424657534246E+04
   KcElt=  0.0E+00
  psiElt=  0.0E+00  -1.253332335643043E-01  -9.921147013144779E-01
  VptElt=  0.0E+00  0.0E+00  0.0E+00
  RptElt=  1.6E+03  2.737108763049815E+03  -4.448578475072409E+02
 FFZernType=  BornWolf
nFFZernCoef=   16
FFZernModes=    1    3    4    5    9   10
  11   12   13   19   20   21
  22   23   24   25
 FFZernCoef=  1.197033345381584E+00  8.001048840672405E+00  -4.819152400977031E+00  1.803807588237849E+00  4.001252456159111E+00  4.686403726064767E-02
              4.454202695146058E-04  2.894345076153592E-02  6.090427484587182E-01  4.853572152725304E-04  -2.037059141355803E-04  5.655567335241816E-05
              -5.985985960057223E-06  -5.597372659639521E-08  -4.856161587539289E-06  2.268505602452859E-03
     lFF=  7.992027277230728E+03
MonZernType=  BornWolf
nMonZernCoef=    1
MonZernModes=    1
 MonZernCoef=  0d0
    lMon=  9.237604384743153E+02
 nGridMat=  256
 GridFile=  flat.txt
 GridSrfdx=  3.125E+01
     pFF=  0.0E+00  0.0E+00  0.0E+00
     xFF=  1.0E+00  0.0E+00  0.0E+00
     yFF=  0.0E+00  9.921147013144779E-01  -1.253332335643043E-01
     zFF=  0.0E+00  1.253332335643043E-01  9.921147013144779E-01
    pMon=  1.6E+03  2.737108763049815E+03  -4.448578475072409E+02
    xMon=  -1.636106422856098E-03  9.84141486307998E-01  -1.773777271340957E-01
    yMon=  9.995172131944942E-01  -3.894094748553008E-03  -3.082493396588837E-02
    zMon=  -3.102682200427842E-02  -1.773425243802905E-01  -9.836599846302283E-01
   pData=  0.0E+00  0.0E+00  0.0E+00
   xData=  1.0E+00  0.0E+00  0.0E+00
   yData=  0.0E+00  9.921147013144779E-01  -1.253332335643043E-01
   zData=  0.0E+00  1.253332335643043E-01  9.921147013144779E-01
  IndRef=  1d0
    zElt=  0d0
 PropType= 1
  nECoord= 6
    TElt=  -1.636106422856098E-03  9.995172131944942E-01  -3.102682200427842E-02  0.0E+00  0.0E+00  0.0E+00
            9.84141486307998E-01  -3.894094748553008E-03  -1.773425243802905E-01  0.0E+00  0.0E+00  0.0E+00
            -1.773777271340957E-01  -3.082493396588837E-02  -9.836599846302283E-01  0.0E+00  0.0E+00  0.0E+00
            0.0E+00  0.0E+00  0.0E+00  -1.636106422856098E-03  9.995172131944942E-01  -3.102682200427842E-02
            0.0E+00  0.0E+00  0.0E+00  9.84141486307998E-01  -3.894094748553008E-03  -1.773425243802905E-01
            0.0E+00  0.0E+00  0.0E+00  -1.773777271340957E-01  -3.082493396588837E-02  -9.836599846302283E-01

    iElt=  11
 EltName=  Seg11
 Element=  Segment
 Surface=  FreeForm
    fElt=  5.153424657534246E+04
    eElt=  0.0E+00
   KrElt=  -5.153424657534246E+04
   KcElt=  0.0E+00
  psiElt=  0.0E+00  -1.253332335643043E-01  -9.921147013144779E-01
  VptElt=  0.0E+00  0.0E+00  0.0E+00
  RptElt=  2.4E+03  1.365369632321615E+03  -2.476388095495186E+02
 FFZernType=  BornWolf
nFFZernCoef=   16
FFZernModes=    1    3    4    5    9   10
  11   12   13   19   20   21
  22   23   24   25
 FFZernCoef=  1.197033345381584E+00  8.001048840672405E+00  -4.819152400977031E+00  1.803807588237849E+00  4.001252456159111E+00  4.686403726064767E-02
              4.454202695146058E-04  2.894345076153592E-02  6.090427484587182E-01  4.853572152725304E-04  -2.037059141355803E-04  5.655567335241816E-05
              -5.985985960057223E-06  -5.597372659639521E-08  -4.856161587539289E-06  2.268505602452859E-03
     lFF=  7.992027277230728E+03
MonZernType=  BornWolf
nMonZernCoef=    1
MonZernModes=    1
 MonZernCoef=  0d0
    lMon=  9.237604384743153E+02
 nGridMat=  256
 GridFile=  flat.txt
 GridSrfdx=  3.125E+01
     pFF=  0.0E+00  0.0E+00  0.0E+00
     xFF=  1.0E+00  0.0E+00  0.0E+00
     yFF=  0.0E+00  9.921147013144779E-01  -1.253332335643043E-01
     zFF=  0.0E+00  1.253332335643043E-01  9.921147013144779E-01
    pMon=  2.4E+03  1.365369632321615E+03  -2.476388095495186E+02
    xMon=  8.647644973832155E-01  4.886442416234658E-01  -1.157979671401131E-01
    yMon=  4.999999313659695E-01  -8.592620867089562E-01  1.080219189729387E-01
    zMon=  -4.671651420622567E-02  -1.513124960893791E-01  -9.873814338074324E-01
   pData=  0.0E+00  0.0E+00  0.0E+00
   xData=  1.0E+00  0.0E+00  0.0E+00
   yData=  0.0E+00  9.921147013144779E-01  -1.253332335643043E-01
   zData=  0.0E+00  1.253332335643043E-01  9.921147013144779E-01
  IndRef=  1d0
    zElt=  0d0
 PropType= 1
  nECoord= 6
    TElt=  8.647644973832155E-01  4.999999313659695E-01  -4.671651420622567E-02  0.0E+00  0.0E+00  0.0E+00
            4.886442416234658E-01  -8.592620867089562E-01  -1.513124960893791E-01  0.0E+00  0.0E+00  0.0E+00
            -1.157979671401131E-01  1.080219189729387E-01  -9.873814338074324E-01  0.0E+00  0.0E+00  0.0E+00
            0.0E+00  0.0E+00  0.0E+00  8.647644973832155E-01  4.999999313659695E-01  -4.671651420622567E-02
            0.0E+00  0.0E+00  0.0E+00  4.886442416234658E-01  -8.592620867089562E-01  -1.513124960893791E-01
            0.0E+00  0.0E+00  0.0E+00  -1.157979671401131E-01  1.080219189729387E-01  -9.873814338074324E-01

    iElt=  12
 EltName=  Seg12
 Element=  Segment
 Surface=  FreeForm
    fElt=  5.153424657534246E+04
    eElt=  0.0E+00
   KrElt=  -5.153424657534246E+04
   KcElt=  0.0E+00
  psiElt=  0.0E+00  -1.253332335643043E-01  -9.921147013144779E-01
  VptElt=  0.0E+00  0.0E+00  0.0E+00
  RptElt=  3.2E+03  -1.255107737332901E+01  -9.935200764629371E+01
 FFZernType=  BornWolf
nFFZernCoef=   16
FFZernModes=    1    3    4    5    9   10
  11   12   13   19   20   21
  22   23   24   25
 FFZernCoef=  1.197033345381584E+00  8.001048840672405E+00  -4.819152400977031E+00  1.803807588237849E+00  4.001252456159111E+00  4.686403726064767E-02
              4.454202695146058E-04  2.894345076153592E-02  6.090427484587182E-01  4.853572152725304E-04  -2.037059141355803E-04  5.655567335241816E-05
              -5.985985960057223E-06  -5.597372659639521E-08  -4.856161587539289E-06  2.268505602452859E-03
     lFF=  7.992027277230728E+03
MonZernType=  BornWolf
nMonZernCoef=    1
MonZernModes=    1
 MonZernCoef=  0d0
    lMon=  9.237604384743153E+02
 nGridMat=  256
 GridFile=  flat.txt
 GridSrfdx=  3.125E+01
     pFF=  0.0E+00  0.0E+00  0.0E+00
     xFF=  1.0E+00  0.0E+00  0.0E+00
     yFF=  0.0E+00  9.921147013144779E-01  -1.253332335643043E-01
     zFF=  0.0E+00  1.253332335643043E-01  9.921147013144779E-01
    pMon=  3.2E+03  -1.255107737332901E+01  -9.935200764629371E+01
    xMon=  8.639130833477128E-01  4.900329279754471E-01  -1.162837646469111E-01
    yMon=  4.997520373546205E-01  -8.627171502729333E-01  7.724648720074667E-02
    zMon=  -6.246667576039185E-02  -1.248472992289357E-01  -9.902075874758215E-01
   pData=  0.0E+00  0.0E+00  0.0E+00
   xData=  1.0E+00  0.0E+00  0.0E+00
   yData=  0.0E+00  9.921147013144779E-01  -1.253332335643043E-01
   zData=  0.0E+00  1.253332335643043E-01  9.921147013144779E-01
  IndRef=  1d0
    zElt=  0d0
 PropType= 1
  nECoord= 6
    TElt=  8.639130833477128E-01  4.997520373546205E-01  -6.246667576039185E-02  0.0E+00  0.0E+00  0.0E+00
            4.900329279754471E-01  -8.627171502729333E-01  -1.248472992289357E-01  0.0E+00  0.0E+00  0.0E+00
            -1.162837646469111E-01  7.724648720074667E-02  -9.902075874758215E-01  0.0E+00  0.0E+00  0.0E+00
            0.0E+00  0.0E+00  0.0E+00  8.639130833477128E-01  4.997520373546205E-01  -6.246667576039185E-02
            0.0E+00  0.0E+00  0.0E+00  4.900329279754471E-01  -8.627171502729333E-01  -1.248472992289357E-01
            0.0E+00  0.0E+00  0.0E+00  -1.162837646469111E-01  7.724648720074667E-02  -9.902075874758215E-01

    iElt=  13
 EltName=  Seg13
 Element=  Segment
 Surface=  FreeForm
    fElt=  5.153424657534246E+04
    eElt=  0.0E+00
   KrElt=  -5.153424657534246E+04
   KcElt=  0.0E+00
  psiElt=  0.0E+00  -1.253332335643043E-01  -9.921147013144779E-01
  VptElt=  0.0E+00  0.0E+00  0.0E+00
  RptElt=  2.4E+03  -1.384122498845242E+03  9.919458577279511E+01
 FFZernType=  BornWolf
nFFZernCoef=   16
FFZernModes=    1    3    4    5    9   10
  11   12   13   19   20   21
  22   23   24   25
 FFZernCoef=  1.197033345381584E+00  8.001048840672405E+00  -4.819152400977031E+00  1.803807588237849E+00  4.001252456159111E+00  4.686403726064767E-02
              4.454202695146058E-04  2.894345076153592E-02  6.090427484587182E-01  4.853572152725304E-04  -2.037059141355803E-04  5.655567335241816E-05
              -5.985985960057223E-06  -5.597372659639521E-08  -4.856161587539289E-06  2.268505602452859E-03
     lFF=  7.992027277230728E+03
MonZernType=  BornWolf
nMonZernCoef=    1
MonZernModes=    1
 MonZernCoef=  0d0
    lMon=  9.237604384743153E+02
 nGridMat=  256
 GridFile=  flat.txt
 GridSrfdx=  3.125E+01
     pFF=  0.0E+00  0.0E+00  0.0E+00
     xFF=  1.0E+00  0.0E+00  0.0E+00
     yFF=  0.0E+00  9.921147013144779E-01  -1.253332335643043E-01
     zFF=  0.0E+00  1.253332335643043E-01  9.921147013144779E-01
    pMon=  2.4E+03  -1.384122498845242E+03  9.919458577279511E+01
    xMon=  8.64747413554771E-01  -5.021296171133468E-01  8.81807053372051E-03
    yMon=  -4.999999888382455E-01  -8.591700329132779E-01  1.087513940395768E-01
    zMon=  -4.703107389894712E-02  -9.845152188463485E-02  -9.940298667175504E-01
   pData=  0.0E+00  0.0E+00  0.0E+00
   xData=  1.0E+00  0.0E+00  0.0E+00
   yData=  0.0E+00  9.921147013144779E-01  -1.253332335643043E-01
   zData=  0.0E+00  1.253332335643043E-01  9.921147013144779E-01
  IndRef=  1d0
    zElt=  0d0
 PropType= 1
  nECoord= 6
    TElt=  8.64747413554771E-01  -4.999999888382455E-01  -4.703107389894712E-02  0.0E+00  0.0E+00  0.0E+00
            -5.021296171133468E-01  -8.591700329132779E-01  -9.845152188463485E-02  0.0E+00  0.0E+00  0.0E+00
            8.81807053372051E-03  1.087513940395768E-01  -9.940298667175504E-01  0.0E+00  0.0E+00  0.0E+00
            0.0E+00  0.0E+00  0.0E+00  8.64747413554771E-01  -4.999999888382455E-01  -4.703107389894712E-02
            0.0E+00  0.0E+00  0.0E+00  -5.021296171133468E-01  -8.591700329132779E-01  -9.845152188463485E-02
            0.0E+00  0.0E+00  0.0E+00  8.81807053372051E-03  1.087513940395768E-01  -9.940298667175504E-01

    iElt=  14
 EltName=  Seg14
 Element=  Segment
 Surface=  FreeForm
    fElt=  5.153424657534246E+04
    eElt=  0.0E+00
   KrElt=  -5.153424657534246E+04
   KcElt=  0.0E+00
  psiElt=  0.0E+00  -1.253332335643043E-01  -9.921147013144779E-01
  VptElt=  0.0E+00  0.0E+00  0.0E+00
  RptElt=  1.6E+03  -2.761916307486526E+03  2.484859129513025E+02
 FFZernType=  BornWolf
nFFZernCoef=   16
FFZernModes=    1    3    4    5    9   10
  11   12   13   19   20   21
  22   23   24   25
 FFZernCoef=  1.197033345381584E+00  8.001048840672405E+00  -4.819152400977031E+00  1.803807588237849E+00  4.001252456159111E+00  4.686403726064767E-02
              4.454202695146058E-04  2.894345076153592E-02  6.090427484587182E-01  4.853572152725304E-04  -2.037059141355803E-04  5.655567335241816E-05
              -5.985985960057223E-06  -5.597372659639521E-08  -4.856161587539289E-06  2.268505602452859E-03
     lFF=  7.992027277230728E+03
MonZernType=  BornWolf
nMonZernCoef=    1
MonZernModes=    1
 MonZernCoef=  0d0
    lMon=  9.237604384743153E+02
 nGridMat=  256
 GridFile=  flat.txt
 GridSrfdx=  3.125E+01
     pFF=  0.0E+00  0.0E+00  0.0E+00
     xFF=  1.0E+00  0.0E+00  0.0E+00
     yFF=  0.0E+00  9.921147013144779E-01  -1.253332335643043E-01
     zFF=  0.0E+00  1.253332335643043E-01  9.921147013144779E-01
    pMon=  1.6E+03  -2.761916307486526E+03  2.484859129513025E+02
    xMon=  8.655927594143175E-01  -5.006732694061135E-01  8.686319801914063E-03
    yMon=  -4.99760298947426E-01  -8.626650579292536E-01  7.777301218222599E-02
    zMon=  -3.144548370572636E-02  -7.166083400373384E-02  -9.96933250736679E-01
   pData=  0.0E+00  0.0E+00  0.0E+00
   xData=  1.0E+00  0.0E+00  0.0E+00
   yData=  0.0E+00  9.921147013144779E-01  -1.253332335643043E-01
   zData=  0.0E+00  1.253332335643043E-01  9.921147013144779E-01
  IndRef=  1d0
    zElt=  0d0
 PropType= 1
  nECoord= 6
    TElt=  8.655927594143175E-01  -4.99760298947426E-01  -3.144548370572636E-02  0.0E+00  0.0E+00  0.0E+00
            -5.006732694061135E-01  -8.626650579292536E-01  -7.166083400373384E-02  0.0E+00  0.0E+00  0.0E+00
            8.686319801914063E-03  7.777301218222599E-02  -9.96933250736679E-01  0.0E+00  0.0E+00  0.0E+00
            0.0E+00  0.0E+00  0.0E+00  8.655927594143175E-01  -4.99760298947426E-01  -3.144548370572636E-02
            0.0E+00  0.0E+00  0.0E+00  -5.006732694061135E-01  -8.626650579292536E-01  -7.166083400373384E-02
            0.0E+00  0.0E+00  0.0E+00  8.686319801914063E-03  7.777301218222599E-02  -9.96933250736679E-01

    iElt=  15
 EltName=  Seg15
 Element=  Segment
 Surface=  FreeForm
    fElt=  5.153424657534246E+04
    eElt=  0.0E+00
   KrElt=  -5.153424657534246E+04
   KcElt=  0.0E+00
  psiElt=  0.0E+00  -1.253332335643043E-01  -9.921147013144779E-01
  VptElt=  0.0E+00  0.0E+00  0.0E+00
  RptElt=  0.0E+00  -2.75875723224184E+03  2.734925684382797E+02
 FFZernType=  BornWolf
nFFZernCoef=   16
FFZernModes=    1    3    4    5    9   10
  11   12   13   19   20   21
  22   23   24   25
 FFZernCoef=  1.197033345381584E+00  8.001048840672405E+00  -4.819152400977031E+00  1.803807588237849E+00  4.001252456159111E+00  4.686403726064767E-02
              4.454202695146058E-04  2.894345076153592E-02  6.090427484587182E-01  4.853572152725304E-04  -2.037059141355803E-04  5.655567335241816E-05
              -5.985985960057223E-06  -5.597372659639521E-08  -4.856161587539289E-06  2.268505602452859E-03
     lFF=  7.992027277230728E+03
MonZernType=  BornWolf
nMonZernCoef=    1
MonZernModes=    1
 MonZernCoef=  0d0
    lMon=  9.237604384743153E+02
 nGridMat=  256
 GridFile=  flat.txt
 GridSrfdx=  3.125E+01
     pFF=  0.0E+00  0.0E+00  0.0E+00
     xFF=  1.0E+00  0.0E+00  0.0E+00
     yFF=  0.0E+00  9.921147013144779E-01  -1.253332335643043E-01
     zFF=  0.0E+00  1.253332335643043E-01  9.921147013144779E-01
    pMon=  0.0E+00  -2.75875723224184E+03  2.734925684382797E+02
    xMon=  0.0E+00  -9.974220838927206E-01  7.175783276481308E-02
    yMon=  -1.0E+00  0.0E+00  0.0E+00
    zMon=  0.0E+00  -7.175783276481308E-02  -9.974220838927206E-01
   pData=  0.0E+00  0.0E+00  0.0E+00
   xData=  1.0E+00  0.0E+00  0.0E+00
   yData=  0.0E+00  9.921147013144779E-01  -1.253332335643043E-01
   zData=  0.0E+00  1.253332335643043E-01  9.921147013144779E-01
  IndRef=  1d0
    zElt=  0d0
 PropType= 1
  nECoord= 6
    TElt=  0.0E+00  -1.0E+00  0.0E+00  0.0E+00  0.0E+00  0.0E+00
            -9.974220838927206E-01  0.0E+00  -7.175783276481308E-02  0.0E+00  0.0E+00  0.0E+00
            7.175783276481308E-02  0.0E+00  -9.974220838927206E-01  0.0E+00  0.0E+00  0.0E+00
            0.0E+00  0.0E+00  0.0E+00  0.0E+00  -1.0E+00  0.0E+00
            0.0E+00  0.0E+00  0.0E+00  -9.974220838927206E-01  0.0E+00  -7.175783276481308E-02
            0.0E+00  0.0E+00  0.0E+00  7.175783276481308E-02  0.0E+00  -9.974220838927206E-01

    iElt=  16
 EltName=  Seg16
 Element=  Segment
 Surface=  FreeForm
    fElt=  5.153424657534246E+04
    eElt=  0.0E+00
   KrElt=  -5.153424657534246E+04
   KcElt=  0.0E+00
  psiElt=  0.0E+00  -1.253332335643043E-01  -9.921147013144779E-01
  VptElt=  0.0E+00  0.0E+00  0.0E+00
  RptElt=  -1.6E+03  -2.761916307486526E+03  2.484859129513025E+02
 FFZernType=  BornWolf
nFFZernCoef=   16
FFZernModes=    1    3    4    5    9   10
  11   12   13   19   20   21
  22   23   24   25
 FFZernCoef=  1.197033345381584E+00  8.001048840672405E+00  -4.819152400977031E+00  1.803807588237849E+00  4.001252456159111E+00  4.686403726064767E-02
              4.454202695146058E-04  2.894345076153592E-02  6.090427484587182E-01  4.853572152725304E-04  -2.037059141355803E-04  5.655567335241816E-05
