% iris_dp_v1.in
% author: Luis Marchen                                            
% Modified by: Luis Marchen                                      
% Description: GridSurfaces to the iris_dp.in MACOS prescription 
% Date Created: 09/26/24
PgplotImage = Color 

% F2
 OpdReRayfLen = 8.53578680289559D+03 

ChfRayDir=  0.000000000000000D+0  -1.000000000000000D+0  0.000000000000000D+0
ChfRayPos=  -2.710914980000000D+2  5.415459660000000D+2  5.314999640000000D+2
  zSource=  -4.100000000000000D+2
   IndRef=  1.000000000000000D+0
   Extinc=  0.000000000000000D+0
  Wavelen=  8.500000000000000D-4
     Flux=  1.000000000000000D+0
 GridType=  Circular
 Aperture=  3.773703703700000D-2
 Obscratn=  0.000000000000000D+0
 nGridpts=  512
    %xGrid=  -2.220446049250000e-16  0.000000000000000D+0  -1.000000000000000D+0
    %yGrid=  -1.000000000000000D+0  1.967978002780000e-10  2.220446049230000e-16
    xGrid=  -2.220446049250000e-16  0.000000000000000D+0  -1.000000000000000D+0
    yGrid=  1.000000000000000D+0  -1.967978002780000e-10  -2.220446049230000e-16
     nElt=  55

     iElt=  1
  EltName=  fold1_inj_Newport_30Z40ER2
  Element=  Reflector
     xObs=  2.220446049250000e-16  0.000000000000000D+0  1.000000000000000D+0
  Surface=  Conic
    KrElt=  -1.000000000000000e+18
    KcElt=  0.000000000000000D+0
   psiElt=  -6.193731115010001D-1  -7.850967766770000D-1  1.179611963660000e-16
   VptElt=  -2.710914977560000D+2  1.315459658200000D+2  5.314999640000000D+2
   RptElt=  -2.710914975500000D+2  1.315459656580000D+2  5.314999640000000D+2
   IndRef=  1.000000000000000D+0
   Extinc=  0.000000000000000D+0
 ZernType=  Malacara
 ZernCoef=  0.0  0.0  0.0  0.0  0.0  0.0
            0.0  0.0  0.0  0.0  0.0  0.0
            0.0  0.0  0.0  0.0  0.0  0.0
            0.0  0.0  0.0  0.0  0.0  0.0
            0.0  0.0  0.0  0.0  0.0  0.0
            0.0  0.0  0.0  0.0  0.0  0.0
            0.0  0.0  0.0  0.0  0.0  0.0
            0.0  0.0  0.0
 GridFile=  None
 nGridMat=  99
GridSrfdx=  0.699795918367347
     pMon=  -2.710914975500000D+2  1.315459656580000D+2  5.314999640000000D+2
     xMon=  -2.220446049250000e-16  0.000000000000000D+0  -1.000000000000000D+0
     yMon=  -7.850967766770000D-1  6.193731115010001D-1  1.040834085590000e-16
     zMon=  -6.193731115010001D-1  -7.850967766770000D-1  1.179611963660000e-16
     lMon=  3.429000000000000D+1 
     nObs=  0
   ApType=  Circle
    ApVec=  3.429000000000000D+1  0.000000000000000D+0  0.000000000000000D+0
     zElt=  1.000000000000000e+18
 PropType=  Geometric
  nECoord=  6
     TElt=  -2.220446049250000e-16  -7.850967766770000D-1  -6.193731115010001D-1  0.000000000000000D+0  0.000000000000000D+0  0.000000000000000D+0
            0.000000000000000D+0  6.193731115010001D-1  -7.850967766770000D-1  0.000000000000000D+0  0.000000000000000D+0  0.000000000000000D+0
            -1.000000000000000D+0  1.040834085590000e-16  1.179611963660000e-16  0.000000000000000D+0  0.000000000000000D+0  0.000000000000000D+0
            0.000000000000000D+0  0.000000000000000D+0  0.000000000000000D+0  -2.220446049250000e-16  -7.850967766770000D-1  -6.193731115010001D-1
            0.000000000000000D+0  0.000000000000000D+0  0.000000000000000D+0  0.000000000000000D+0  6.193731115010001D-1  -7.850967766770000D-1
            0.000000000000000D+0  0.000000000000000D+0  0.000000000000000D+0  -1.000000000000000D+0  1.040834085590000e-16  1.179611963660000e-16

     iElt=  2
  EltName=  TRIPLET_LP_3_REFOCUSED_s1
  Element=  Refractor
   EltGrp=  6 2 3 4 5 6 7
  Surface=  Conic
    KrElt=  -2.154938982000000D+3
    KcElt=  0.000000000000000D+0
   psiElt=  -9.725356667550000D-1  -2.327538976900000D-1  1.665334536940000e-16
   VptElt=  -1.751146013470000D+2  1.545158141160000D+2  5.314999640000000D+2
   RptElt=  -1.4728314937700000e+02   1.6117662760750000e+02   5.3149996399999998e+02 
   IndRef=  1.491866752540000D+0
   Extinc=  0.000000000000000D+0
 ZernType=  Malacara
 ZernCoef=  0.0  0.0  0.0  0.0  0.0  0.0
            0.0  0.0  0.0  0.0  0.0  0.0
            0.0  0.0  0.0  0.0  0.0  0.0
            0.0  0.0  0.0  0.0  0.0  0.0
            0.0  0.0  0.0  0.0  0.0  0.0
            0.0  0.0  0.0  0.0  0.0  0.0
            0.0  0.0  0.0  0.0  0.0  0.0
            0.0  0.0  0.0
 GridFile=  None
 nGridMat=  99
GridSrfdx=  0.353779140959184
     pMon=  -1.751146012930000D+2  1.545158138920000D+2  5.314999640000000D+2
     xMon=  -2.220446049250000e-16  0.000000000000000D+0  -1.000000000000000D+0
     yMon=  -2.327538976900000D-1  9.725356667550000D-1  3.469446951950000e-17
     zMon=  -9.725356667550000D-1  -2.327538976900000D-1  1.665334536940000e-16
     lMon=  5.090000000000000D+1
     nObs=  0
     xObs=  2.220446049250000e-16  0.000000000000000D+0  1.000000000000000D+0
   ApType=  Circle
    ApVec=  5.090000000000000D+1  0.000000000000000D+0  0.000000000000000D+0
     zElt=  2.154938982000000D+3
 PropType=  Geometric
  nECoord=  6
     TElt=  -2.220446049250000e-16  -2.327538976900000D-1  -9.725356667550000D-1  0.000000000000000D+0  0.000000000000000D+0  0.000000000000000D+0
            0.000000000000000D+0  9.725356667550000D-1  -2.327538976900000D-1  0.000000000000000D+0  0.000000000000000D+0  0.000000000000000D+0
            -1.000000000000000D+0  3.469446951950000e-17  1.665334536940000e-16  0.000000000000000D+0  0.000000000000000D+0  0.000000000000000D+0
            0.000000000000000D+0  0.000000000000000D+0  0.000000000000000D+0  -2.220446049250000e-16  -2.327538976900000D-1  -9.725356667550000D-1
            0.000000000000000D+0  0.000000000000000D+0  0.000000000000000D+0  0.000000000000000D+0  9.725356667550000D-1  -2.327538976900000D-1
            0.000000000000000D+0  0.000000000000000D+0  0.000000000000000D+0  -1.000000000000000D+0  3.469446951950000e-17  1.665334536940000e-16

     iElt=  3
  EltName=  TRIPLET_LP_3_REFOCUSED_s2
  Element=  Refractor
     Link= 2
     xObs=  2.220446049250000e-16  0.000000000000000D+0  1.000000000000000D+0
  Surface=  Conic
    KrElt=  -2.012402970000000D+2
    KcElt=  0.000000000000000D+0
   psiElt=  -9.725356667550000D-1  -2.327538976900000D-1  1.665334536940000e-16
   VptElt=  -1.646978690740000D+2  1.570088178390000D+2  5.314999640000000D+2
   RptElt=  -1.646978690200000D+2  1.570088176120000D+2  5.314999640000000D+2
   IndRef=  1.000000000000000D+0
   Extinc=  0.000000000000000D+0
 ZernType=  Malacara
 ZernCoef=  0.0  0.0  0.0  0.0  0.0  0.0
            0.0  0.0  0.0  0.0  0.0  0.0
            0.0  0.0  0.0  0.0  0.0  0.0
            0.0  0.0  0.0  0.0  0.0  0.0
            0.0  0.0  0.0  0.0  0.0  0.0
            0.0  0.0  0.0  0.0  0.0  0.0
            0.0  0.0  0.0  0.0  0.0  0.0
            0.0  0.0  0.0
 GridFile=  None
 nGridMat=  99
GridSrfdx=  0.353779140959184
     pMon=  -1.646978690200000D+2  1.570088176120000D+2  5.314999640000000D+2
     xMon=  -2.220446049250000e-16  0.000000000000000D+0  -1.000000000000000D+0
     yMon=  -2.327538976900000D-1  9.725356667550000D-1  3.469446951950000e-17
     zMon=  -9.725356667550000D-1  -2.327538976900000D-1  1.665334536940000e-16
     lMon=  5.090000000000000D+1
     nObs=  0
   ApType=  Circle
    ApVec=  5.090000000000000D+1  0.000000000000000D+0  0.000000000000000D+0
     zElt=  2.012402970000000D+2
 PropType=  Geometric
  nECoord=  6
     TElt=  -2.220446049250000e-16  -2.327538976900000D-1  -9.725356667550000D-1  0.000000000000000D+0  0.000000000000000D+0  0.000000000000000D+0
            0.000000000000000D+0  9.725356667550000D-1  -2.327538976900000D-1  0.000000000000000D+0  0.000000000000000D+0  0.000000000000000D+0
            -1.000000000000000D+0  3.469446951950000e-17  1.665334536940000e-16  0.000000000000000D+0  0.000000000000000D+0  0.000000000000000D+0
            0.000000000000000D+0  0.000000000000000D+0  0.000000000000000D+0  -2.220446049250000e-16  -2.327538976900000D-1  -9.725356667550000D-1
            0.000000000000000D+0  0.000000000000000D+0  0.000000000000000D+0  0.000000000000000D+0  9.725356667550000D-1  -2.327538976900000D-1
            0.000000000000000D+0  0.000000000000000D+0  0.000000000000000D+0  -1.000000000000000D+0  3.469446951950000e-17  1.665334536940000e-16

     iElt=  4
  EltName=  TRIPLET_LP_2_s1
  Element=  Refractor
     xObs=  2.220446049250000e-16  0.000000000000000D+0  1.000000000000000D+0
  Surface=  Conic
    KrElt=  -1.779923350000000D+2
    KcElt=  0.000000000000000D+0
   psiElt=  -9.725356667550000D-1  -2.327538976900000D-1  1.665334536940000e-16
   VptElt=  -1.463601061050000D+2  1.613975368870000D+2  5.314999640000000D+2
   RptElt=  -1.463601060520000D+2  1.613975366660000D+2  5.314999640000000D+2
   IndRef=  1.708206600120000D+0
   Extinc=  0.000000000000000D+0
 ZernType=  Malacara
 ZernCoef=  0.0  0.0  0.0  0.0  0.0  0.0
            0.0  0.0  0.0  0.0  0.0  0.0
            0.0  0.0  0.0  0.0  0.0  0.0
            0.0  0.0  0.0  0.0  0.0  0.0
            0.0  0.0  0.0  0.0  0.0  0.0
            0.0  0.0  0.0  0.0  0.0  0.0
            0.0  0.0  0.0  0.0  0.0  0.0
            0.0  0.0  0.0
 GridFile=  None
 nGridMat=  99
GridSrfdx=  0.353779140959184
     pMon=  -1.463601060520000D+2  1.613975366660000D+2  5.314999640000000D+2
     xMon=  -2.220446049250000e-16  0.000000000000000D+0  -1.000000000000000D+0
     yMon=  -2.327538976900000D-1  9.725356667550000D-1  3.469446951950000e-17
     zMon=  -9.725356667550000D-1  -2.327538976900000D-1  1.665334536940000e-16
     lMon=  5.090000000000000D+1
     nObs=  0
   ApType=  Circle
    ApVec=  5.090000000000000D+1  0.000000000000000D+0  0.000000000000000D+0
     zElt=  1.779923350000000D+2
 PropType=  Geometric
  nECoord=  6
     TElt=  -2.220446049250000e-16  -2.327538976900000D-1  -9.725356667550000D-1  0.000000000000000D+0  0.000000000000000D+0  0.000000000000000D+0
            0.000000000000000D+0  9.725356667550000D-1  -2.327538976900000D-1  0.000000000000000D+0  0.000000000000000D+0  0.000000000000000D+0
            -1.000000000000000D+0  3.469446951950000e-17  1.665334536940000e-16  0.000000000000000D+0  0.000000000000000D+0  0.000000000000000D+0
            0.000000000000000D+0  0.000000000000000D+0  0.000000000000000D+0  -2.220446049250000e-16  -2.327538976900000D-1  -9.725356667550000D-1
            0.000000000000000D+0  0.000000000000000D+0  0.000000000000000D+0  0.000000000000000D+0  9.725356667550000D-1  -2.327538976900000D-1
            0.000000000000000D+0  0.000000000000000D+0  0.000000000000000D+0  -1.000000000000000D+0  3.469446951950000e-17  1.665334536940000e-16

     iElt=  5
  EltName=  TRIPLET_LP_2_s2
  Element=  Refractor
     xObs=  -2.220446049250000e-16  0.000000000000000D+0  -1.000000000000000D+0
  Surface=  Conic
    KrElt=  -1.000000000000000e+18
    KcElt=  0.000000000000000D+0
   psiElt=  9.725356667550000D-1  2.327538976900000D-1  -1.665334536940000e-16
   VptElt=  -1.355728182920000D+2  1.639792245000000D+2  5.314999640000000D+2
   RptElt=  -1.355728182380000D+2  1.639792242740000D+2  5.314999640000000D+2
   IndRef=  1.000000000000000D+0
   Extinc=  0.000000000000000D+0
 ZernType=  Malacara
 ZernCoef=  0.0  0.0  0.0  0.0  0.0  0.0
            0.0  0.0  0.0  0.0  0.0  0.0
            0.0  0.0  0.0  0.0  0.0  0.0
            0.0  0.0  0.0  0.0  0.0  0.0
            0.0  0.0  0.0  0.0  0.0  0.0
            0.0  0.0  0.0  0.0  0.0  0.0
            0.0  0.0  0.0  0.0  0.0  0.0
            0.0  0.0  0.0
 GridFile=  None
 nGridMat=  99
GridSrfdx=  0.353779140959184
     pMon=  -1.355728182380000D+2  1.639792242740000D+2  5.314999640000000D+2
     xMon=  -2.220446049250000e-16  0.000000000000000D+0  -1.000000000000000D+0
     yMon=  -2.327538976900000D-1  9.725356667550000D-1  3.469446951950000e-17
     zMon=  9.725356667550000D-1  2.327538976900000D-1  -1.665334536940000e-16
     lMon=  5.090000000000000D+1
     nObs=  0
   ApType=  Circle
    ApVec=  5.090000000000000D+1  0.000000000000000D+0  0.000000000000000D+0
     zElt=  1.000000000000000e+18
 PropType=  Geometric
  nECoord=  6
     TElt=  -2.220446049250000e-16  -2.327538976900000D-1  -9.725356667550000D-1  0.000000000000000D+0  0.000000000000000D+0  0.000000000000000D+0
            0.000000000000000D+0  9.725356667550000D-1  -2.327538976900000D-1  0.000000000000000D+0  0.000000000000000D+0  0.000000000000000D+0
            -1.000000000000000D+0  3.469446951950000e-17  1.665334536940000e-16  0.000000000000000D+0  0.000000000000000D+0  0.000000000000000D+0
            0.000000000000000D+0  0.000000000000000D+0  0.000000000000000D+0  -2.220446049250000e-16  -2.327538976900000D-1  -9.725356667550000D-1
            0.000000000000000D+0  0.000000000000000D+0  0.000000000000000D+0  0.000000000000000D+0  9.725356667550000D-1  -2.327538976900000D-1
            0.000000000000000D+0  0.000000000000000D+0  0.000000000000000D+0  -1.000000000000000D+0  3.469446951950000e-17  1.665334536940000e-16

     iElt=  6
  EltName=  TRIPLET_LP_1_s1
  Element=  Refractor
     xObs=  -2.220446049250000e-16  0.000000000000000D+0  -1.000000000000000D+0
  Surface=  Conic
    KrElt=  -9.777892030000000D+2
    KcElt=  0.000000000000000D+0
   psiElt=  9.725356667550000D-1  2.327538976900000D-1  -1.665334536940000e-16
   VptElt=  -1.320831852640000D+2  1.648143873810000D+2  5.314999640000000D+2
   RptElt=  -1.320831852090000D+2  1.648143871530000D+2  5.314999640000000D+2
   IndRef=  1.564254543650000D+0
   Extinc=  0.000000000000000D+0
 ZernType=  Malacara
 ZernCoef=  0.0  0.0  0.0  0.0  0.0  0.0
            0.0  0.0  0.0  0.0  0.0  0.0
            0.0  0.0  0.0  0.0  0.0  0.0
            0.0  0.0  0.0  0.0  0.0  0.0
            0.0  0.0  0.0  0.0  0.0  0.0
            0.0  0.0  0.0  0.0  0.0  0.0
            0.0  0.0  0.0  0.0  0.0  0.0
            0.0  0.0  0.0
 GridFile=  None
 nGridMat=  99
GridSrfdx=  0.353779140959184
     pMon=  -1.320831852090000D+2  1.648143871530000D+2  5.314999640000000D+2
     xMon=  -2.220446049250000e-16  0.000000000000000D+0  -1.000000000000000D+0
     yMon=  -2.327538976900000D-1  9.725356667550000D-1  3.469446951950000e-17
     zMon=  9.725356667550000D-1  2.327538976900000D-1  -1.665334536940000e-16
     lMon=  5.090000000000000D+1
     nObs=  0
   ApType=  Circle
    ApVec=  5.090000000000000D+1  0.000000000000000D+0  0.000000000000000D+0
     zElt=  9.777892030000000D+2
 PropType=  Geometric
  nECoord=  6
     TElt=  -2.220446049250000e-16  -2.327538976900000D-1  -9.725356667550000D-1  0.000000000000000D+0  0.000000000000000D+0  0.000000000000000D+0
            0.000000000000000D+0  9.725356667550000D-1  -2.327538976900000D-1  0.000000000000000D+0  0.000000000000000D+0  0.000000000000000D+0
            -1.000000000000000D+0  3.469446951950000e-17  1.665334536940000e-16  0.000000000000000D+0  0.000000000000000D+0  0.000000000000000D+0
            0.000000000000000D+0  0.000000000000000D+0  0.000000000000000D+0  -2.220446049250000e-16  -2.327538976900000D-1  -9.725356667550000D-1
            0.000000000000000D+0  0.000000000000000D+0  0.000000000000000D+0  0.000000000000000D+0  9.725356667550000D-1  -2.327538976900000D-1
            0.000000000000000D+0  0.000000000000000D+0  0.000000000000000D+0  -1.000000000000000D+0  3.469446951950000e-17  1.665334536940000e-16

     iElt=  7
  EltName=  TRIPLET_LP_1_s2
  Element=  Refractor
     xObs=  2.220446049250000e-16  0.000000000000000D+0  1.000000000000000D+0
  Surface=  Conic
    KrElt=  -2.660131370000000D+2
    KcElt=  0.000000000000000D+0
   psiElt=  -9.725356667550000D-1  -2.327538976900000D-1  1.665334536940000e-16
   VptElt=  -1.194516975170000D+2  1.678374415550000D+2  5.314999640000000D+2
   RptElt=  -1.194516974610000D+2  1.678374413230000D+2  5.314999640000000D+2
   IndRef=  1.000000000000000D+0
   Extinc=  0.000000000000000D+0
 ZernType=  Malacara
 ZernCoef=  0.0  0.0  0.0  0.0  0.0  0.0
            0.0  0.0  0.0  0.0  0.0  0.0
            0.0  0.0  0.0  0.0  0.0  0.0
            0.0  0.0  0.0  0.0  0.0  0.0
            0.0  0.0  0.0  0.0  0.0  0.0
            0.0  0.0  0.0  0.0  0.0  0.0
            0.0  0.0  0.0  0.0  0.0  0.0
            0.0  0.0  0.0
 GridFile=  None
 nGridMat=  99
GridSrfdx=  0.353779140959184
     pMon=  -1.194516974610000D+2  1.678374413230000D+2  5.314999640000000D+2
     xMon=  -2.220446049250000e-16  0.000000000000000D+0  -1.000000000000000D+0
     yMon=  -2.327538976900000D-1  9.725356667550000D-1  3.469446951950000e-17
     zMon=  -9.725356667550000D-1  -2.327538976900000D-1  1.665334536940000e-16
     lMon=  5.090000000000000D+1
     nObs=  0
   ApType=  Circle
    ApVec=  5.090000000000000D+1  0.000000000000000D+0  0.000000000000000D+0
     zElt=  2.660131370000000D+2
 PropType=  Geometric
  nECoord=  6
     TElt=  -2.220446049250000e-16  -2.327538976900000D-1  -9.725356667550000D-1  0.000000000000000D+0  0.000000000000000D+0  0.000000000000000D+0
            0.000000000000000D+0  9.725356667550000D-1  -2.327538976900000D-1  0.000000000000000D+0  0.000000000000000D+0  0.000000000000000D+0
            -1.000000000000000D+0  3.469446951950000e-17  1.665334536940000e-16  0.000000000000000D+0  0.000000000000000D+0  0.000000000000000D+0
            0.000000000000000D+0  0.000000000000000D+0  0.000000000000000D+0  -2.220446049250000e-16  -2.327538976900000D-1  -9.725356667550000D-1
            0.000000000000000D+0  0.000000000000000D+0  0.000000000000000D+0  0.000000000000000D+0  9.725356667550000D-1  -2.327538976900000D-1
            0.000000000000000D+0  0.000000000000000D+0  0.000000000000000D+0  -1.000000000000000D+0  3.469446951950000e-17  1.665334536940000e-16

     iElt=  8
  EltName=  bs_inj_Newport_30Q20BS1
  Element=  Reflector
     xObs=  2.220446049250000e-16  0.000000000000000D+0  1.000000000000000D+0
  Surface=  Conic
    KrElt=  -1.000000000000000e+18
    KcElt=  0.000000000000000D+0
   psiElt=  -7.830506002960000D-1  -6.219580029040001D-1  1.040834085590000e-16
   VptElt=  1.528582891750000D+2  2.330085329080000D+2  5.314999640000000D+2
   RptElt=  1.528582893380000D+2  2.330085327020000D+2  5.314999640000000D+2
   IndRef=  1.000000000000000D+0
   Extinc=  0.000000000000000D+0
 ZernType=  Malacara
 ZernCoef=  0.0  0.0  0.0  0.0  0.0  0.0
            0.0  0.0  0.0  0.0  0.0  0.0
            0.0  0.0  0.0  0.0  0.0  0.0
            0.0  0.0  0.0  0.0  0.0  0.0
            0.0  0.0  0.0  0.0  0.0  0.0
            0.0  0.0  0.0  0.0  0.0  0.0
            0.0  0.0  0.0  0.0  0.0  0.0
            0.0  0.0  0.0
 GridFile=  None
 nGridMat=  99
GridSrfdx=  0.699795918367347
     pMon=  1.528582893380000D+2  2.330085327020000D+2  5.314999640000000D+2
     xMon=  -2.220446049250000e-16  0.000000000000000D+0  -1.000000000000000D+0
     yMon=  -6.219580029040001D-1  7.830506002960000D-1  1.110223024630000e-16
     zMon=  -7.830506002960000D-1  -6.219580029040001D-1  1.040834085590000e-16
     lMon=  3.429000000000000D+1
     nObs=  0
   ApType=  Circle
    ApVec=  3.429000000000000D+1  0.000000000000000D+0  2.200000000000000D+0
     zElt=  1.000000000000000e+18
 PropType=  Geometric
  nECoord=  6
     TElt=  -2.220446049250000e-16  -6.219580029040001D-1  -7.830506002960000D-1  0.000000000000000D+0  0.000000000000000D+0  0.000000000000000D+0
            0.000000000000000D+0  7.830506002960000D-1  -6.219580029040001D-1  0.000000000000000D+0  0.000000000000000D+0  0.000000000000000D+0
            -1.000000000000000D+0  1.110223024630000e-16  1.040834085590000e-16  0.000000000000000D+0  0.000000000000000D+0  0.000000000000000D+0
            0.000000000000000D+0  0.000000000000000D+0  0.000000000000000D+0  -2.220446049250000e-16  -6.219580029040001D-1  -7.830506002960000D-1
            0.000000000000000D+0  0.000000000000000D+0  0.000000000000000D+0  0.000000000000000D+0  7.830506002960000D-1  -6.219580029040001D-1
            0.000000000000000D+0  0.000000000000000D+0  0.000000000000000D+0  -1.000000000000000D+0  1.110223024630000e-16  1.040834085590000e-16

     iElt=  9
  EltName=  bs_cam_Newport_30Q20BS1_pass1_s2
  Element=  Refractor
     xObs=  2.220446049250000e-16  0.000000000000000D+0  1.000000000000000D+0
  Surface=  Conic
    KrElt=  -1.000000000000000e+18
    KcElt=  0.000000000000000D+0
   psiElt=  -2.295464420650000D-1  -9.732977093030000D-1  1.387778780780000e-17
   VptElt=  1.062410237200000D+2  1.440029359270000D+2  5.314999640000000D+2
   RptElt=  1.057790276330000D+2  1.377161129090000D+2  5.3149996399999998D+2
   IndRef=  1.452498259570000D+0
   Extinc=  0.000000000000000D+0
 ZernType=  Malacara
 ZernCoef=  0.0  0.0  0.0  0.0  0.0  0.0
            0.0  0.0  0.0  0.0  0.0  0.0
            0.0  0.0  0.0  0.0  0.0  0.0
            0.0  0.0  0.0  0.0  0.0  0.0
            0.0  0.0  0.0  0.0  0.0  0.0
            0.0  0.0  0.0  0.0  0.0  0.0
            0.0  0.0  0.0  0.0  0.0  0.0
            0.0  0.0  0.0
 GridFile=  None
 nGridMat=  99
GridSrfdx=  0.699795918367347
     pMon=  1.081748847500000D+2  1.435468463720000D+2  5.314999640000000D+2
     xMon=  -2.220446049250000e-16  0.000000000000000D+0  -1.000000000000000D+0
     yMon=  -9.732977093030000D-1  2.295464420650000D-1  1.110223024630000e-16
     zMon=  -2.295464420650000D-1  -9.732977093030000D-1  1.387778780780000e-17
     lMon=  3.429000000000000D+1
     nObs=  0
   ApType=  Circle
    ApVec=  3.429000000000000D+1  0.000000000000000D+0  -1.100000000000000D+0
     zElt=  1.000000000000000e+18
 PropType=  Geometric
  nECoord=  6
     TElt=  -2.220446049250000e-16  -9.732977093030000D-1  -2.295464420650000D-1  0.000000000000000D+0  0.000000000000000D+0  0.000000000000000D+0
            0.000000000000000D+0  2.295464420650000D-1  -9.732977093030000D-1  0.000000000000000D+0  0.000000000000000D+0  0.000000000000000D+0
            -1.000000000000000D+0  1.110223024630000e-16  1.387778780780000e-17  0.000000000000000D+0  0.000000000000000D+0  0.000000000000000D+0
            0.000000000000000D+0  0.000000000000000D+0  0.000000000000000D+0  -2.220446049250000e-16  -9.732977093030000D-1  -2.295464420650000D-1
            0.000000000000000D+0  0.000000000000000D+0  0.000000000000000D+0  0.000000000000000D+0  2.295464420650000D-1  -9.732977093030000D-1
            0.000000000000000D+0  0.000000000000000D+0  0.000000000000000D+0  -1.000000000000000D+0  1.110223024630000e-16  1.387778780780000e-17

     iElt=  10
  EltName=  bs_cam_Newport_30Q20BS1_pass1
  Element=  Refractor
     Link=  9 
     xObs=  2.220446049250000e-16  0.000000000000000D+0  1.000000000000000D+0
  Surface=  Conic
    KrElt=  -1.000000000000000e+18
    KcElt=  0.000000000000000D+0
   psiElt=  -2.295464420650000D-1  -9.732977093030000D-1  1.387778780780000e-17
   VptElt=  1.033831705170000D+2  1.318853794460000D+2  5.314999640000000D+2
   RptElt=  1.033831705160000D+2  1.318853794460000D+2  5.314999640000000D+2
   IndRef=  1.000000000000000D+0
   Extinc=  0.000000000000000D+0
 ZernType=  Malacara
 ZernCoef=  0.0  0.0  0.0  0.0  0.0  0.0
            0.0  0.0  0.0  0.0  0.0  0.0
            0.0  0.0  0.0  0.0  0.0  0.0
            0.0  0.0  0.0  0.0  0.0  0.0
            0.0  0.0  0.0  0.0  0.0  0.0
            0.0  0.0  0.0  0.0  0.0  0.0
            0.0  0.0  0.0  0.0  0.0  0.0
            0.0  0.0  0.0
 GridFile=  None
 nGridMat=  99
GridSrfdx=  0.699795918367347
     pMon=  1.033831705160000D+2  1.318853794460000D+2  5.314999640000000D+2
     xMon=  -2.220446049250000e-16  0.000000000000000D+0  -1.000000000000000D+0
     yMon=  -1.000000000000000D+0  6.542487718250000D-9  2.220446049250000e-16
     zMon=  -2.295464420650000D-1  -9.732977093030000D-1  1.387778780780000e-17
     lMon=  3.429000000000000D+1
     nObs=  0
   ApType=  Circle
    ApVec=  3.429000000000000D+1  0.000000000000000D+0  -1.100000000000000D+0
     zElt=  1.000000000000000e+18
 PropType=  Geometric
  nECoord=  6
     TElt=  -2.220446049250000e-16  -1.000000000000000D+0  -6.542487884790000D-9  0.000000000000000D+0  0.000000000000000D+0  0.000000000000000D+0
            0.000000000000000D+0  6.542487718250000D-9  -1.000000000000000D+0  0.000000000000000D+0  0.000000000000000D+0  0.000000000000000D+0
            -1.000000000000000D+0  2.220446049250000e-16  0.000000000000000D+0  0.000000000000000D+0  0.000000000000000D+0  0.000000000000000D+0
            0.000000000000000D+0  0.000000000000000D+0  0.000000000000000D+0  -2.220446049250000e-16  -1.000000000000000D+0  -6.542487884790000D-9
            0.000000000000000D+0  0.000000000000000D+0  0.000000000000000D+0  0.000000000000000D+0  6.542487718250000D-9  -1.000000000000000D+0
            0.000000000000000D+0  0.000000000000000D+0  0.000000000000000D+0  -1.000000000000000D+0  2.220446049250000e-16  0.000000000000000D+0

     iElt=  11
  EltName=  dm_pass1
  Element=  Reflector
     xObs=  2.220446049250000e-16  0.000000000000000D+0  1.000000000000000D+0
  Surface=  Conic
    KrElt=  -1.000000000000000e+18
    KcElt=  0.000000000000000D+0
   psiElt=  -7.137486529150000D-1  -7.004019277969999D-1  1.179611963660000e-16
   VptElt=  1.661246700180000D+1  -4.184026952840000D+1  5.314999640000000D+2
   RptElt=  1.661246700140000D+1  -4.184026952800000D+1  5.314999640000000D+2
   IndRef=  1.000000000000000D+0
   Extinc=  0.000000000000000D+0
 ZernType=  Malacara
 ZernCoef=  0.0  0.0  0.0  0.0  0.0  0.0
            0.0  0.0  0.0  0.0  0.0  0.0
            0.0  0.0  0.0  0.0  0.0  0.0
            0.0  0.0  0.0  0.0  0.0  0.0
            0.0  0.0  0.0  0.0  0.0  0.0
            0.0  0.0  0.0  0.0  0.0  0.0
            0.0  0.0  0.0  0.0  0.0  0.0
            0.0  0.0  0.0
 GridFile=  None
 nGridMat=  99
GridSrfdx=  0.699795918367347
     pMon=  1.661246700140000D+1  -4.184026952800000D+1  5.314999640000000D+2
     xMon=  -2.220446049250000e-16  0.000000000000000D+0  -1.000000000000000D+0
     yMon=  -7.004019277969999D-1  7.137486529150000D-1  1.110223024630000e-16
     zMon=  -7.137486529150000D-1  -7.004019277969999D-1  1.179611963660000e-16
     lMon=  3.429000000000000D+1
     nObs=  0
   ApType=  Circle
    ApVec=  3.429000000000000D+1  0.000000000000000D+0  0.000000000000000D+0
     zElt=  1.000000000000000e+18
 PropType=  Geometric
  nECoord=  6
     TElt=  -2.220446049250000e-16  -7.004019277969999D-1  -7.137486529150000D-1  0.000000000000000D+0  0.000000000000000D+0  0.000000000000000D+0
            0.000000000000000D+0  7.137486529150000D-1  -7.004019277969999D-1  0.000000000000000D+0  0.000000000000000D+0  0.000000000000000D+0
            -1.000000000000000D+0  1.110223024630000e-16  1.179611963660000e-16  0.000000000000000D+0  0.000000000000000D+0  0.000000000000000D+0
            0.000000000000000D+0  0.000000000000000D+0  0.000000000000000D+0  -2.220446049250000e-16  -7.004019277969999D-1  -7.137486529150000D-1
            0.000000000000000D+0  0.000000000000000D+0  0.000000000000000D+0  0.000000000000000D+0  7.137486529150000D-1  -7.004019277969999D-1
            0.000000000000000D+0  0.000000000000000D+0  0.000000000000000D+0  -1.000000000000000D+0  1.110223024630000e-16  1.179611963660000e-16

     iElt=  12
  EltName=  m3_pass1
  Element=  Reflector
     xObs=  2.220446049250000e-16  0.000000000000000D+0  1.000000000000000D+0
  Surface=  Conic
    KrElt=  -5.316236087560000D+2
    KcElt=  -1.000000000000000D+0
   psiElt=  -9.028925694270000D-1  -4.298662676610000D-1  1.630640067420000e-16
   VptElt=  2.735000360500000D+2  1.954581231990000D+2  5.314999640000000D+2
   RptElt=  3.089774173640000D+2  9.735556220520000D+1  5.314999640000000D+2
   IndRef=  1.000000000000000D+0
   Extinc=  0.000000000000000D+0
 ZernType=  Malacara
 ZernCoef=  0.0  0.0  0.0  0.0  0.0  0.0
            0.0  0.0  0.0  0.0  0.0  0.0
            0.0  0.0  0.0  0.0  0.0  0.0
            0.0  0.0  0.0  0.0  0.0  0.0
            0.0  0.0  0.0  0.0  0.0  0.0
            0.0  0.0  0.0  0.0  0.0  0.0
            0.0  0.0  0.0  0.0  0.0  0.0
            0.0  0.0  0.0
 GridFile=  None
 nGridMat=  99
GridSrfdx=  0.571428571428571
     pMon=  3.089774173640000D+2  9.735556220520000D+1  5.314999640000000D+2
     xMon=  -2.220446049250000e-16  0.000000000000000D+0  -1.000000000000000D+0
     yMon=  -4.298662676610000D-1  9.028925694270000D-1  6.245004513520000e-17
     zMon=  -9.028925694270000D-1  -4.298662676610000D-1  1.630640067420000e-16
     lMon=  2.800000000000000D+1
     nObs=  0
   ApType=  Circle
    ApVec=  2.800000000000000D+1  0.000000000000000D+0  -1.040000000000000D+2
     zElt=  5.316236087560000D+2
 PropType=  Geometric
  nECoord=  6
     TElt=  -2.220446049250000e-16  -4.298662676610000D-1  -9.028925694270000D-1  0.000000000000000D+0  0.000000000000000D+0  0.000000000000000D+0
            0.000000000000000D+0  9.028925694270000D-1  -4.298662676610000D-1  0.000000000000000D+0  0.000000000000000D+0  0.000000000000000D+0
            -1.000000000000000D+0  6.245004513520000e-17  1.630640067420000e-16  0.000000000000000D+0  0.000000000000000D+0  0.000000000000000D+0
            0.000000000000000D+0  0.000000000000000D+0  0.000000000000000D+0  -2.220446049250000e-16  -4.298662676610000D-1  -9.028925694270000D-1
            0.000000000000000D+0  0.000000000000000D+0  0.000000000000000D+0  0.000000000000000D+0  9.028925694270000D-1  -4.298662676610000D-1
            0.000000000000000D+0  0.000000000000000D+0  0.000000000000000D+0  -1.000000000000000D+0  6.245004513520000e-17  1.630640067420000e-16

     iElt=  13
  EltName=  fold_ota_custom_pass1
  Element=  Reflector
     xObs=  7.071067811870000D-1  6.938893903910000e-18  7.071067811870000D-1
  Surface=  Conic
    KrElt=  -1.000000000000000e+18
    KcElt=  0.000000000000000D+0
   psiElt=  -7.071067811870000D-1  6.938893903910000e-18  7.071067811870000D-1
   VptElt=  0.000000000000000D+0  7.444931558840000D+1  5.314999640000000D+2
   RptElt=  0.000000000000000D+0  7.923027951530000D+1  5.314999640000000D+2
   IndRef=  1.000000000000000D+0
   Extinc=  0.000000000000000D+0
 ZernType=  Malacara
 ZernCoef=  0.0  0.0  0.0  0.0  0.0  0.0
            0.0  0.0  0.0  0.0  0.0  0.0
            0.0  0.0  0.0  0.0  0.0  0.0
            0.0  0.0  0.0  0.0  0.0  0.0
            0.0  0.0  0.0  0.0  0.0  0.0
            0.0  0.0  0.0  0.0  0.0  0.0
            0.0  0.0  0.0  0.0  0.0  0.0
            0.0  0.0  0.0
 GridFile=  None
 nGridMat=  99
GridSrfdx=  0.911996039653238
     pMon=  0.000000000000000D+0  7.923027951530000D+1  5.314999640000000D+2
     xMon=  -7.071067811870000D-1  -6.938893903910000e-18  -7.071067811870000D-1
     yMon=  0.000000000000000D+0  1.000000000000000D+0  0.000000000000000D+0
     zMon=  -7.071067811870000D-1  6.938893903910000e-18  7.071067811870000D-1
     lMon=  44.687805943008662
     nObs=  0
   ApType=  Rectangular
    ApVec=  -3.290000000000000D+1  3.510000000000000D+1  -2.930000000000000D+1  2.870000000000000D+1
     zElt=  1.000000000000000e+18
 PropType=  Geometric
  nECoord=  6
     TElt=  -7.071067811870000D-1  0.000000000000000D+0  -7.071067811870000D-1  0.000000000000000D+0  0.000000000000000D+0  0.000000000000000D+0
            -6.938893903910000e-18  1.000000000000000D+0  6.938893903910000e-18  0.000000000000000D+0  0.000000000000000D+0  0.000000000000000D+0
            -7.071067811870000D-1  0.000000000000000D+0  7.071067811870000D-1  0.000000000000000D+0  0.000000000000000D+0  0.000000000000000D+0
            0.000000000000000D+0  0.000000000000000D+0  0.000000000000000D+0  -7.071067811870000D-1  0.000000000000000D+0  -7.071067811870000D-1
            0.000000000000000D+0  0.000000000000000D+0  0.000000000000000D+0  -6.938893903910000e-18  1.000000000000000D+0  6.938893903910000e-18
            0.000000000000000D+0  0.000000000000000D+0  0.000000000000000D+0  -7.071067811870000D-1  0.000000000000000D+0  7.071067811870000D-1

     iElt=  14
  EltName=  m2_pass1
  Element=  Reflector
     xObs=  -1.000000000000000D+0  0.000000000000000D+0  0.000000000000000D+0
  Surface=  Conic
    KrElt=  -4.156783554520000D+2
    KcElt=  -1.689569789160000D+0
   psiElt=  0.000000000000000D+0  -5.181255009370000D-2  -9.986568277710000D-1
   VptElt=  0.000000000000000D+0  9.364779457839999D+0  -8.195000000000000D+2
   RptElt=  -7.874097205100000e-14  -2.563744772030000D-9  -8.191199165930000D+2
   IndRef=  1.000000000000000D+0
   Extinc=  0.000000000000000D+0
 ZernType=  Malacara
 ZernCoef=  0.0  0.0  0.0  0.0  0.0  0.0
            0.0  0.0  0.0  0.0  0.0  0.0
            0.0  0.0  0.0  0.0  0.0  0.0
            0.0  0.0  0.0  0.0  0.0  0.0
            0.0  0.0  0.0  0.0  0.0  0.0
            0.0  0.0  0.0  0.0  0.0  0.0
            0.0  0.0  0.0  0.0  0.0  0.0
            0.0  0.0  0.0
 GridFile=  None
 nGridMat=  99
GridSrfdx=  2.122448979591837
     pMon=  -7.874097205100000e-14  -2.563744772030000D-9  -8.191199165930000D+2
     xMon=  -1.000000000000000D+0  0.000000000000000D+0  0.000000000000000D+0
     yMon=  0.000000000000000D+0  9.986568277710000D-1  -5.181255009370000D-2
     zMon=  0.000000000000000D+0  5.181255009370000D-2   9.986568277710000D-1
     lMon=  1.040000000000000D+2
     nObs=  0
   ApType=  Circle
    ApVec=  1.040000000000000D+2  0.000000000000000D+0  0.000000000000000D+0
     zElt=  4.156783554520000D+2
 PropType=  Geometric
  nECoord=  6
     TElt=  -1.000000000000000D+0  0.000000000000000D+0  0.000000000000000D+0  0.000000000000000D+0  0.000000000000000D+0  0.000000000000000D+0
            0.000000000000000D+0  9.986568277710000D-1  5.181255009370000D-2  0.000000000000000D+0  0.000000000000000D+0  0.000000000000000D+0
            0.000000000000000D+0  -5.181255009370000D-2  9.986568277710000D-1  0.000000000000000D+0  0.000000000000000D+0  0.000000000000000D+0
            0.000000000000000D+0  0.000000000000000D+0  0.000000000000000D+0  -1.000000000000000D+0  0.000000000000000D+0  0.000000000000000D+0
            0.000000000000000D+0  0.000000000000000D+0  0.000000000000000D+0  0.000000000000000D+0  9.986568277710000D-1  5.181255009370000D-2
            0.000000000000000D+0  0.000000000000000D+0  0.000000000000000D+0  0.000000000000000D+0  -5.181255009370000D-2  9.986568277710000D-1

     iElt=  15
  EltName=  NS_RefFlat1
  Element=  Reference
  Surface=  Flat
    KrElt=  -1.000000000000000e+22
    KcElt=  0.000000000000000D+0
   psiElt=  0.000000000000000D+0  0.000000000000000D+0  1.000000000000000D+0
   VptElt=  0.000000000000000D+0  0.000000000000000D+0  -4.800000000000000D+2
   RptElt=  0.000000000000000D+0  0.000000000000000D+0  -4.800000000000000D+2
   IndRef=  1.000000000000000D+0
   Extinc=  0.000000000000000D+0
     nObs=  1
  ObsType=  Circular
   ObsVec=  6.000000000000000D+1  0.000000000000000D+0  0.000000000000000D+0
     xObs=  1.000000000000000D+0  0.000000000000000D+0  0.000000000000000D+0
   ApType=  None
     zElt=  1.000000000000000e+22
 PropType=  Geometric
  nECoord=  -6

     iElt=  16
  EltName=  A0
  Element=  NSReflector
  NSCount=  1
  Surface=  Conic
    KrElt=  -2.000000000000000D+3
    KcElt=  -1.000000000000000D+0
   psiElt=  0.000000000000000D+0  0.000000000000000D+0  -1.000000000000000D+0
   VptElt=  0.000000000000000D+0  0.000000000000000D+0  0.000000000000000D+0
   RptElt=  0.000000000000000D+0  0.000000000000000D+0  0.000000000000000D+0
   IndRef=  1.000000000000000D+0
   Extinc=  0.000000000000000D+0
     nObs=  1
   ApType=  Circular
    ApVec=  5.000000000000000D+1  0.000000000000000D+0  0.000000000000000D+0
     xObs=  1.000000000000000D+0  0.000000000000000D+0  0.000000000000000D+0
     zElt=  2.000000000000000D+3
 PropType=  Geometric
  nECoord=  -6

     iElt=  17
  EltName=  A1
  Element=  NSReflector
  NSCount=  1
  Surface=  ZrnGrData
    KrElt=  -2.000000000000000D+3
    KcElt=  -1.000000000000000D+0
   psiElt=  0.000000000000000D+0  0.000000000000000D+0  -1.000000000000000D+0
   VptElt=  0.000000000000000D+0  0.000000000000000D+0  0.000000000000000D+0
   RptElt=  3.600000000000000D+2  0.000000000000000D+0  -3.240000000000000D+1
   IndRef=  1.000000000000000D+0
   Extinc=  0.000000000000000D+0
         ZernType=  ANSI
        nZernCoef=   4
        ZernModes=  14  15  19 38
         ZernCoef=  6.0D-05  8.0D-05  2.0D-06  1.0D-06
 nGridMat=  256
 GridFile=  zern41em5z155em3.txt		% flat.txt	% 
GridSrfdx=  2.0D-01
     pMon=  3.600000000000000D+2  0.000000000000000D+0  -3.240000000000000D+1
     xMon=  -9.408836000000000D-1  2.521174000000000D-3  3.387205000000000D-1
     yMon=  -2.67957200000000D-3  -9.99996400000000D-1  2.199169000000000D-19
     zMon=  -3.387193000000000D-1  9.076260000000000D-4  -9.4088700000000D-1
     lMon=  4.986949845650000D+2
     pData=  3.600000000000000D+2  0.000000000000000D+0  -3.240000000000000D+1
     xData=  -9.408836000000000D-1  2.521174000000000D-3  3.387205000000000D-1
     yData=  -2.67957200000000D-3  -9.99996400000000D-1  2.199169000000000D-19
     zData=  -3.387193000000000D-1  9.076260000000000D-4  -9.4088700000000D-1
     nObs=  0
     xObs=  1.000000000000000D+0  0.000000000000000D+0  0.000000000000000D+0
   ApType=  Circle
    ApVec=  1.400000000000000D+2  3.600000000000000D+2  0.000000000000000D+0
     zElt=  2.000000000000000D+3
 PropType=  Geometric
  nECoord=  6
     TElt= -9.408836000000000D-1  -2.67957200000000D-3  -3.387193000000000D-1  0.000000000000000D+0  0.000000000000000D+0  0.000000000000000D+0
            2.521174000000000D-3  -9.99996400000000D-1   9.076260000000000D-4  0.000000000000000D+0  0.000000000000000D+0  0.000000000000000D+0
            3.387205000000000D-1  2.199169000000000D-19  -9.4088700000000D-1  0.000000000000000D+0  0.000000000000000D+0  0.000000000000000D+0
            0.000000000000000D+0  0.000000000000000D+0  0.000000000000000D+0  -9.408836000000000D-1  -2.67957200000000D-3  -3.387193000000000D-1
            0.000000000000000D+0  0.000000000000000D+0  0.000000000000000D+0  2.521174000000000D-3  -9.99996400000000D-1   9.076260000000000D-4
            0.000000000000000D+0  0.000000000000000D+0  0.000000000000000D+0  3.387205000000000D-1  2.199169000000000D-19  -9.4088700000000D-1



     iElt=  18
  EltName=  A2
  Element=  NSReflector
  NSCount=  1
  Surface=  Conic
    KrElt=  -2.000000000000000D+3
    KcElt=  -1.000000000000000D+0
   psiElt=  0.000000000000000D+0  0.000000000000000D+0  -1.000000000000000D+0
   VptElt=  0.000000000000000D+0  0.000000000000000D+0  0.000000000000000D+0
   RptElt=  1.800000000000000D+2  3.117691000000000D+2  -3.240000000000000D+1
   IndRef=  1.000000000000000D+0
   Extinc=  0.000000000000000D+0
 ZernType=  Malacara
 ZernCoef=  0.0  0.0  0.0  0.0  0.0  0.0
            0.0  0.0  0.0  0.0  0.0  0.0
            0.0  0.0  0.0  0.0  0.0  0.0
            0.0  0.0  0.0  0.0  0.0  0.0
            0.0  0.0  0.0  0.0  0.0  0.0
            0.0  0.0  0.0  0.0  0.0  0.0
            0.0  0.0  0.0  0.0  0.0  0.0
            0.0  0.0  0.0
 GridFile=  None
 nGridMat=  99
GridSrfdx=  1.017744866459184D+1
     pMon=  1.800000000000000D+2  3.117691000000000D+2  -3.240000000000000D+1
     xMon=  -4.7166300000000000e-01  -8.1441640000000004e-01   3.3802359999999998e-01
     yMon=   8.6535309999999999e-01  -5.0116260000000001e-01  -2.8147770000000000e-17
     zMon=  -1.6940480000000001e-02  -2.9250979999999999e-01  -9.4113760000000002e-01
     lMon=  4.986949845650000D+2
     nObs=  0
     xObs=  1.000000000000000D+0  0.000000000000000D+0  0.000000000000000D+0
   ApType=  Circle
    ApVec=  1.400000000000000D+2  1.800000000000000D+2  -3.117691000000000D+2
     zElt=  2.000000000000000D+3
 PropType=  Geometric
  nECoord=  6
     TElt=  -4.716630000000000D-1  8.653531000000000D-1  -1.694048000000000D-2  0.000000000000000D+0  0.000000000000000D+0  0.000000000000000D+0
            -8.144164000000000D-1 -5.011626000000000D-1  -2.925098000000000D-1  0.000000000000000D+0  0.000000000000000D+0  0.000000000000000D+0
            3.380236000000000D-1  -2.814777000000000D-17 -9.411376000000000D-1  0.000000000000000D+0  0.000000000000000D+0  0.000000000000000D+0
            0.000000000000000D+0  0.000000000000000D+0  0.000000000000000D+0  -4.716630000000000D-1  8.653531000000000D-1  -1.694048000000000D-2
            0.000000000000000D+0  0.000000000000000D+0  0.000000000000000D+0  -8.144164000000000D-1 -5.011626000000000D-1  -2.9250980000000000D-1
