
% ---------------------------------------------------------------------------------------
% Source Definition
% ---------------------------------------------------------------------------------------

        ChfRayDir=  0.0D+00  0.0D+00 -1.0D+00
        ChfRayPos=  0.0D+00  0.0D+00  1.50D+00
          zSource=  1.0D+19

        BaseUnits=  m
        WaveUnits=  m

           IndRef=  1.0D+00
           Extinc=  0.0D+00
          Wavelen=  0.632D-06
             Flux=  1.0D+00

         Aperture=  3.65D+00
         Obscratn=  3.0D-01

         GridType=  Pie
         nGridpts=  256
            xGrid=  1.0D+00  0.0D+00  0.0D+00
            yGrid=  0.0D+00  1.0D+00  0.0D+00

             nSeg=  7
            width=  1.20D+00
              gap=  0.02D+00
         SegXgrid=  1.0D+00  0.0D+00  0.0D+00
         SegCoord=   0   0   0
                     1  -1  -2
                     2   1  -1
                     1   2   1
                    -1   1   2
                    -2  -1   1
                    -1  -2  -1

% ---------------------------------------------------------------------------------------
% Element Definitions
% ---------------------------------------------------------------------------------------

             nElt=  10


             iElt=  1
          EltName=  S1
          Element=  Segment
          Surface=  Conic
            KrElt= -2.92D+00
            KcElt= -1.0D+00
           psiElt=  0.0D+00  0.0D+00  1.0D+00
           VptElt=  0.0D+00  0.0D+00  0.0D+00
           RptElt=  0.0D+00  0.0D+00  0.0D+00
             pMon=  0.0D+00  0.0D+00  0.0D+00
             xMon=  1.0D+00  0.0D+00  0.0D+00
             yMon=  0.0D+00  1.0D+00  0.0D+00
             zMon=  0.0D+00  0.0D+00  1.0D+00
           IndRef=  1.0D+00
           Extinc=  1.0D+22
            nCoat=  0
             nObs=  0
           ApType=  None
         PropType=  Geometric
             zElt=  1.46D+00
          nECoord= -6

             iElt=  2
          EltName=  S2
          Element=  Segment
          Surface=  ZrnGrData
            KrElt= -2.92D+00
            KcElt= -1.0D+00
           psiElt=  0.0D+00  0.0D+00  1.0D+00
           VptElt=  0.0D+00  0.0D+00  0.0D+00
           RptElt=  6.12499733D-01 -1.060881274D+00  2.569563356D-01
         ZernType=  ANSI
        nZernCoef=   4
        ZernModes=  14  15  19 38
         ZernCoef=  6.0D-05  8.0D-05  2.0D-06  1.0D-06
             lMon=  0.92D+00
         nGridMat=  256
         GridFile=  zern41em5z155em3.txt
        GridSrfdx=  1.0D-02
             pMon=  6.12499733D-01  -1.060881274D+00  2.569563356D-01
             xMon=  4.61069737D-01  -7.985966745D-01  3.868566261D-01
             yMon=  8.660255296D-01  4.999997821D-01 -1.885624059D-18
             zMon= -1.934282287D-01  3.350277145D-01  9.22139876D-01
            pData=  6.12499733D-01  -1.060881274D+00  2.569563356D-01
            xData=  4.61069737D-01  -7.985966745D-01  3.868566261D-01
            yData=  8.660255296D-01  4.999997821D-01 -1.885624059D-18
            zData= -1.934282287D-01  3.350277145D-01  9.22139876D-01
           IndRef=  1.0D+00
           Extinc=  1.0D+22
            nCoat=  0
             nObs=  0
           ApType=  None
         PropType=  Geometric
             zElt=  1.46D+00
          nECoord=  6
             TElt=  4.61069737D-01  8.660255296D-01 -1.934282287D-01  0.0D+00  0.0D+00  0.0D+00
                   -7.985966745D-01  4.999997821D-01  3.350277145D-01  0.0D+00  0.0D+00  0.0D+00
                    3.868566261D-01 -1.885624059D-18  9.22139876D-01  0.0D+00  0.0D+00  0.0D+00
                    0.0D+00  0.0D+00  0.0D+00  4.61069737D-01  8.660255296D-01 -1.934282287D-01
                    0.0D+00  0.0D+00  0.0D+00 -7.985966745D-01  4.999997821D-01  3.350277145D-01
                    0.0D+00  0.0D+00  0.0D+00  3.868566261D-01 -1.885624059D-18  9.22139876D-01

             iElt=  3
          EltName=  S3
          Element=  Segment
          Surface=  ZrnGrData
            KrElt= -2.92D+00
            KcElt= -1.0D+00
           psiElt=  0.0D+00  0.0D+00  1.0D+00
           VptElt=  0.0D+00  0.0D+00  0.0D+00
           RptElt=  1.225D+00 -3.699397078D-07  2.569563356D-01
         ZernType=  ANSI
        nZernCoef=   4
        ZernModes=  14  15  19 38
         ZernCoef=  6.0D-05  8.0D-05  2.0D-06  1.0D-06
             lMon=  0.92D+00
         nGridMat=  256
         GridFile=  flat.txt	% zern41em5z155em3.txt
        GridSrfdx=  1.0D-02
             pMon=  1.225D+00 -3.699397078D-07  2.569563356D-01
             xMon=  9.22139876D-01  -2.784784949D-07  3.868566261D-01
             yMon=  3.019915982D-07  1.0D+00          3.238991466D-24
             zMon= -3.868566261D-01  1.168274508D-07  9.22139876D-01
            pData=  1.225D+00 -3.699397078D-07  2.569563356D-01
            xData=  9.22139876D-01  -2.784784949D-07  3.868566261D-01
            yData=  3.019915982D-07  1.0D+00          3.238991466D-24
            zData= -3.868566261D-01  1.168274508D-07  9.22139876D-01
           IndRef=  1.0D+00
           Extinc=  1.0D+22
            nCoat=  0
             nObs=  0
           ApType=  None
         PropType=  Geometric
             zElt=  1.46D+00
          nECoord=  6
             TElt=  9.22139876D-01  3.019915982D-07 -3.868566261D-01  0.0D+00  0.0D+00  0.0D+00
                   -2.784784949D-07  1.0D+00  1.168274508D-07  0.0D+00  0.0D+00  0.0D+00
                    3.868566261D-01  3.238991466D-24  9.22139876D-01  0.0D+00  0.0D+00  0.0D+00
                    0.0D+00  0.0D+00  0.0D+00  9.22139876D-01  3.019915982D-07 -3.868566261D-01
                    0.0D+00  0.0D+00  0.0D+00 -2.784784949D-07  1.0D+00  1.168274508D-07
                    0.0D+00  0.0D+00  0.0D+00  3.868566261D-01  3.238991466D-24  9.22139876D-01

             iElt=  4
          EltName=  S4
          Element=  Segment
          Surface=  ZrnGrData
            KrElt= -2.92D+00
            KcElt= -1.0D+00
           psiElt=  0.0D+00  0.0D+00  1.0D+00
           VptElt=  0.0D+00  0.0D+00  0.0D+00
           RptElt=  6.125003738D-01  1.060880904D+00  2.569563356D-01
         ZernType=  ANSI
        nZernCoef=   4
        ZernModes=  14  15  19 38
         ZernCoef=  6.0D-05  8.0D-05  2.0D-06  1.0D-06
             lMon=  0.92D+00
         nGridMat=  256
         GridFile=  zern41em5z155em3.txt
        GridSrfdx=  1.0D-02
             pMon=  6.125003738D-01  1.060880904D+00  2.569563356D-01
             xMon=  4.610702194D-01  7.98596396D-01   3.868566261D-01
             yMon= -8.660252276D-01  5.000003051D-01  2.2704678D-17 
             zMon= -1.934284311D-01 -3.350275976D-01  9.22139876D-01
            pData=  6.125003738D-01  1.060880904D+00  2.569563356D-01
            xData=  4.610702194D-01  7.98596396D-01   3.868566261D-01
            yData= -8.660252276D-01  5.000003051D-01  2.2704678D-17
            zData= -1.934284311D-01 -3.350275976D-01  9.22139876D-01
           IndRef=  1.0D+00
           Extinc=  1.0D+22
            nCoat=  0
             nObs=  0
           ApType=  None
         PropType=  Geometric
             zElt=  1.46D+00
          nECoord=  6
             TElt=  4.610702194D-01 -8.660252276D-01 -1.934284311D-01  0.0D+00  0.0D+00  0.0D+00
                    7.98596396D-01   5.000003051D-01 -3.350275976D-01  0.0D+00  0.0D+00  0.0D+00
                    3.868566261D-01  2.2704678D-17    9.22139876D-01  0.0D+00  0.0D+00  0.0D+00
                    0.0D+00  0.0D+00  0.0D+00  4.610702194D-01 -8.660252276D-01 -1.934284311D-01
                    0.0D+00  0.0D+00  0.0D+00  7.98596396D-01  5.000003051D-01 -3.350275976D-01
                    0.0D+00  0.0D+00  0.0D+00  3.868566261D-01  2.2704678D-17  9.22139876D-01

             iElt=  5
          EltName=  S5
          Element=  Segment
          Surface=  ZrnGrData
            KrElt= -2.92D+00
            KcElt= -1.0D+00
           psiElt=  0.0D+00  0.0D+00  1.0D+00
           VptElt=  0.0D+00  0.0D+00  0.0D+00
           RptElt= -6.124995728D-01  1.060881366D+00  2.569563356D-01
         ZernType=  ANSI
        nZernCoef=   4
        ZernModes=  14  15  19 38
         ZernCoef=  6.0D-05  8.0D-05  2.0D-06  1.0D-06
             lMon=  0.92D+00
         nGridMat=  256
         GridFile=  zern41em5z155em3.txt
        GridSrfdx=  1.0D-02
             pMon= -6.124995728D-01  1.060881366D+00  2.569563356D-01
             xMon= -4.610696164D-01  7.985967441D-01  3.868566261D-01
             yMon= -8.660256051D-01 -4.999996513D-01 -2.095137844D-19
             zMon=  1.934281781D-01 -3.350277437D-01  9.22139876D-01
            pData= -6.124995728D-01  1.060881366D+00  2.569563356D-01
            xData= -4.610696164D-01  7.985967441D-01  3.868566261D-01
            yData= -8.660256051D-01 -4.999996513D-01 -2.095137844D-19
            zData=  1.934281781D-01 -3.350277437D-01  9.22139876D-01
           IndRef=  1.0D+00
           Extinc=  1.0D+22
            nCoat=  0
             nObs=  0
           ApType=  None
         PropType=  Geometric
             zElt=  1.46D+00
          nECoord=  6
             TElt= -4.610696164D-01 -8.660256051D-01  1.934281781D-01  0.0D+00  0.0D+00  0.0D+00
                    7.985967441D-01 -4.999996513D-01 -3.350277437D-01  0.0D+00  0.0D+00  0.0D+00
                    3.868566261D-01 -2.095137844D-19  9.22139876D-01  0.0D+00  0.0D+00  0.0D+00
                    0.0D+00  0.0D+00  0.0D+00 -4.610696164D-01 -8.660256051D-01  1.934281781D-01
                    0.0D+00  0.0D+00  0.0D+00  7.985967441D-01 -4.999996513D-01 -3.350277437D-01
                    0.0D+00  0.0D+00  0.0D+00  3.868566261D-01 -2.095137844D-19  9.22139876D-01

             iElt=  6
          EltName=  S6
          Element=  Segment
          Surface=  ZrnGrData
            KrElt= -2.92D+00
            KcElt= -1.0D+00
           psiElt=  0.0D+00  0.0D+00  1.0D+00
           VptElt=  0.0D+00  0.0D+00  0.0D+00
           RptElt= -1.225D+00  5.549095617D-07  2.569563356D-01
         ZernType=  ANSI
        nZernCoef=   4
        ZernModes=  14  15  19 38
         ZernCoef=  6.0D-05  8.0D-05  2.0D-06  1.0D-06
             lMon=  0.92D+00
         nGridMat=  256
         GridFile=  zern41em5z155em3.txt
        GridSrfdx=  1.0D-02
             pMon= -1.225D+00  5.549095617D-07  2.569563356D-01
             xMon= -9.22139876D-01   4.177177424D-07  3.868566261D-01
             yMon= -4.529873973D-07 -1.0D+00         -1.071601397D-23
             zMon=  3.868566261D-01 -1.752411762D-07  9.22139876D-01
            pData= -1.225D+00  5.549095617D-07  2.569563356D-01
            xData= -9.22139876D-01   4.177177424D-07  3.868566261D-01
            yData= -4.529873973D-07 -1.0D+00         -1.071601397D-23
            zData=  3.868566261D-01 -1.752411762D-07  9.22139876D-01
           IndRef=  1.0D+00
           Extinc=  1.0D+22
            nCoat=  0
             nObs=  0
           ApType=  None
         PropType=  Geometric
             zElt=  1.46D+00
          nECoord=  6
             TElt= -9.22139876D-01 -4.529873973D-07  3.868566261D-01  0.0D+00  0.0D+00  0.0D+00
                    4.177177424D-07 -1.0D+00 -1.752411762D-07  0.0D+00  0.0D+00  0.0D+00
                    3.868566261D-01 -1.071601397D-23  9.22139876D-01  0.0D+00  0.0D+00  0.0D+00
                    0.0D+00  0.0D+00  0.0D+00 -9.22139876D-01 -4.529873973D-07  3.868566261D-01
                    0.0D+00  0.0D+00  0.0D+00  4.177177424D-07 -1.0D+00 -1.752411762D-07
                    0.0D+00  0.0D+00  0.0D+00  3.868566261D-01 -1.071601397D-23  9.22139876D-01

             iElt=  7
          EltName=  S7
          Element=  Segment
          Surface=  ZrnGrData
            KrElt= -2.92D+00
            KcElt= -1.0D+00
           psiElt=  0.0D+00  0.0D+00  1.0D+00
           VptElt=  0.0D+00  0.0D+00  0.0D+00
           RptElt= -6.12500534D-01 -1.060880811D+00  2.569563356D-01
         ZernType=  ANSI
        nZernCoef=   4
        ZernModes=  14  15  19 38
         ZernCoef=  6.0D-05  8.0D-05  2.0D-06  1.0D-06
             lMon=  0.92D+00
         nGridMat=  256
         GridFile=  zern41em5z155em3.txt
        GridSrfdx=  1.0D-02
             pMon= -6.12500534D-01  -1.060880811D+00  2.569563356D-01
             xMon= -4.610703399D-01 -7.985963264D-01  3.868566261D-01
             yMon=  8.660251521D-01 -5.000004359D-01 -1.153428518D-17
             zMon=  1.934284817D-01  3.350275684D-01  9.22139876D-01
            pData= -6.12500534D-01  -1.060880811D+00  2.569563356D-01
            xData= -4.610703399D-01 -7.985963264D-01  3.868566261D-01
            yData=  8.660251521D-01 -5.000004359D-01 -1.153428518D-17
            zData=  1.934284817D-01  3.350275684D-01  9.22139876D-01
           IndRef=  1.0D+00
           Extinc=  1.0D+22
            nCoat=  0
             nObs=  0
           ApType=  None
         PropType=  Geometric
             zElt=  1.46D+00
          nECoord=  6
             TElt= -4.610703399D-01  8.660251521D-01  1.934284817D-01  0.0D+00  0.0D+00  0.0D+00
                   -7.985963264D-01 -5.000004359D-01  3.350275684D-01  0.0D+00  0.0D+00  0.0D+00
                    3.868566261D-01 -1.153428518D-17  9.22139876D-01  0.0D+00  0.0D+00  0.0D+00
                    0.0D+00  0.0D+00  0.0D+00 -4.610703399D-01  8.660251521D-01  1.934284817D-01
                    0.0D+00  0.0D+00  0.0D+00 -7.985963264D-01 -5.000004359D-01  3.350275684D-01
                    0.0D+00  0.0D+00  0.0D+00  3.868566261D-01 -1.153428518D-17  9.22139876D-01

             iElt=  8
          EltName=  SecMir
          Element=  Reflector
          Surface=  Conic
            KrElt= -2.229620353D-01
            KcElt= -1.17452997D+00
           psiElt=  0.0D+00  0.0D+00  1.0D+00
           VptElt=  0.0D+00  0.0D+00  1.353D+00
           RptElt=  0.0D+00  0.0D+00  1.353D+00
           IndRef=  1.0D+00
           Extinc=  1.0D+22
            nCoat=  0
             nObs=  0
           ApType=  None
         PropType=  Geometric
             zElt=  1.07D-01
          nECoord= -6

             iElt=  9
          EltName=  RefSurf
          Element=  Reference
          Surface=  Conic
            KrElt= -2.60D+00
            KcElt=  0.0D+00
           psiElt=  0.0D+00  0.0D+00 -1.0D+00
           VptElt=  0.0D+00  0.0D+00  1.291D+00
           RptElt=  0.0D+00  0.0D+00  1.291D+00
           IndRef=  1.0D+00
           Extinc=  1.0D+22
            nCoat=  0
             nObs=  0
           ApType=  None
         PropType=  FarField
             zElt=  2.60D+00
          nECoord= -6

             iElt=  10
          EltName=  FclPlane
          Element=  FocalPlane
          Surface=  Flat
            KrElt=  0.0D+00
            KcElt= -1.0D+38
           psiElt=  0.0D+00  0.0D+00 -1.0D+00
           VptElt=  0.0D+00  0.0D+00 -1.309D+00
           RptElt=  0.0D+00  0.0D+00 -1.309D+00
           IndRef=  1.0D+00
           Extinc=  1.0D+22
            nCoat=  0
             nObs=  0
           ApType=  None
         PropType=  Geometric
             zElt=  1.0D+19
          nECoord= -6

% ---------------------------------------------------------------------------------------
% Output Coordinate System Definition
% ---------------------------------------------------------------------------------------

         nOutCord=  5
             Tout=  1.0D+00  0.0D+00  0.0D+00  0.0D+00  0.0D+00  0.0D+00  0.0D+00
                    0.0D+00  1.0D+00  0.0D+00  0.0D+00  0.0D+00  0.0D+00  0.0D+00
                    0.0D+00  0.0D+00  0.0D+00  1.0D+00  0.0D+00  0.0D+00  0.0D+00
                    0.0D+00  0.0D+00  0.0D+00  0.0D+00  1.0D+00  0.0D+00  0.0D+00
                    0.0D+00  0.0D+00  0.0D+00  0.0D+00  0.0D+00  0.0D+00  1.0D+00
