
% ---------------------------------------------------------------------------------------
% Source Definition
% ---------------------------------------------------------------------------------------

        ChfRayDir=  0.000000000000000D+00 -3.490658433100967D-04  9.999999390765167D-01
        ChfRayPos=  0.000000000000000D+00  7.714355605011924D+00 -2.209999999390765D+04
          zSource=  1.000000000000000D+22

        BaseUnits=  mm
        WaveUnits=  mm

           IndRef=  1.000000000000000D+00
           Extinc=  0.000000000000000D+00
          Wavelen=  1.000000000000000D-03
             Flux=  1.000000000000000D+00

         Aperture=  8.000000000000000D+03
         Obscratn=  0.000000000000000D+00

         GridType=  Circular
         nGridpts=  128
            xGrid= -1.000000000000000D+00 -8.256168163029683D-26 -2.881946477916146D-29
            yGrid= -8.256168666024237D-26  9.999999390765167D-01  3.490658433100967D-04

% ---------------------------------------------------------------------------------------
% Element Definitions
% ---------------------------------------------------------------------------------------

             nElt=  7


             iElt=  1
          EltName=  m1
          Element=  Reflector
          Surface=  FreeForm
            KrElt= -5.153424657534246D+04
            KcElt=  0.000000000000000D+00
           psiElt=  0.000000000000000D+00 -1.253332335643043D-01 -9.921147013144779D-01
           VptElt=  0.000000000000000D+00  0.000000000000000D+00  0.000000000000000D+00
           RptElt=  0.000000000000000D+00  2.664576622073748D-15 -1.184961853013586D-16
       FFZernType=  BornWolf
      nFFZernCoef=  16
      FFZernModes=  1  3  4  5  9 10
                   11 12 13 19 20 21
                   22 23 24 25
       FFZernCoef=  1.197033345381584D+00  8.001048840672405D+00 -4.819152400977031D+00  1.803807588237849D+00  4.001252456159111D+00  4.686403726064767D-02
                    4.454202695146058D-04  2.894345076153592D-02  6.090427484587182D-01  4.853572152725304D-04 -2.037059141355803D-04  5.655567335241816D-05
                   -5.985985960057223D-06 -5.597372659639521D-08 -4.856161587539289D-06  2.268505602452859D-03
              lFF=  7.992027277230728D+03
      MonZernType=  BornWolf
     nMonZernCoef=  16
     MonZernModes=  1  3  4  5  9 10
                   11 12 13 19 20 21
                   22 23 24 25
      MonZernCoef=  1.197033345381584D+00  8.001048840672405D+00 -4.819152400977031D+00  1.803807588237849D+00  4.001252456159111D+00  4.686403726064767D-02
                    4.454202695146058D-04  2.894345076153592D-02  6.090427484587182D-01  4.853572152725304D-04 -2.037059141355803D-04  5.655567335241816D-05
                   -5.985985960057223D-06 -5.597372659639521D-08 -4.856161587539289D-06  2.268505602452859D-03
             lMon=  0.000000000000000D+00
         nGridMat=  256
         GridFile=  flat.txt
        GridSrfdx=  3.125000000000000D+01
              pFF=  0.000000000000000D+00  0.000000000000000D+00  0.000000000000000D+00
              xFF=  1.000000000000000D+00  0.000000000000000D+00  0.000000000000000D+00
              yFF=  0.000000000000000D+00  9.921147013144779D-01 -1.253332335643043D-01
              zFF=  0.000000000000000D+00  1.253332335643043D-01  9.921147013144779D-01
             pMon=  0.000000000000000D+00  0.000000000000000D+00  0.000000000000000D+00
             xMon=  1.000000000000000D+00  0.000000000000000D+00  0.000000000000000D+00
             yMon=  0.000000000000000D+00  9.921147013144779D-01 -1.253332335643043D-01
             zMon=  0.000000000000000D+00  1.253332335643043D-01  9.921147013144779D-01
            pData=  0.000000000000000D+00  0.000000000000000D+00  0.000000000000000D+00
            xData=  1.000000000000000D+00  0.000000000000000D+00  0.000000000000000D+00
            yData=  0.000000000000000D+00  9.921147013144779D-01 -1.253332335643043D-01
            zData=  0.000000000000000D+00  1.253332335643043D-01  9.921147013144779D-01
           IndRef=  1.000000000000000D+00
           Extinc=  0.000000000000000D+00
            nCoat=  0
             xObs= -1.000000000000000D+00  0.000000000000000D+00  0.000000000000000D+00
             nObs=  0
           ApType=  Circular
            ApVec=  4.050000000000000D+03  0.000000000000000D+00  0.000000000000000D+00
         PropType=  Geometric
             zElt=  5.153424657530000D+04
          nECoord=  6
             TElt= -1.000000000000000D+00  0.000000000000000D+00  0.000000000000000D+00  0.000000000000000D+00  0.000000000000000D+00  0.000000000000000D+00
                    0.000000000000000D+00  9.921147013140000D-01  1.253332335640000D-01  0.000000000000000D+00  0.000000000000000D+00  0.000000000000000D+00
                    0.000000000000000D+00 -1.253332335640000D-01  9.921147013140000D-01  0.000000000000000D+00  0.000000000000000D+00  0.000000000000000D+00
                    0.000000000000000D+00  0.000000000000000D+00  0.000000000000000D+00 -1.000000000000000D+00  0.000000000000000D+00  0.000000000000000D+00
                    0.000000000000000D+00  0.000000000000000D+00  0.000000000000000D+00  0.000000000000000D+00  9.921147013140000D-01  1.253332335640000D-01
                    0.000000000000000D+00  0.000000000000000D+00  0.000000000000000D+00  0.000000000000000D+00 -1.253332335640000D-01  9.921147013140000D-01

             iElt=  2
          EltName=  m2
          Element=  Reflector
          Surface=  Zernike
            KrElt= -8.870967741935485D+03
            KcElt=  0.000000000000000D+00
           psiElt=  0.000000000000000D+00 -1.034817834603057D-01 -9.946313490393687D-01
           VptElt=  0.000000000000000D+00 -5.471177517626807D+03 -2.130882954482988D+04
           RptElt=  0.000000000000000D+00 -5.478901018988601D+03 -2.130802936919462D+04
         ZernType=  BornWolf
        nZernCoef=  16
        ZernModes=  1  3  4  5  9 10 11 12 13 19 20 21 22 23 24 25
         ZernCoef=  2.281226317817701D-02  2.648855555400775D-01 -2.834786712998551D-01  3.461391042046717D-02  1.322154671603264D-01  2.164785369384526D-03
                    1.678661481097936D-05  9.430964995836040D-04  1.180425978572936D-02 -1.515404064748394D-04 -6.759565779598963D-06  4.111039403578995D-06
                   -2.141021035984196D-07 -1.181856552133203D-07 -2.148065703638688D-06  2.612543439193223D-06
             lMon=  6.813690285782741D+02
             pMon=  0.000000000000000D+00 -5.471177517626807D+03 -2.130882954482988D+04
             xMon=  1.000000000000000D+00  0.000000000000000D+00  0.000000000000000D+00
             yMon=  0.000000000000000D+00  9.946313490393687D-01 -1.034817834603057D-01
             zMon=  0.000000000000000D+00  1.034817834603057D-01  9.946313490393687D-01
           IndRef=  1.000000000000000D+00
           Extinc=  0.000000000000000D+00
            nCoat=  0
             xObs= -1.000000000000000D+00  0.000000000000000D+00  0.000000000000000D+00
             nObs=  0
           ApType=  Circular
            ApVec=  6.150000000000000D+02  0.000000000000000D+00  0.000000000000000D+00
         PropType=  Geometric
             zElt=  8.870967741940000D+03
          nECoord=  6
             TElt= -1.000000000000000D+00  0.000000000000000D+00  0.000000000000000D+00  0.000000000000000D+00  0.000000000000000D+00  0.000000000000000D+00
                    0.000000000000000D+00  9.946313490390000D-01  1.034817834600000D-01  0.000000000000000D+00  0.000000000000000D+00  0.000000000000000D+00
                    0.000000000000000D+00 -1.034817834600000D-01  9.946313490390000D-01  0.000000000000000D+00  0.000000000000000D+00  0.000000000000000D+00
                    0.000000000000000D+00  0.000000000000000D+00  0.000000000000000D+00 -1.000000000000000D+00  0.000000000000000D+00  0.000000000000000D+00
                    0.000000000000000D+00  0.000000000000000D+00  0.000000000000000D+00  0.000000000000000D+00  9.946313490390000D-01  1.034817834600000D-01
                    0.000000000000000D+00  0.000000000000000D+00  0.000000000000000D+00  0.000000000000000D+00 -1.034817834600000D-01  9.946313490390000D-01

             iElt=  3
          EltName=  lens_s1
          Element=  Refractor
          Surface=  FreeForm
            KrElt= -1.178141044931459D+03
            KcElt=  0.000000000000000D+00
           psiElt=  0.000000000000000D+00  4.397848758392087D-02 -9.990324782657624D-01
           VptElt=  0.000000000000000D+00 -6.565848734547728D+03  3.558148807707770D+03
           RptElt=  0.000000000000000D+00 -6.625200796130088D+03  3.554028148023747D+03
       FFZernType=  BornWolf
      nFFZernCoef=   7
      FFZernModes=  1  4  9 10 11 12
                   13
       FFZernCoef= -3.982615101969725D-03 -1.705468054646671D-03  8.837009300771345D-05 -4.122252015103961D-04  4.900524029218080D-03 -2.014553029541305D-04
                    3.982615103995399D-03
              lFF=  8.627680116988223D+01
      MonZernType=  BornWolf
     nMonZernCoef=   1
      MonZernCoef=  0.000000000000000D+00
             lMon=  8.627680116988223D+01
         nGridMat=  256
         GridFile=  flat.txt
        GridSrfdx=  7.150000000000000D-01
              pFF=  0.000000000000000D+00 -6.565848734547728D+03  3.558148807707770D+03
              xFF=  1.000000000000000D+00  0.000000000000000D+00  0.000000000000000D+00
              yFF=  0.000000000000000D+00  9.990324782657622D-01  4.397848758392087D-02
              zFF=  0.000000000000000D+00 -4.397848758392087D-02  9.990324782657622D-01
             pMon=  0.000000000000000D+00 -6.565848734547728D+03  3.558148807707770D+03
             xMon=  1.000000000000000D+00  0.000000000000000D+00  0.000000000000000D+00
             yMon=  0.000000000000000D+00  9.990324782657622D-01  4.397848758392087D-02
             zMon=  0.000000000000000D+00 -4.397848758392087D-02  9.990324782657622D-01
            pData=  0.000000000000000D+00  0.000000000000000D+00  0.000000000000000D+00
            xData=  1.000000000000000D+00  0.000000000000000D+00  0.000000000000000D+00
            yData=  0.000000000000000D+00  9.921147013144779D-01 -1.253332335643043D-01
            zData=  0.000000000000000D+00  1.253332335643043D-01  9.921147013144779D-01
           IndRef=  1.450415712770000D+00
           Extinc=  0.000000000000000D+00
            nCoat=  0
             xObs= -1.000000000000000D+00  0.000000000000000D+00  0.000000000000000D+00
             nObs=  0
           ApType=  Circular
            ApVec=  9.000000000000000D+01  0.000000000000000D+00  0.000000000000000D+00
         PropType=  Geometric
             zElt=  1.178141044930000D+03
          nECoord=  6
             TElt= -1.000000000000000D+00  0.000000000000000D+00  0.000000000000000D+00  0.000000000000000D+00  0.000000000000000D+00  0.000000000000000D+00
                    0.000000000000000D+00  9.990324782659999D-01 -4.397848758390000D-02  0.000000000000000D+00  0.000000000000000D+00  0.000000000000000D+00
                    0.000000000000000D+00  4.397848758390000D-02  9.990324782659999D-01  0.000000000000000D+00  0.000000000000000D+00  0.000000000000000D+00
                    0.000000000000000D+00  0.000000000000000D+00  0.000000000000000D+00 -1.000000000000000D+00  0.000000000000000D+00  0.000000000000000D+00
                    0.000000000000000D+00  0.000000000000000D+00  0.000000000000000D+00  0.000000000000000D+00  9.990324782659999D-01 -4.397848758390000D-02
                    0.000000000000000D+00  0.000000000000000D+00  0.000000000000000D+00  0.000000000000000D+00  4.397848758390000D-02  9.990324782659999D-01

             iElt=  4
          EltName=  lens_s2
          Element=  Refractor
          Surface=  Conic
            KrElt= -1.000000000000000D+18
            KcElt=  0.000000000000000D+00
           psiElt=  0.000000000000000D+00 -4.397848758392087D-02  9.990324782657624D-01
           VptElt=  0.000000000000000D+00 -6.566728304299406D+03  3.578129457273085D+03
           RptElt=  0.000000000000000D+00 -6.626514095845032D+03  3.575497622224290D+03
           IndRef=  1.000000000000000D+00
           Extinc=  0.000000000000000D+00
            nCoat=  0
             xObs=  1.000000000000000D+00  0.000000000000000D+00  0.000000000000000D+00
             nObs=  0
           ApType=  Circular
            ApVec=  9.000000000000000D+01  0.000000000000000D+00  0.000000000000000D+00
         PropType=  Geometric
             zElt=  1.000000000000000D+18
          nECoord=  6
             TElt= -1.000000000000000D+00  0.000000000000000D+00  0.000000000000000D+00  0.000000000000000D+00  0.000000000000000D+00  0.000000000000000D+00
                    0.000000000000000D+00  9.990324782659999D-01 -4.397848758390000D-02  0.000000000000000D+00  0.000000000000000D+00  0.000000000000000D+00
                    0.000000000000000D+00  4.397848758390000D-02  9.990324782659999D-01  0.000000000000000D+00  0.000000000000000D+00  0.000000000000000D+00
                    0.000000000000000D+00  0.000000000000000D+00  0.000000000000000D+00 -1.000000000000000D+00  0.000000000000000D+00  0.000000000000000D+00
                    0.000000000000000D+00  0.000000000000000D+00  0.000000000000000D+00  0.000000000000000D+00  9.990324782659999D-01 -4.397848758390000D-02
                    0.000000000000000D+00  0.000000000000000D+00  0.000000000000000D+00  0.000000000000000D+00  4.397848758390000D-02  9.990324782659999D-01

             iElt=  5
          EltName=  fpa
          Element=  Return
          Surface=  Flat
            KrElt= -1.000000000000000D+20
            KcElt=  0.000000000000000D+00
           psiElt=  0.000000000000000D+00 -4.397848758392087D-02  9.990324782657624D-01
           VptElt=  0.000000000000000D+00 -6.571126153057798D+03  3.678032705099662D+03
           RptElt=  0.000000000000000D+00 -6.633390651983770D+03  3.675291754677620D+03
           IndRef=  1.000000000000000D+00
           Extinc=  0.000000000000000D+00
            nCoat=  0
             nObs=  0
           ApType=  None
         PropType=  Geometric
             zElt=  1.000000000000000D+20
          nECoord=  6
             TElt= -1.000000000000000D+00  0.000000000000000D+00  0.000000000000000D+00  0.000000000000000D+00  0.000000000000000D+00  0.000000000000000D+00
                    0.000000000000000D+00  9.990324782659999D-01 -4.397848758390000D-02  0.000000000000000D+00  0.000000000000000D+00  0.000000000000000D+00
                    0.000000000000000D+00  4.397848758390000D-02  9.990324782659999D-01  0.000000000000000D+00  0.000000000000000D+00  0.000000000000000D+00
                    0.000000000000000D+00  0.000000000000000D+00  0.000000000000000D+00 -1.000000000000000D+00  0.000000000000000D+00  0.000000000000000D+00
                    0.000000000000000D+00  0.000000000000000D+00  0.000000000000000D+00  0.000000000000000D+00  9.990324782659999D-01 -4.397848758390000D-02
                    0.000000000000000D+00  0.000000000000000D+00  0.000000000000000D+00  0.000000000000000D+00  4.397848758390000D-02  9.990324782659999D-01

             iElt=  6
          EltName=  exitpupil
          Element=  Return
          Surface=  Conic
            KrElt= -2.548001852124474D+03
            KcElt=  0.000000000000000D+00
           psiElt= -2.378631529918106D-24 -6.874402194112693D-02  9.976343315300241D-01
           VptElt=  0.000000000000000D+00 -6.458229779520717D+03  1.133317697534683D+03
           RptElt=  0.000000000000000D+00 -6.458229779520717D+03  1.133317697534683D+03
           IndRef=  1.000000000000000D+00
           Extinc=  0.000000000000000D+00
            nCoat=  0
             nObs=  0
           ApType=  None
         PropType=  FarField
             zElt=  2.548001852125085D+03
          nECoord=  6
             TElt= -1.000000000000000D+00  0.000000000000000D+00  0.000000000000000D+00  0.000000000000000D+00  0.000000000000000D+00  0.000000000000000D+00
                    0.000000000000000D+00  9.990324782659999D-01 -4.397848758390000D-02  0.000000000000000D+00  0.000000000000000D+00  0.000000000000000D+00
                    0.000000000000000D+00  4.397848758390000D-02  9.990324782659999D-01  0.000000000000000D+00  0.000000000000000D+00  0.000000000000000D+00
                    0.000000000000000D+00  0.000000000000000D+00  0.000000000000000D+00 -1.000000000000000D+00  0.000000000000000D+00  0.000000000000000D+00
                    0.000000000000000D+00  0.000000000000000D+00  0.000000000000000D+00  0.000000000000000D+00  9.990324782659999D-01 -4.397848758390000D-02
                    0.000000000000000D+00  0.000000000000000D+00  0.000000000000000D+00  0.000000000000000D+00  4.397848758390000D-02  9.990324782659999D-01

             iElt=  7
          EltName=
          Element=  FocalPlane
          Surface=  Flat
            KrElt= -1.000000000000000D+20
            KcElt=  0.000000000000000D+00
           psiElt=  0.000000000000000D+00 -4.397848758392087D-02  9.990324782657624D-01
           VptElt=  0.000000000000000D+00 -6.571126153057798D+03  3.678032705099662D+03
           RptElt=  0.000000000000000D+00 -6.633390651983770D+03  3.675291754677620D+03
           IndRef=  1.000000000000000D+00
           Extinc=  0.000000000000000D+00
            nCoat=  0
             xObs=  1.000000000000000D+00  0.000000000000000D+00  0.000000000000000D+00
             nObs=  0
           ApType=  Rectangular
            ApVec= -6.600000000000000D+01  6.600000000000000D+01 -6.600000000000000D+01  6.600000000000000D+01
         PropType=  Geometric
             zElt=  1.000000000000000D+20
          nECoord=  6
             TElt= -1.000000000000000D+00  0.000000000000000D+00  0.000000000000000D+00  0.000000000000000D+00  0.000000000000000D+00  0.000000000000000D+00
                    0.000000000000000D+00  9.990324782659999D-01 -4.397848758390000D-02  0.000000000000000D+00  0.000000000000000D+00  0.000000000000000D+00
                    0.000000000000000D+00  4.397848758390000D-02  9.990324782659999D-01  0.000000000000000D+00  0.000000000000000D+00  0.000000000000000D+00
                    0.000000000000000D+00  0.000000000000000D+00  0.000000000000000D+00 -1.000000000000000D+00  0.000000000000000D+00  0.000000000000000D+00
                    0.000000000000000D+00  0.000000000000000D+00  0.000000000000000D+00  0.000000000000000D+00  9.990324782659999D-01 -4.397848758390000D-02
                    0.000000000000000D+00  0.000000000000000D+00  0.000000000000000D+00  0.000000000000000D+00  4.397848758390000D-02  9.990324782659999D-01

% ---------------------------------------------------------------------------------------
% Output Coordinate System Definition
% ---------------------------------------------------------------------------------------

         nOutCord=  5
             Tout=  1.000000000000000D+00  0.000000000000000D+00  0.000000000000000D+00  0.000000000000000D+00  0.000000000000000D+00  0.000000000000000D+00  0.000000000000000D+00
                    0.000000000000000D+00  9.990324782659999D-01  4.397848758390000D-02  0.000000000000000D+00  0.000000000000000D+00  0.000000000000000D+00  0.000000000000000D+00
                    0.000000000000000D+00  0.000000000000000D+00  0.000000000000000D+00  1.000000000000000D+00  0.000000000000000D+00  0.000000000000000D+00  0.000000000000000D+00
                    0.000000000000000D+00  0.000000000000000D+00  0.000000000000000D+00  0.000000000000000D+00  9.990324782659999D-01  4.397848758390000D-02  0.000000000000000D+00
                    0.000000000000000D+00  0.000000000000000D+00  0.000000000000000D+00  0.000000000000000D+00  0.000000000000000D+00  0.000000000000000D+00  1.000000000000000D+00
