
% ---------------------------------------------------------------------------------------
% Source Definition
% ---------------------------------------------------------------------------------------

        ChfRayDir=  0.0E+00  0.0E+00  1.0E+00
        ChfRayPos=  -5.4299048898028401E-03  -7.4763582500159658E-06  -1.8666713639115546E+01
          zSource=1.0E+22

        BaseUnits=  m
        WaveUnits=  m

           IndRef=1.0E+00
           Extinc=0.0E+00
          Wavelen=4.9999999999999998E-07
             Flux=1.0E+00

         Aperture=6.0E+00
         Obscratn=0.0E+00

         GridType=  Hex
         nGridpts=  41
            xGrid=  -9.9999995769202787E-01  0.0E+00  2.9088819589770338E-04
            yGrid=  0.0E+00  1.0E+00  0.0E+00

             nSeg=  19
            width=1.2E+00
              gap=2.5000000000000001E-02
         SegXgrid=  -9.9999995769202787E-01  2.4599771832256405E-25  2.9088819589770338E-04
         SegCoord=   0   0   0
                     1   2   1
                    -1   1   2
                    -2  -1   1
                    -1  -2  -1
                     1  -1  -2
                     2   1  -1
                     2   4   2
                     0   3   3
                    -2   2   4
                    -3   0   3
                    -4  -2   2
                    -3  -3   0
                    -2  -4  -2
                     0  -3  -3
                     2  -2  -4
                     3   0  -3
                     4   2  -2
                     3   3   0
% MACOS prescription emitted by macos.design.Telescope (family=tma)

% ---------------------------------------------------------------------------------------
% Element Definitions
% ---------------------------------------------------------------------------------------

             nElt=  28


             iElt=  1
          EltName=  Seg1
          Element=  Segment
          Surface=  FreeForm
            KrElt=-3.8399999999999999E+01
            KcElt=0.0E+00
           psiElt=  0.0E+00  -9.7582899759149466E-02  -9.9522739998183118E-01
           VptElt=  0.0E+00  0.0E+00  0.0E+00
           RptElt=  0.0E+00  -7.414122505489118E-06  -7.5615070699086573E-05
       FFZernType=  BornWolf
      nFFZernCoef=  15
      FFZernModes=  3  4  5  9 10 11
                   12 13 19 20 21 22
                   23 24 25
       FFZernCoef=  2.1945306445570051E-03  1.8449914637493791E-04  -1.306221092687606E-04  -3.3019132328536497E-04  5.9327622044966422E-05  2.0833740395170291E-06
                    1.751961163569184E-07  -5.4714378163543413E-05  1.1953644617086941E-07  8.7078460399940749E-09  -5.6410601281418402E-08  1.4071082841020341E-09
                    -2.2338130854820161E-09  -4.5284671477416821E-09  -6.9950683167085961E-08
              lFF=3.4688106886984338E+00
      MonZernType=  ANSI
     nMonZernCoef=   1
      MonZernCoef=0.0E+00
             lMon=6.9282032885573641E-01
              pFF=  0.0E+00  0.0E+00  0.0E+00
              xFF=  -1.0E+00  0.0E+00  0.0E+00
              yFF=  0.0E+00  9.9522739998183118E-01  -9.7582899759149466E-02
              zFF=  0.0E+00  -9.7582899759149466E-02  -9.9522739998183118E-01
             pMon=  0.0E+00  -7.414122505489118E-06  -7.5615070699086573E-05
             xMon=  -8.6602547713005307E-01  4.9757324344459358E-01  -4.920102000661411E-02
             yMon=  4.9999987296164788E-01  8.6182243009150705E-01  -8.521869530511178E-02
             zMon=  0.0E+00  -9.8402065014900592E-02  -9.95146739732791E-01
           IndRef=1.0E+00
           Extinc=1.0E+22
            nCoat=  0
             xObs=  -9.9995422899846431E-01  9.5219864746002372E-03  -9.3363893686594158E-04
             nObs=  0
           ApType=  Polygonal
            ApVec= -3.731960597625393D-07 -3.900425033990990D-05   6
                    6.0328686712434332E-01  3.406535992034514E-01
                    6.6286594505284534E-03  6.9278837725066822E-01
                    -5.9665820767381383E-01  3.5213477804733062E-01
                    -6.032868671243431E-01  -3.4065359920341887E-01
                    -6.6286594505291507E-03  -6.9278837725073339E-01
                    5.9665820767381406E-01  -3.5213477804729809E-01
           ApStop=  0.0E+00  0.0E+00
         PropType=  Geometric
             zElt=0.0E+00
          nECoord=  6
             TElt=  -8.6602547713005307E-01  4.9999987296164788E-01  0.0E+00  0.0E+00  0.0E+00  0.0E+00
                    4.9757324344459358E-01  8.6182243009150705E-01  -9.8402065014900592E-02  0.0E+00  0.0E+00  0.0E+00
                    -4.920102000661411E-02  -8.521869530511178E-02  -9.95146739732791E-01  0.0E+00  0.0E+00  0.0E+00
                    0.0E+00  0.0E+00  0.0E+00  -8.6602547713005307E-01  4.9999987296164788E-01  0.0E+00
                    0.0E+00  0.0E+00  0.0E+00  4.9757324344459358E-01  8.6182243009150705E-01  -9.8402065014900592E-02
                    0.0E+00  0.0E+00  0.0E+00  -4.920102000661411E-02  -8.521869530511178E-02  -9.95146739732791E-01

             iElt=  2
          EltName=  Seg2
          Element=  Segment
          Surface=  FreeForm
            KrElt=-3.8399999999999999E+01
            KcElt=0.0E+00
           psiElt=  0.0E+00  -9.7582899759149466E-02  -9.9522739998183118E-01
           VptElt=  0.0E+00  0.0E+00  0.0E+00
           RptElt=  -5.9999999999999998E-01  1.03235387642134E+00  -1.20960014723515E-01
       FFZernType=  BornWolf
      nFFZernCoef=  15
      FFZernModes=  3  4  5  9 10 11
                   12 13 19 20 21 22
                   23 24 25
       FFZernCoef=  2.1945306445570051E-03  1.8449914637493791E-04  -1.306221092687606E-04  -3.3019132328536497E-04  5.9327622044966422E-05  2.0833740395170291E-06
                    1.751961163569184E-07  -5.4714378163543413E-05  1.1953644617086941E-07  8.7078460399940749E-09  -5.6410601281418402E-08  1.4071082841020341E-09
                    -2.2338130854820161E-09  -4.5284671477416821E-09  -6.9950683167085961E-08
              lFF=3.4688106886984338E+00
      MonZernType=  ANSI
     nMonZernCoef=   1
      MonZernCoef=0.0E+00
             lMon=6.9282032885573641E-01
              pFF=  0.0E+00  0.0E+00  0.0E+00
              xFF=  -1.0E+00  0.0E+00  0.0E+00
              yFF=  0.0E+00  9.9522739998183118E-01  -9.7582899759149466E-02
              zFF=  0.0E+00  -9.7582899759149466E-02  -9.9522739998183118E-01
             pMon=  -5.9999999999999998E-01  1.03235387642134E+00  -1.20960014723515E-01
             xMon=  -8.6592265070848462E-01  4.9436907650777889E-01  -7.6007757385925565E-02
             yMon=  4.9993405387401779E-01  8.6019369907742993E-01  -1.0066152117159061E-01
             zMon=  1.561745072291164E-02  -1.2516395751307061E-01  -9.9201314455635292E-01
           IndRef=1.0E+00
           Extinc=1.0E+22
            nCoat=  0
             xObs=  -9.9995422899846431E-01  9.521986474600258E-03  -9.3363893686594353E-04
             nObs=  0
           ApType=  Polygonal
            ApVec=  6.099153041889565D-01  1.033418733990326D+00   6
                    6.0328686712440827E-01  3.4065359921021598E-01
                    6.6286594502085183E-03  6.9278837721723519E-01
                    -5.9665820767374877E-01  3.521347780540951E-01
                    -6.0328686712427837E-01  -3.4065359919665439E-01
                    -6.6286594504678664E-03  -6.9278837724435904E-01
                    5.9665820767387889E-01  -3.5213477804053361E-01
         PropType=  Geometric
             zElt=0.0E+00
          nECoord=  6
             TElt=  -8.6592265070848462E-01  4.9993405387401779E-01  1.561745072291164E-02  0.0E+00  0.0E+00  0.0E+00
                    4.9436907650777889E-01  8.6019369907742993E-01  -1.2516395751307061E-01  0.0E+00  0.0E+00  0.0E+00
                    -7.6007757385925565E-02  -1.0066152117159061E-01  -9.9201314455635292E-01  0.0E+00  0.0E+00  0.0E+00
                    0.0E+00  0.0E+00  0.0E+00  -8.6592265070848462E-01  4.9993405387401779E-01  1.561745072291164E-02
                    0.0E+00  0.0E+00  0.0E+00  4.9436907650777889E-01  8.6019369907742993E-01  -1.2516395751307061E-01
                    0.0E+00  0.0E+00  0.0E+00  -7.6007757385925565E-02  -1.0066152117159061E-01  -9.9201314455635292E-01

             iElt=  3
          EltName=  Seg3
          Element=  Segment
          Surface=  FreeForm
            KrElt=-3.8399999999999999E+01
            KcElt=0.0E+00
           psiElt=  0.0E+00  -9.7582899759149466E-02  -9.9522739998183118E-01
           VptElt=  0.0E+00  0.0E+00  0.0E+00
           RptElt=  5.9999999999999998E-01  1.03235387642134E+00  -1.20960014723515E-01
       FFZernType=  BornWolf
      nFFZernCoef=  15
      FFZernModes=  3  4  5  9 10 11
                   12 13 19 20 21 22
                   23 24 25
       FFZernCoef=  2.1945306445570051E-03  1.8449914637493791E-04  -1.306221092687606E-04  -3.3019132328536497E-04  5.9327622044966422E-05  2.0833740395170291E-06
                    1.751961163569184E-07  -5.4714378163543413E-05  1.1953644617086941E-07  8.7078460399940749E-09  -5.6410601281418402E-08  1.4071082841020341E-09
                    -2.2338130854820161E-09  -4.5284671477416821E-09  -6.9950683167085961E-08
              lFF=3.4688106886984338E+00
      MonZernType=  ANSI
     nMonZernCoef=   1
      MonZernCoef=0.0E+00
             lMon=6.9282032885573641E-01
              pFF=  0.0E+00  0.0E+00  0.0E+00
              xFF=  -1.0E+00  0.0E+00  0.0E+00
              yFF=  0.0E+00  9.9522739998183118E-01  -9.7582899759149466E-02
              zFF=  0.0E+00  -9.7582899759149466E-02  -9.9522739998183118E-01
             pMon=  5.9999999999999998E-01  1.03235387642134E+00  -1.20960014723515E-01
             xMon=  -4.337557449476863E-04  9.9213489979129343E-01  -1.2517249087588639E-01
             yMon=  9.9987794609585778E-01  -1.5245838076033251E-03  -1.554890849360308E-02
             zMon=  -1.561745072291164E-02  -1.2516395751307061E-01  -9.9201314455635292E-01
           IndRef=1.0E+00
           Extinc=1.0E+22
            nCoat=  0
             xObs=  -9.9995422899846431E-01  9.521986474600258E-03  -9.3363893686594353E-04
             nObs=  0
           ApType=  Polygonal
            ApVec= -5.900297706092006D-01  1.044899912834205D+00   6
                    6.0328686712440815E-01  3.4065359921021598E-01
                    6.6286594502084073E-03  6.9278837721723519E-01
                    -5.96658207673749E-01  3.521347780540951E-01
                    -6.0328686712427837E-01  -3.4065359919665428E-01
                    -6.6286594504679774E-03  -6.9278837724435893E-01
                    5.96658207673879E-01  -3.521347780405335E-01
         PropType=  Geometric
             zElt=0.0E+00
          nECoord=  6
             TElt=  -4.337557449476863E-04  9.9987794609585778E-01  -1.561745072291164E-02  0.0E+00  0.0E+00  0.0E+00
                    9.9213489979129343E-01  -1.5245838076033251E-03  -1.2516395751307061E-01  0.0E+00  0.0E+00  0.0E+00
                    -1.2517249087588639E-01  -1.554890849360308E-02  -9.9201314455635292E-01  0.0E+00  0.0E+00  0.0E+00
                    0.0E+00  0.0E+00  0.0E+00  -4.337557449476863E-04  9.9987794609585778E-01  -1.561745072291164E-02
                    0.0E+00  0.0E+00  0.0E+00  9.9213489979129343E-01  -1.5245838076033251E-03  -1.2516395751307061E-01
                    0.0E+00  0.0E+00  0.0E+00  -1.2517249087588639E-01  -1.554890849360308E-02  -9.9201314455635292E-01

             iElt=  4
          EltName=  Seg4
          Element=  Segment
          Surface=  FreeForm
            KrElt=-3.8399999999999999E+01
            KcElt=0.0E+00
           psiElt=  0.0E+00  -9.7582899759149466E-02  -9.9522739998183118E-01
           VptElt=  0.0E+00  0.0E+00  0.0E+00
           RptElt=  1.2E+00  -1.8400096075035231E-03  -1.8765869656849791E-02
       FFZernType=  BornWolf
      nFFZernCoef=  15
      FFZernModes=  3  4  5  9 10 11
                   12 13 19 20 21 22
                   23 24 25
       FFZernCoef=  2.1945306445570051E-03  1.8449914637493791E-04  -1.306221092687606E-04  -3.3019132328536497E-04  5.9327622044966422E-05  2.0833740395170291E-06
                    1.751961163569184E-07  -5.4714378163543413E-05  1.1953644617086941E-07  8.7078460399940749E-09  -5.6410601281418402E-08  1.4071082841020341E-09
                    -2.2338130854820161E-09  -4.5284671477416821E-09  -6.9950683167085961E-08
              lFF=3.4688106886984338E+00
      MonZernType=  ANSI
     nMonZernCoef=   1
      MonZernCoef=0.0E+00
             lMon=6.9282032885573641E-01
              pFF=  0.0E+00  0.0E+00  0.0E+00
              xFF=  -1.0E+00  0.0E+00  0.0E+00
              yFF=  0.0E+00  9.9522739998183118E-01  -9.7582899759149466E-02
              zFF=  0.0E+00  -9.7582899759149466E-02  -9.9522739998183118E-01
             pMon=  1.2E+00  -1.8400096075035231E-03  -1.8765869656849791E-02
             xMon=  8.6549248118187183E-01  4.9509779331538839E-01  -7.6163902682834739E-02
             yMon=  4.9994404904120848E-01  -8.6325557016522914E-01  6.9611553688930433E-02
             zMon=  -3.1284386615834367E-02  -9.8325966219194469E-02  -9.946624007778383E-01
           IndRef=1.0E+00
           Extinc=1.0E+22
            nCoat=  0
             xObs=  -9.9995422899846431E-01  9.521986474600258E-03  -9.3363893686594353E-04
             nObs=  0
           ApType=  Polygonal
            ApVec= -1.199945300095417D+00  1.145763210352235D-02   6
                    6.0328686712434354E-01  3.4065359920346772E-01
                    6.6286594505275964E-03  6.9278837725058695E-01
                    -5.9665820767381383E-01  3.5213477804734694E-01
                    -6.0328686712434276E-01  -3.406535992034026E-01
                    -6.6286594505287066E-03  -6.9278837725071696E-01
                    5.9665820767381439E-01  -3.5213477804728183E-01
         PropType=  Geometric
             zElt=0.0E+00
          nECoord=  6
             TElt=  8.6549248118187183E-01  4.9994404904120848E-01  -3.1284386615834367E-02  0.0E+00  0.0E+00  0.0E+00
                    4.9509779331538839E-01  -8.6325557016522914E-01  -9.8325966219194469E-02  0.0E+00  0.0E+00  0.0E+00
                    -7.6163902682834739E-02  6.9611553688930433E-02  -9.946624007778383E-01  0.0E+00  0.0E+00  0.0E+00
                    0.0E+00  0.0E+00  0.0E+00  8.6549248118187183E-01  4.9994404904120848E-01  -3.1284386615834367E-02
                    0.0E+00  0.0E+00  0.0E+00  4.9509779331538839E-01  -8.6325557016522914E-01  -9.8325966219194469E-02
                    0.0E+00  0.0E+00  0.0E+00  -7.6163902682834739E-02  6.9611553688930433E-02  -9.946624007778383E-01

             iElt=  5
          EltName=  Seg5
          Element=  Segment
          Surface=  FreeForm
            KrElt=-3.8399999999999999E+01
            KcElt=0.0E+00
           psiElt=  0.0E+00  -9.7582899759149466E-02  -9.9522739998183118E-01
           VptElt=  0.0E+00  0.0E+00  0.0E+00
           RptElt=  5.9999999999999998E-01  -1.036027439148669E+00  8.3494123765017747E-02
       FFZernType=  BornWolf
      nFFZernCoef=  15
      FFZernModes=  3  4  5  9 10 11
                   12 13 19 20 21 22
                   23 24 25
       FFZernCoef=  2.1945306445570051E-03  1.8449914637493791E-04  -1.306221092687606E-04  -3.3019132328536497E-04  5.9327622044966422E-05  2.0833740395170291E-06
                    1.751961163569184E-07  -5.4714378163543413E-05  1.1953644617086941E-07  8.7078460399940749E-09  -5.6410601281418402E-08  1.4071082841020341E-09
                    -2.2338130854820161E-09  -4.5284671477416821E-09  -6.9950683167085961E-08
              lFF=3.4688106886984338E+00
      MonZernType=  ANSI
     nMonZernCoef=   1
      MonZernCoef=0.0E+00
             lMon=6.9282032885573641E-01
              pFF=  0.0E+00  0.0E+00  0.0E+00
              xFF=  -1.0E+00  0.0E+00  0.0E+00
              yFF=  0.0E+00  9.9522739998183118E-01  -9.7582899759149466E-02
              zFF=  0.0E+00  -9.7582899759149466E-02  -9.9522739998183118E-01
             pMon=  5.9999999999999998E-01  -1.036027439148669E+00  8.3494123765017747E-02
             xMon=  8.6591592704343789E-01  -4.9969866675278668E-01  2.215512893193939E-02
             yMon=  -4.999441597826777E-01  -8.6325431575675071E-01  6.9626312745517116E-02
             zMon=  -1.566666498320354E-02  -7.1366860466406126E-02  -9.9732709119700169E-01
           IndRef=1.0E+00
           Extinc=1.0E+22
            nCoat=  0
             xObs=  -9.9995422899846431E-01  9.521986474600258E-03  -9.3363893686594353E-04
             nObs=  0
           ApType=  Polygonal
            ApVec= -6.099157553047592D-01 -1.033465881952478D+00   6
                    6.0328686712447088E-01  3.4065359921676963E-01
                    6.6286594506567154E-03  6.9278837726408393E-01
                    -5.966582076736866E-01  3.5213477806064886E-01
                    -6.0328686712459656E-01  -3.4065359922990801E-01
                    -6.6286594504053609E-03  -6.927883772378054E-01
                    5.966582076735607E-01  -3.5213477807378712E-01
         PropType=  Geometric
             zElt=0.0E+00
          nECoord=  6
             TElt=  8.6591592704343789E-01  -4.999441597826777E-01  -1.566666498320354E-02  0.0E+00  0.0E+00  0.0E+00
                    -4.9969866675278668E-01  -8.6325431575675071E-01  -7.1366860466406126E-02  0.0E+00  0.0E+00  0.0E+00
                    2.215512893193939E-02  6.9626312745517116E-02  -9.9732709119700169E-01  0.0E+00  0.0E+00  0.0E+00
                    0.0E+00  0.0E+00  0.0E+00  8.6591592704343789E-01  -4.999441597826777E-01  -1.566666498320354E-02
                    0.0E+00  0.0E+00  0.0E+00  -4.9969866675278668E-01  -8.6325431575675071E-01  -7.1366860466406126E-02
                    0.0E+00  0.0E+00  0.0E+00  2.215512893193939E-02  6.9626312745517116E-02  -9.9732709119700169E-01

             iElt=  6
          EltName=  Seg6
          Element=  Segment
          Surface=  FreeForm
            KrElt=-3.8399999999999999E+01
            KcElt=0.0E+00
           psiElt=  0.0E+00  -9.7582899759149466E-02  -9.9522739998183118E-01
           VptElt=  0.0E+00  0.0E+00  0.0E+00
           RptElt=  -5.9999999999999998E-01  -1.036027439148669E+00  8.3494123765017747E-02
       FFZernType=  BornWolf
      nFFZernCoef=  15
      FFZernModes=  3  4  5  9 10 11
                   12 13 19 20 21 22
                   23 24 25
       FFZernCoef=  2.1945306445570051E-03  1.8449914637493791E-04  -1.306221092687606E-04  -3.3019132328536497E-04  5.9327622044966422E-05  2.0833740395170291E-06
                    1.751961163569184E-07  -5.4714378163543413E-05  1.1953644617086941E-07  8.7078460399940749E-09  -5.6410601281418402E-08  1.4071082841020341E-09
                    -2.2338130854820161E-09  -4.5284671477416821E-09  -6.9950683167085961E-08
              lFF=3.4688106886984338E+00
      MonZernType=  ANSI
     nMonZernCoef=   1
      MonZernCoef=0.0E+00
             lMon=6.9282032885573641E-01
              pFF=  0.0E+00  0.0E+00  0.0E+00
              xFF=  -1.0E+00  0.0E+00  0.0E+00
              yFF=  0.0E+00  9.9522739998183118E-01  -9.7582899759149466E-02
              zFF=  0.0E+00  -9.7582899759149466E-02  -9.9522739998183118E-01
             pMon=  -5.9999999999999998E-01  -1.036027439148669E+00  8.3494123765017747E-02
             xMon=  4.1211022303220732E-04  -9.9744896229570279E-01  7.1382055030586769E-02
             yMon=  -9.9987718534501435E-01  -1.529327431966061E-03  -1.5597287717346879E-02
             zMon=  1.566666498320354E-02  -7.1366860466406126E-02  -9.9732709119700169E-01
           IndRef=1.0E+00
           Extinc=1.0E+22
            nCoat=  0
             xObs=  -9.9995422899846431E-01  9.521986474600258E-03  -9.3363893686594353E-04
             nObs=  0
           ApType=  Polygonal
            ApVec=  5.900293194933979D-01 -1.044947060796357D+00   6
                    6.0328686712447066E-01  3.4065359921676952E-01
                    6.6286594506567154E-03  6.9278837726408382E-01
                    -5.9665820767368616E-01  3.5213477806064875E-01
                    -6.0328686712459656E-01  -3.4065359922990801E-01
                    -6.6286594504053609E-03  -6.927883772378054E-01
                    5.966582076735607E-01  -3.5213477807378712E-01
         PropType=  Geometric
             zElt=0.0E+00
          nECoord=  6
             TElt=  4.1211022303220732E-04  -9.9987718534501435E-01  1.566666498320354E-02  0.0E+00  0.0E+00  0.0E+00
                    -9.9744896229570279E-01  -1.529327431966061E-03  -7.1366860466406126E-02  0.0E+00  0.0E+00  0.0E+00
                    7.1382055030586769E-02  -1.5597287717346879E-02  -9.9732709119700169E-01  0.0E+00  0.0E+00  0.0E+00
                    0.0E+00  0.0E+00  0.0E+00  4.1211022303220732E-04  -9.9987718534501435E-01  1.566666498320354E-02
                    0.0E+00  0.0E+00  0.0E+00  -9.9744896229570279E-01  -1.529327431966061E-03  -7.1366860466406126E-02
                    0.0E+00  0.0E+00  0.0E+00  7.1382055030586769E-02  -1.5597287717346879E-02  -9.9732709119700169E-01

             iElt=  7
          EltName=  Seg7
          Element=  Segment
          Surface=  FreeForm
            KrElt=-3.8399999999999999E+01
            KcElt=0.0E+00
           psiElt=  0.0E+00  -9.7582899759149466E-02  -9.9522739998183118E-01
           VptElt=  0.0E+00  0.0E+00  0.0E+00
           RptElt=  -1.2E+00  -1.8400096075037451E-03  -1.8765869656849791E-02
       FFZernType=  BornWolf
      nFFZernCoef=  15
      FFZernModes=  3  4  5  9 10 11
                   12 13 19 20 21 22
                   23 24 25
       FFZernCoef=  2.1945306445570051E-03  1.8449914637493791E-04  -1.306221092687606E-04  -3.3019132328536497E-04  5.9327622044966422E-05  2.0833740395170291E-06
                    1.751961163569184E-07  -5.4714378163543413E-05  1.1953644617086941E-07  8.7078460399940749E-09  -5.6410601281418402E-08  1.4071082841020341E-09
                    -2.2338130854820161E-09  -4.5284671477416821E-09  -6.9950683167085961E-08
              lFF=3.4688106886984338E+00
      MonZernType=  ANSI
     nMonZernCoef=   1
      MonZernCoef=0.0E+00
             lMon=6.9282032885573641E-01
              pFF=  0.0E+00  0.0E+00  0.0E+00
              xFF=  -1.0E+00  0.0E+00  0.0E+00
              yFF=  0.0E+00  9.9522739998183118E-01  -9.7582899759149466E-02
              zFF=  0.0E+00  -9.7582899759149466E-02  -9.9522739998183118E-01
             pMon=  -1.2E+00  -1.8400096075037451E-03  -1.8765869656849791E-02
             xMon=  -8.6549870309738342E-01  -5.0041693111176078E-01  2.2246123110215361E-02
             yMon=  -4.9993327763894502E-01  8.601830615768653E-01  -1.007562329855196E-01
             zMon=  3.1284386615834367E-02  -9.8325966219194455E-02  -9.946624007778383E-01
           IndRef=1.0E+00
           Extinc=1.0E+22
            nCoat=  0
             xObs=  -9.9995422899846431E-01  9.521986474600258E-03  -9.3363893686594353E-04
             nObs=  0
           ApType=  Polygonal
            ApVec=  1.199944849500897D+00 -1.150472558423609D-02   6
                    6.0328686712434365E-01  3.4065359920346772E-01
                    6.6286594505275964E-03  6.9278837725058695E-01
                    -5.9665820767381361E-01  3.5213477804734694E-01
                    -6.0328686712434276E-01  -3.406535992034026E-01
                    -6.6286594505289287E-03  -6.9278837725071696E-01
                    5.966582076738145E-01  -3.5213477804728183E-01
         PropType=  Geometric
             zElt=0.0E+00
          nECoord=  6
             TElt=  -8.6549870309738342E-01  -4.9993327763894502E-01  3.1284386615834367E-02  0.0E+00  0.0E+00  0.0E+00
                    -5.0041693111176078E-01  8.601830615768653E-01  -9.8325966219194455E-02  0.0E+00  0.0E+00  0.0E+00
                    2.2246123110215361E-02  -1.007562329855196E-01  -9.946624007778383E-01  0.0E+00  0.0E+00  0.0E+00
                    0.0E+00  0.0E+00  0.0E+00  -8.6549870309738342E-01  -4.9993327763894502E-01  3.1284386615834367E-02
                    0.0E+00  0.0E+00  0.0E+00  -5.0041693111176078E-01  8.601830615768653E-01  -9.8325966219194455E-02
                    0.0E+00  0.0E+00  0.0E+00  2.2246123110215361E-02  -1.007562329855196E-01  -9.946624007778383E-01

             iElt=  8
          EltName=  Seg8
          Element=  Segment
          Surface=  FreeForm
            KrElt=-3.8399999999999999E+01
            KcElt=0.0E+00
           psiElt=  0.0E+00  -9.7582899759149466E-02  -9.9522739998183118E-01
           VptElt=  0.0E+00  0.0E+00  0.0E+00
           RptElt=  -1.2E+00  2.0610773759633521E+00  -2.7894547705603051E-01
       FFZernType=  BornWolf
      nFFZernCoef=  15
      FFZernModes=  3  4  5  9 10 11
                   12 13 19 20 21 22
                   23 24 25
       FFZernCoef=  2.1945306445570051E-03  1.8449914637493791E-04  -1.306221092687606E-04  -3.3019132328536497E-04  5.9327622044966422E-05  2.0833740395170291E-06
                    1.751961163569184E-07  -5.4714378163543413E-05  1.1953644617086941E-07  8.7078460399940749E-09  -5.6410601281418402E-08  1.4071082841020341E-09
                    -2.2338130854820161E-09  -4.5284671477416821E-09  -6.9950683167085961E-08
              lFF=3.4688106886984338E+00
      MonZernType=  ANSI
     nMonZernCoef=   1
      MonZernCoef=0.0E+00
             lMon=6.9282032885573641E-01
              pFF=  0.0E+00  0.0E+00  0.0E+00
              xFF=  -1.0E+00  0.0E+00  0.0E+00
              yFF=  0.0E+00  9.9522739998183118E-01  -9.7582899759149466E-02
              zFF=  0.0E+00  -9.7582899759149466E-02  -9.9522739998183118E-01
             pMon=  -1.2E+00  2.0610773759633521E+00  -2.7894547705603051E-01
             xMon=  -8.6560985475061014E-01  4.9011996501121402E-01  -1.024792625658193E-01
             yMon=  4.9974986078687328E-01  8.5837470962523665E-01  -1.159436695955902E-01
             zMon=  3.1139299962081039E-02  -1.5157598019870119E-01  -9.8795499200351955E-01
           IndRef=1.0E+00
           Extinc=1.0E+22
            nCoat=  0
             xObs=  -9.9995422899846431E-01  9.521986474600258E-03  -9.3363893686594353E-04
             nObs=  0
           ApType=  Polygonal
            ApVec=  1.219831275160725D+00  2.066907156186202D+00   6
                    6.03286867124599E-01  3.4065359923013583E-01
                    6.6286594503990326E-03  6.9278837723715458E-01
                    -5.9665820767355848E-01  3.5213477807401494E-01
                    -6.0328686712427804E-01  -3.4065359919663862E-01
                    -6.6286594510398533E-03  -6.9278837730415144E-01
                    5.9665820767387912E-01  -3.5213477804051796E-01
         PropType=  Geometric
             zElt=0.0E+00
          nECoord=  6
             TElt=  -8.6560985475061014E-01  4.9974986078687328E-01  3.1139299962081039E-02  0.0E+00  0.0E+00  0.0E+00
                    4.9011996501121402E-01  8.5837470962523665E-01  -1.5157598019870119E-01  0.0E+00  0.0E+00  0.0E+00
                    -1.024792625658193E-01  -1.159436695955902E-01  -9.8795499200351955E-01  0.0E+00  0.0E+00  0.0E+00
                    0.0E+00  0.0E+00  0.0E+00  -8.6560985475061014E-01  4.9974986078687328E-01  3.1139299962081039E-02
                    0.0E+00  0.0E+00  0.0E+00  4.9011996501121402E-01  8.5837470962523665E-01  -1.5157598019870119E-01
                    0.0E+00  0.0E+00  0.0E+00  -1.024792625658193E-01  -1.159436695955902E-01  -9.8795499200351955E-01

             iElt=  9
          EltName=  Seg9
          Element=  Segment
          Surface=  FreeForm
            KrElt=-3.8399999999999999E+01
            KcElt=0.0E+00
           psiElt=  0.0E+00  -9.7582899759149466E-02  -9.9522739998183118E-01
           VptElt=  0.0E+00  0.0E+00  0.0E+00
           RptElt=  0.0E+00  2.0629041751165671E+00  -2.6031433803443699E-01
       FFZernType=  BornWolf
      nFFZernCoef=  15
      FFZernModes=  3  4  5  9 10 11
                   12 13 19 20 21 22
                   23 24 25
       FFZernCoef=  2.1945306445570051E-03  1.8449914637493791E-04  -1.306221092687606E-04  -3.3019132328536497E-04  5.9327622044966422E-05  2.0833740395170291E-06
                    1.751961163569184E-07  -5.4714378163543413E-05  1.1953644617086941E-07  8.7078460399940749E-09  -5.6410601281418402E-08  1.4071082841020341E-09
                    -2.2338130854820161E-09  -4.5284671477416821E-09  -6.9950683167085961E-08
              lFF=3.4688106886984338E+00
      MonZernType=  ANSI
     nMonZernCoef=   1
      MonZernCoef=0.0E+00
             lMon=6.9282032885573641E-01
              pFF=  0.0E+00  0.0E+00  0.0E+00
              xFF=  -1.0E+00  0.0E+00  0.0E+00
              yFF=  0.0E+00  9.9522739998183118E-01  -9.7582899759149466E-02
              zFF=  0.0E+00  -9.7582899759149466E-02  -9.9522739998183118E-01
             pMon=  0.0E+00  2.0629041751165671E+00  -2.6031433803443699E-01
             xMon=  0.0E+00  9.8842993802607981E-01  -1.5167813821958731E-01
             yMon=  1.0E+00  0.0E+00  0.0E+00
             zMon=  0.0E+00  -1.5167813821958731E-01  -9.884299380260797E-01
           IndRef=1.0E+00
           Extinc=1.0E+22
            nCoat=  0
             xObs=  -9.9995422899846431E-01  9.521986474600258E-03  -9.3363893686594353E-04
             nObs=  0
           ApType=  Polygonal
            ApVec=  1.988605293118686D-02  2.078372926371955D+00   6
                    6.0328686712443991E-01  3.406535992135491E-01
                    6.628659450240753E-03  6.9278837722056874E-01
                    -5.9665820767371724E-01  3.5213477805742821E-01
                    -6.0328686712443691E-01  -3.4065359921322469E-01
                    -6.6286594502466874E-03  -6.9278837722121978E-01
                    5.9665820767372024E-01  -3.521347780571038E-01
         PropType=  Geometric
             zElt=0.0E+00
          nECoord=  6
             TElt=  0.0E+00  1.0E+00  0.0E+00  0.0E+00  0.0E+00  0.0E+00
                    9.8842993802607981E-01  0.0E+00  -1.5167813821958731E-01  0.0E+00  0.0E+00  0.0E+00
                    -1.5167813821958731E-01  0.0E+00  -9.884299380260797E-01  0.0E+00  0.0E+00  0.0E+00
                    0.0E+00  0.0E+00  0.0E+00  0.0E+00  1.0E+00  0.0E+00
                    0.0E+00  0.0E+00  0.0E+00  9.8842993802607981E-01  0.0E+00  -1.5167813821958731E-01
                    0.0E+00  0.0E+00  0.0E+00  -1.5167813821958731E-01  0.0E+00  -9.884299380260797E-01

             iElt=  10
          EltName=  Seg10
          Element=  Segment
          Surface=  FreeForm
            KrElt=-3.8399999999999999E+01
            KcElt=0.0E+00
           psiElt=  0.0E+00  -9.7582899759149466E-02  -9.9522739998183118E-01
           VptElt=  0.0E+00  0.0E+00  0.0E+00
           RptElt=  1.2E+00  2.0610773759633521E+00  -2.7894547705603051E-01
       FFZernType=  BornWolf
      nFFZernCoef=  15
      FFZernModes=  3  4  5  9 10 11
                   12 13 19 20 21 22
                   23 24 25
       FFZernCoef=  2.1945306445570051E-03  1.8449914637493791E-04  -1.306221092687606E-04  -3.3019132328536497E-04  5.9327622044966422E-05  2.0833740395170291E-06
                    1.751961163569184E-07  -5.4714378163543413E-05  1.1953644617086941E-07  8.7078460399940749E-09  -5.6410601281418402E-08  1.4071082841020341E-09
                    -2.2338130854820161E-09  -4.5284671477416821E-09  -6.9950683167085961E-08
              lFF=3.4688106886984338E+00
      MonZernType=  ANSI
     nMonZernCoef=   1
      MonZernCoef=0.0E+00
             lMon=6.9282032885573641E-01
              pFF=  0.0E+00  0.0E+00  0.0E+00
              xFF=  -1.0E+00  0.0E+00  0.0E+00
              yFF=  0.0E+00  9.9522739998183118E-01  -9.7582899759149466E-02
              zFF=  0.0E+00  -9.7582899759149466E-02  -9.9522739998183118E-01
             pMon=  1.2E+00  2.0610773759633521E+00  -2.7894547705603051E-01
             xMon=  -1.6978993002018401E-03  9.8844092453773413E-01  -1.515970179025822E-01
             yMon=  9.9951361228141244E-01  -3.0431769242717892E-03  -3.1036719194683999E-02
             zMon=  -3.1139299962081039E-02  -1.5157598019870119E-01  -9.8795499200351955E-01
           IndRef=1.0E+00
           Extinc=1.0E+22
            nCoat=  0
             xObs=  -9.9995422899846431E-01  9.521986474600258E-03  -9.3363893686594353E-04
             nObs=  0
           ApType=  Polygonal
            ApVec= -1.180058874435589D+00  2.089869513873960D+00   6
                    6.0328686712459856E-01  3.4065359923013583E-01
                    6.6286594503990326E-03  6.9278837723715458E-01
                    -5.966582076735587E-01  3.5213477807401494E-01
                    -6.0328686712427837E-01  -3.406535991966384E-01
                    -6.6286594510400754E-03  -6.9278837730415144E-01
                    5.9665820767387889E-01  -3.5213477804051774E-01
         PropType=  Geometric
             zElt=0.0E+00
          nECoord=  6
             TElt=  -1.6978993002018401E-03  9.9951361228141244E-01  -3.1139299962081039E-02  0.0E+00  0.0E+00  0.0E+00
                    9.8844092453773413E-01  -3.0431769242717892E-03  -1.5157598019870119E-01  0.0E+00  0.0E+00  0.0E+00
                    -1.515970179025822E-01  -3.1036719194683999E-02  -9.8795499200351955E-01  0.0E+00  0.0E+00  0.0E+00
                    0.0E+00  0.0E+00  0.0E+00  -1.6978993002018401E-03  9.9951361228141244E-01  -3.1139299962081039E-02
                    0.0E+00  0.0E+00  0.0E+00  9.8844092453773413E-01  -3.0431769242717892E-03  -1.5157598019870119E-01
                    0.0E+00  0.0E+00  0.0E+00  -1.515970179025822E-01  -3.1036719194683999E-02  -9.8795499200351955E-01

             iElt=  11
          EltName=  Seg11
          Element=  Segment
          Surface=  FreeForm
            KrElt=-3.8399999999999999E+01
            KcElt=0.0E+00
           psiElt=  0.0E+00  -9.7582899759149466E-02  -9.9522739998183118E-01
           VptElt=  0.0E+00  0.0E+00  0.0E+00
           RptElt=  1.8E+00  1.0286944479138369E+00  -1.5828175375699521E-01
       FFZernType=  BornWolf
      nFFZernCoef=  15
      FFZernModes=  3  4  5  9 10 11
                   12 13 19 20 21 22
                   23 24 25
       FFZernCoef=  2.1945306445570051E-03  1.8449914637493791E-04  -1.306221092687606E-04  -3.3019132328536497E-04  5.9327622044966422E-05  2.0833740395170291E-06
                    1.751961163569184E-07  -5.4714378163543413E-05  1.1953644617086941E-07  8.7078460399940749E-09  -5.6410601281418402E-08  1.4071082841020341E-09
                    -2.2338130854820161E-09  -4.5284671477416821E-09  -6.9950683167085961E-08
              lFF=3.4688106886984338E+00
      MonZernType=  ANSI
     nMonZernCoef=   1
      MonZernCoef=0.0E+00
             lMon=6.9282032885573641E-01
              pFF=  0.0E+00  0.0E+00  0.0E+00
              xFF=  -1.0E+00  0.0E+00  0.0E+00
              yFF=  0.0E+00  9.9522739998183118E-01  -9.7582899759149466E-02
              zFF=  0.0E+00  -9.7582899759149466E-02  -9.9522739998183118E-01
             pMon=  1.8E+00  1.0286944479138369E+00  -1.5828175375699521E-01
             xMon=  8.6475964995219823E-01  4.9154482302292563E-01  -1.028320707460107E-01
             yMon=  4.9999991922653581E-01  -8.6183660425950759E-01  8.5074957137212859E-02
             zMon=  -4.6806287911021038E-02  -1.249854172205772E-01  -9.9105389202312755E-01
           IndRef=1.0E+00
           Extinc=1.0E+22
            nCoat=  0
             xObs=  -9.9995422899846431E-01  9.521986474600258E-03  -9.3363893686594353E-04
             nObs=  0
           ApType=  Polygonal
            ApVec= -1.789974550074753D+00  1.056411958099476D+00   6
                    6.0328686712407498E-01  3.4065359917540072E-01
                    6.6286594508273566E-03  6.9278837728193832E-01
                    -5.9665820767408206E-01  3.5213477801928006E-01
                    -6.0328686712423041E-01  -3.4065359919166205E-01
                    -6.6286594505164942E-03  -6.9278837724941611E-01
                    5.9665820767392685E-01  -3.5213477803554127E-01
         PropType=  Geometric
             zElt=0.0E+00
          nECoord=  6
             TElt=  8.6475964995219823E-01  4.9999991922653581E-01  -4.6806287911021038E-02  0.0E+00  0.0E+00  0.0E+00
                    4.9154482302292563E-01  -8.6183660425950759E-01  -1.249854172205772E-01  0.0E+00  0.0E+00  0.0E+00
                    -1.028320707460107E-01  8.5074957137212859E-02  -9.9105389202312755E-01  0.0E+00  0.0E+00  0.0E+00
                    0.0E+00  0.0E+00  0.0E+00  8.6475964995219823E-01  4.9999991922653581E-01  -4.6806287911021038E-02
                    0.0E+00  0.0E+00  0.0E+00  4.9154482302292563E-01  -8.6183660425950759E-01  -1.249854172205772E-01
                    0.0E+00  0.0E+00  0.0E+00  -1.028320707460107E-01  8.5074957137212859E-02  -9.9105389202312755E-01

             iElt=  12
          EltName=  Seg12
          Element=  Segment
          Surface=  FreeForm
            KrElt=-3.8399999999999999E+01
            KcElt=0.0E+00
           psiElt=  0.0E+00  -9.7582899759149466E-02  -9.9522739998183118E-01
           VptElt=  0.0E+00  0.0E+00  0.0E+00
           RptElt=  2.3999999999999999E+00  -7.3377326524663999E-03  -7.4835986709764768E-02
       FFZernType=  BornWolf
      nFFZernCoef=  15
      FFZernModes=  3  4  5  9 10 11
                   12 13 19 20 21 22
                   23 24 25
       FFZernCoef=  2.1945306445570051E-03  1.8449914637493791E-04  -1.306221092687606E-04  -3.3019132328536497E-04  5.9327622044966422E-05  2.0833740395170291E-06
                    1.751961163569184E-07  -5.4714378163543413E-05  1.1953644617086941E-07  8.7078460399940749E-09  -5.6410601281418402E-08  1.4071082841020341E-09
                    -2.2338130854820161E-09  -4.5284671477416821E-09  -6.9950683167085961E-08
              lFF=3.4688106886984338E+00
      MonZernType=  ANSI
     nMonZernCoef=   1
      MonZernCoef=0.0E+00
             lMon=6.9282032885573641E-01
              pFF=  0.0E+00  0.0E+00  0.0E+00
              xFF=  -1.0E+00  0.0E+00  0.0E+00
              yFF=  0.0E+00  9.9522739998183118E-01  -9.7582899759149466E-02
              zFF=  0.0E+00  -9.7582899759149466E-02  -9.9522739998183118E-01
             pMon=  2.3999999999999999E+00  -7.3377326524663999E-03  -7.4835986709764768E-02
             xMon=  8.6390502610838138E-01  4.9300286534910548E-01  -1.030353367648624E-01
             yMon=  4.9976479588621697E-01  -8.6447955179914737E-01  5.3946763702311343E-02
             zMon=  -6.2476032664411832E-02  -9.8098314352067048E-02  -9.9321370613972015E-01
           IndRef=1.0E+00
           Extinc=1.0E+22
            nCoat=  0
             xObs=  -9.9995422899846431E-01  9.521986474600258E-03  -9.3363893686594353E-04
             nObs=  0
           ApType=  Polygonal
            ApVec= -2.399889931202269D+00  2.298518294486298D-02   6
                    6.0328686712434343E-01  3.4065359920348398E-01
                    6.6286594505271523E-03  6.9278837725050557E-01
                    -5.9665820767381339E-01  3.5213477804736321E-01
                    -6.0328686712434276E-01  -3.4065359920338634E-01
                    -6.6286594505284846E-03  -6.9278837725070075E-01
                    5.966582076738145E-01  -3.5213477804726556E-01
         PropType=  Geometric
             zElt=0.0E+00
          nECoord=  6
             TElt=  8.6390502610838138E-01  4.9976479588621697E-01  -6.2476032664411832E-02  0.0E+00  0.0E+00  0.0E+00
                    4.9300286534910548E-01  -8.6447955179914737E-01  -9.8098314352067048E-02  0.0E+00  0.0E+00  0.0E+00
                    -1.030353367648624E-01  5.3946763702311343E-02  -9.9321370613972015E-01  0.0E+00  0.0E+00  0.0E+00
                    0.0E+00  0.0E+00  0.0E+00  8.6390502610838138E-01  4.9976479588621697E-01  -6.2476032664411832E-02
                    0.0E+00  0.0E+00  0.0E+00  4.9300286534910548E-01  -8.6447955179914737E-01  -9.8098314352067048E-02
                    0.0E+00  0.0E+00  0.0E+00  -1.030353367648624E-01  5.3946763702311343E-02  -9.9321370613972015E-01

             iElt=  13
          EltName=  Seg13
          Element=  Segment
          Surface=  FreeForm
            KrElt=-3.8399999999999999E+01
            KcElt=0.0E+00
           psiElt=  0.0E+00  -9.7582899759149466E-02  -9.9522739998183118E-01
           VptElt=  0.0E+00  0.0E+00  0.0E+00
           RptElt=  1.8E+00  -1.039698253040509E+00  4.6056267599539069E-02
       FFZernType=  BornWolf
      nFFZernCoef=  15
      FFZernModes=  3  4  5  9 10 11
                   12 13 19 20 21 22
                   23 24 25
       FFZernCoef=  2.1945306445570051E-03  1.8449914637493791E-04  -1.306221092687606E-04  -3.3019132328536497E-04  5.9327622044966422E-05  2.0833740395170291E-06
                    1.751961163569184E-07  -5.4714378163543413E-05  1.1953644617086941E-07  8.7078460399940749E-09  -5.6410601281418402E-08  1.4071082841020341E-09
                    -2.2338130854820161E-09  -4.5284671477416821E-09  -6.9950683167085961E-08
              lFF=3.4688106886984338E+00
      MonZernType=  ANSI
     nMonZernCoef=   1
      MonZernCoef=0.0E+00
             lMon=6.9282032885573641E-01
              pFF=  0.0E+00  0.0E+00  0.0E+00
              xFF=  -1.0E+00  0.0E+00  0.0E+00
              yFF=  0.0E+00  9.9522739998183118E-01  -9.7582899759149466E-02
              zFF=  0.0E+00  -9.7582899759149466E-02  -9.9522739998183118E-01
             pMon=  1.8E+00  -1.039698253040509E+00  4.6056267599539069E-02
             xMon=  8.6475170202334695E-01  -5.0217628856547969E-01  -4.8444865904404078E-03
             yMon=  -4.9999988455497829E-01  -8.6182570005128611E-01  8.5185551451632535E-02
             zMon=  -4.6953267114579908E-02  -7.1242107869648283E-02  -9.9635332727579951E-01
           IndRef=1.0E+00
           Extinc=1.0E+22
            nCoat=  0
             xObs=  -9.9995422899846431E-01  9.521986474600258E-03  -9.3363893686594353E-04
             nObs=  0
           ApType=  Polygonal
            ApVec= -1.809860533851520D+00 -1.021953740660521D+00   6
                    6.0328686712447088E-01  3.4065359921676941E-01
                    6.6286594506566043E-03  6.9278837726408382E-01
                    -5.9665820767368616E-01  3.5213477806064863E-01
                    -6.0328686712459656E-01  -3.4065359922990823E-01
                    -6.6286594504052498E-03  -6.9278837723780562E-01
                    5.966582076735607E-01  -3.5213477807378757E-01
         PropType=  Geometric
             zElt=0.0E+00
          nECoord=  6
             TElt=  8.6475170202334695E-01  -4.9999988455497829E-01  -4.6953267114579908E-02  0.0E+00  0.0E+00  0.0E+00
                    -5.0217628856547969E-01  -8.6182570005128611E-01  -7.1242107869648283E-02  0.0E+00  0.0E+00  0.0E+00
                    -4.8444865904404078E-03  8.5185551451632535E-02  -9.9635332727579951E-01  0.0E+00  0.0E+00  0.0E+00
                    0.0E+00  0.0E+00  0.0E+00  8.6475170202334695E-01  -4.9999988455497829E-01  -4.6953267114579908E-02
                    0.0E+00  0.0E+00  0.0E+00  -5.0217628856547969E-01  -8.6182570005128611E-01  -7.1242107869648283E-02
                    0.0E+00  0.0E+00  0.0E+00  -4.8444865904404078E-03  8.5185551451632535E-02  -9.9635332727579951E-01

             iElt=  14
          EltName=  Seg14
          Element=  Segment
          Surface=  FreeForm
            KrElt=-3.8399999999999999E+01
            KcElt=0.0E+00
           psiElt=  0.0E+00  -9.7582899759149466E-02  -9.9522739998183118E-01
           VptElt=  0.0E+00  0.0E+00  0.0E+00
           RptElt=  1.2E+00  -2.0757268725684042E+00  1.2953835292595531E-01
       FFZernType=  BornWolf
      nFFZernCoef=  15
      FFZernModes=  3  4  5  9 10 11
                   12 13 19 20 21 22
                   23 24 25
       FFZernCoef=  2.1945306445570051E-03  1.8449914637493791E-04  -1.306221092687606E-04  -3.3019132328536497E-04  5.9327622044966422E-05  2.0833740395170291E-06
                    1.751961163569184E-07  -5.4714378163543413E-05  1.1953644617086941E-07  8.7078460399940749E-09  -5.6410601281418402E-08  1.4071082841020341E-09
                    -2.2338130854820161E-09  -4.5284671477416821E-09  -6.9950683167085961E-08
              lFF=3.4688106886984338E+00
      MonZernType=  ANSI
     nMonZernCoef=   1
      MonZernCoef=0.0E+00
             lMon=6.9282032885573641E-01
              pFF=  0.0E+00  0.0E+00  0.0E+00
              xFF=  -1.0E+00  0.0E+00  0.0E+00
              yFF=  0.0E+00  9.9522739998183118E-01  -9.7582899759149466E-02
              zFF=  0.0E+00  -9.7582899759149466E-02  -9.9522739998183118E-01
             pMon=  1.2E+00  -2.0757268725684042E+00  1.2953835292595531E-01
             xMon=  8.6559463211315679E-01  -5.0072012239044406E-01  -5.0291043126497537E-03
             yMon=  -4.9976402085350041E-01  -8.6448314142475646E-01  5.3896397400256188E-02
             zMon=  -3.1334586597412541E-02  -4.4139066887317738E-02  -9.9853386845769332E-01
           IndRef=1.0E+00
           Extinc=1.0E+22
            nCoat=  0
             xObs=  -9.9995422899846431E-01  9.521986474600258E-03  -9.3363893686594353E-04
             nObs=  0
           ApType=  Polygonal
            ApVec= -1.219830840468356D+00 -2.066861724704367D+00   6
                    6.0328686712428126E-01  3.4065359919694682E-01
                    6.6286594510347463E-03  6.9278837730358167E-01
                    -5.9665820767387601E-01  3.5213477804082616E-01
                    -6.0328686712459567E-01  -3.4065359922982719E-01
                    -6.6286594504054719E-03  -6.9278837723782205E-01
                    5.9665820767356159E-01  -3.521347780737063E-01
         PropType=  Geometric
             zElt=0.0E+00
          nECoord=  6
             TElt=  8.6559463211315679E-01  -4.9976402085350041E-01  -3.1334586597412541E-02  0.0E+00  0.0E+00  0.0E+00
                    -5.0072012239044406E-01  -8.6448314142475646E-01  -4.4139066887317738E-02  0.0E+00  0.0E+00  0.0E+00
                    -5.0291043126497537E-03  5.3896397400256188E-02  -9.9853386845769332E-01  0.0E+00  0.0E+00  0.0E+00
                    0.0E+00  0.0E+00  0.0E+00  8.6559463211315679E-01  -4.9976402085350041E-01  -3.1334586597412541E-02
                    0.0E+00  0.0E+00  0.0E+00  -5.0072012239044406E-01  -8.6448314142475646E-01  -4.4139066887317738E-02
                    0.0E+00  0.0E+00  0.0E+00  -5.0291043126497537E-03  5.3896397400256188E-02  -9.9853386845769332E-01

             iElt=  15
          EltName=  Seg15
          Element=  Segment
          Surface=  FreeForm
            KrElt=-3.8399999999999999E+01
            KcElt=0.0E+00
           psiElt=  0.0E+00  -9.7582899759149466E-02  -9.9522739998183118E-01
           VptElt=  0.0E+00  0.0E+00  0.0E+00
           RptElt=  -2.2204460492503131E-16  -2.073888696871228E+00  1.4828551891840649E-01
       FFZernType=  BornWolf
      nFFZernCoef=  15
      FFZernModes=  3  4  5  9 10 11
                   12 13 19 20 21 22
                   23 24 25
       FFZernCoef=  2.1945306445570051E-03  1.8449914637493791E-04  -1.306221092687606E-04  -3.3019132328536497E-04  5.9327622044966422E-05  2.0833740395170291E-06
                    1.751961163569184E-07  -5.4714378163543413E-05  1.1953644617086941E-07  8.7078460399940749E-09  -5.6410601281418402E-08  1.4071082841020341E-09
                    -2.2338130854820161E-09  -4.5284671477416821E-09  -6.9950683167085961E-08
              lFF=3.4688106886984338E+00
      MonZernType=  ANSI
     nMonZernCoef=   1
      MonZernCoef=0.0E+00
             lMon=6.9282032885573641E-01
              pFF=  0.0E+00  0.0E+00  0.0E+00
              xFF=  -1.0E+00  0.0E+00  0.0E+00
              yFF=  0.0E+00  9.9522739998183118E-01  -9.7582899759149466E-02
              zFF=  0.0E+00  -9.7582899759149466E-02  -9.9522739998183118E-01
             pMon=  -2.2204460492503131E-16  -2.073888696871228E+00  1.4828551891840649E-01
             xMon=  3.098764383819106E-19  -9.9902325311408258E-01  4.4187551837092928E-02
             yMon=  -1.0E+00  -5.6509287016187687E-19  -5.7632629211425384E-18
             zMon=  5.7826037425246366E-18  -4.4187551837092928E-02  -9.9902325311408258E-01
           IndRef=1.0E+00
           Extinc=1.0E+22
            nCoat=  0
             xObs=  -9.9995422899846431E-01  9.521986474600258E-03  -9.3363893686594353E-04
             nObs=  0
           ApType=  Polygonal
            ApVec= -1.988591401911447D-02 -2.078358408101733D+00   6
                    6.0328686712443702E-01  3.4065359921325711E-01
                    6.6286594502453309E-03  6.9278837722105702E-01
                    -5.9665820767372013E-01  3.5213477805713622E-01
                    -6.0328686712443969E-01  -3.4065359921351712E-01
                    -6.6286594502401319E-03  -6.9278837722053632E-01
                    5.9665820767371736E-01  -3.5213477805739624E-01
         PropType=  Geometric
             zElt=0.0E+00
          nECoord=  6
             TElt=  3.098764383819106E-19  -1.0E+00  5.7826037425246366E-18  0.0E+00  0.0E+00  0.0E+00
                    -9.9902325311408258E-01  -5.6509287016187687E-19  -4.4187551837092928E-02  0.0E+00  0.0E+00  0.0E+00
                    4.4187551837092928E-02  -5.7632629211425384E-18  -9.9902325311408258E-01  0.0E+00  0.0E+00  0.0E+00
                    0.0E+00  0.0E+00  0.0E+00  3.098764383819106E-19  -1.0E+00  5.7826037425246366E-18
                    0.0E+00  0.0E+00  0.0E+00  -9.9902325311408258E-01  -5.6509287016187687E-19  -4.4187551837092928E-02
                    0.0E+00  0.0E+00  0.0E+00  4.4187551837092928E-02  -5.7632629211425384E-18  -9.9902325311408258E-01

             iElt=  16
          EltName=  Seg16
          Element=  Segment
          Surface=  FreeForm
            KrElt=-3.8399999999999999E+01
            KcElt=0.0E+00
           psiElt=  0.0E+00  -9.7582899759149466E-02  -9.9522739998183118E-01
           VptElt=  0.0E+00  0.0E+00  0.0E+00
           RptElt=  -1.2E+00  -2.0757268725684042E+00  1.2953835292595531E-01
       FFZernType=  BornWolf
      nFFZernCoef=  15
      FFZernModes=  3  4  5  9 10 11
                   12 13 19 20 21 22
                   23 24 25
       FFZernCoef=  2.1945306445570051E-03  1.8449914637493791E-04  -1.306221092687606E-04  -3.3019132328536497E-04  5.9327622044966422E-05  2.0833740395170291E-06
                    1.751961163569184E-07  -5.4714378163543413E-05  1.1953644617086941E-07  8.7078460399940749E-09  -5.6410601281418402E-08  1.4071082841020341E-09
                    -2.2338130854820161E-09  -4.5284671477416821E-09  -6.9950683167085961E-08
              lFF=3.4688106886984338E+00
      MonZernType=  ANSI
     nMonZernCoef=   1
      MonZernCoef=0.0E+00
             lMon=6.9282032885573641E-01
              pFF=  0.0E+00  0.0E+00  0.0E+00
              xFF=  -1.0E+00  0.0E+00  0.0E+00
              yFF=  0.0E+00  9.9522739998183118E-01  -9.7582899759149466E-02
              zFF=  0.0E+00  -9.7582899759149466E-02  -9.9522739998183118E-01
             pMon=  -1.2E+00  -2.0757268725684042E+00  1.2953835292595531E-01
             xMon=  1.679164117998237E-03  -9.9902070362653361E-01  4.4213280057134083E-02
             yMon=  -9.9950754078727888E-01  -3.0621070952260511E-03  -3.1229784013074531E-02
             zMon=  3.1334586597412548E-02  -4.4139066887317738E-02  -9.9853386845769332E-01
           IndRef=1.0E+00
           Extinc=1.0E+22
            nCoat=  0
             xObs=  -9.9995422899846431E-01  9.521986474600258E-03  -9.3363893686594353E-04
             nObs=  0
           ApType=  Polygonal
            ApVec=  1.180059309127959D+00 -2.089824082392126D+00   6
                    6.0328686712428126E-01  3.406535991969466E-01
                    6.6286594510347463E-03  6.9278837730358167E-01
                    -5.966582076738759E-01  3.5213477804082594E-01
                    -6.0328686712459556E-01  -3.4065359922982719E-01
                    -6.6286594504054719E-03  -6.9278837723782205E-01
                    5.9665820767356159E-01  -3.521347780737063E-01
         PropType=  Geometric
             zElt=0.0E+00
          nECoord=  6
             TElt=  1.679164117998237E-03  -9.9950754078727888E-01  3.1334586597412548E-02  0.0E+00  0.0E+00  0.0E+00
                    -9.9902070362653361E-01  -3.0621070952260511E-03  -4.4139066887317738E-02  0.0E+00  0.0E+00  0.0E+00
                    4.4213280057134083E-02  -3.1229784013074531E-02  -9.9853386845769332E-01  0.0E+00  0.0E+00  0.0E+00
                    0.0E+00  0.0E+00  0.0E+00  1.679164117998237E-03  -9.9950754078727888E-01  3.1334586597412548E-02
                    0.0E+00  0.0E+00  0.0E+00  -9.9902070362653361E-01  -3.0621070952260511E-03  -4.4139066887317738E-02
                    0.0E+00  0.0E+00  0.0E+00  4.4213280057134083E-02  -3.1229784013074531E-02  -9.9853386845769332E-01

             iElt=  17
          EltName=  Seg17
          Element=  Segment
          Surface=  FreeForm
            KrElt=-3.8399999999999999E+01
            KcElt=0.0E+00
           psiElt=  0.0E+00  -9.7582899759149466E-02  -9.9522739998183118E-01
           VptElt=  0.0E+00  0.0E+00  0.0E+00
           RptElt=  -1.8E+00  -1.039698253040509E+00  4.6056267599539069E-02
       FFZernType=  BornWolf
      nFFZernCoef=  15
      FFZernModes=  3  4  5  9 10 11
                   12 13 19 20 21 22
                   23 24 25
       FFZernCoef=  2.1945306445570051E-03  1.8449914637493791E-04  -1.306221092687606E-04  -3.3019132328536497E-04  5.9327622044966422E-05  2.0833740395170291E-06
                    1.751961163569184E-07  -5.4714378163543413E-05  1.1953644617086941E-07  8.7078460399940749E-09  -5.6410601281418402E-08  1.4071082841020341E-09
                    -2.2338130854820161E-09  -4.5284671477416821E-09  -6.9950683167085961E-08
              lFF=3.4688106886984338E+00
      MonZernType=  ANSI
     nMonZernCoef=   1
      MonZernCoef=0.0E+00
             lMon=6.9282032885573641E-01
              pFF=  0.0E+00  0.0E+00  0.0E+00
              xFF=  -1.0E+00  0.0E+00  0.0E+00
              yFF=  0.0E+00  9.9522739998183118E-01  -9.7582899759149466E-02
              zFF=  0.0E+00  -9.7582899759149466E-02  -9.9522739998183118E-01
             pMon=  -1.8E+00  -1.039698253040509E+00  4.6056267599539069E-02
             xMon=  -8.6475170202334695E-01  -5.0217628856547969E-01  -4.8444865904404217E-03
             yMon=  -4.9999988455497829E-01  8.6182570005128611E-01  -8.5185551451632535E-02
             zMon=  4.6953267114579929E-02  -7.1242107869648283E-02  -9.9635332727579951E-01
           IndRef=1.0E+00
           Extinc=1.0E+22
            nCoat=  0
             xObs=  -9.9995422899846431E-01  9.521986474600258E-03  -9.3363893686594353E-04
             nObs=  0
           ApType=  Polygonal
            ApVec=  1.789974690542951D+00 -1.056397277192158D+00   6
                    6.0328686712447088E-01  3.4065359921676952E-01
                    6.6286594506566043E-03  6.9278837726408393E-01
                    -5.9665820767368638E-01  3.5213477806064875E-01
                    -6.0328686712459656E-01  -3.4065359922990801E-01
                    -6.6286594504052498E-03  -6.9278837723780562E-01
                    5.9665820767356048E-01  -3.5213477807378735E-01
         PropType=  Geometric
             zElt=0.0E+00
          nECoord=  6
             TElt=  -8.6475170202334695E-01  -4.9999988455497829E-01  4.6953267114579929E-02  0.0E+00  0.0E+00  0.0E+00
                    -5.0217628856547969E-01  8.6182570005128611E-01  -7.1242107869648283E-02  0.0E+00  0.0E+00  0.0E+00
                    -4.8444865904404217E-03  -8.5185551451632535E-02  -9.9635332727579951E-01  0.0E+00  0.0E+00  0.0E+00
                    0.0E+00  0.0E+00  0.0E+00  -8.6475170202334695E-01  -4.9999988455497829E-01  4.6953267114579929E-02
                    0.0E+00  0.0E+00  0.0E+00  -5.0217628856547969E-01  8.6182570005128611E-01  -7.1242107869648283E-02
                    0.0E+00  0.0E+00  0.0E+00  -4.8444865904404217E-03  -8.5185551451632535E-02  -9.9635332727579951E-01

             iElt=  18
          EltName=  Seg18
          Element=  Segment
          Surface=  FreeForm
            KrElt=-3.8399999999999999E+01
            KcElt=0.0E+00
           psiElt=  0.0E+00  -9.7582899759149466E-02  -9.9522739998183118E-01
           VptElt=  0.0E+00  0.0E+00  0.0E+00
           RptElt=  -2.3999999999999999E+00  -7.337732652466622E-03  -7.4835986709764768E-02
       FFZernType=  BornWolf
      nFFZernCoef=  15
      FFZernModes=  3  4  5  9 10 11
                   12 13 19 20 21 22
                   23 24 25
       FFZernCoef=  2.1945306445570051E-03  1.8449914637493791E-04  -1.306221092687606E-04  -3.3019132328536497E-04  5.9327622044966422E-05  2.0833740395170291E-06
                    1.751961163569184E-07  -5.4714378163543413E-05  1.1953644617086941E-07  8.7078460399940749E-09  -5.6410601281418402E-08  1.4071082841020341E-09
                    -2.2338130854820161E-09  -4.5284671477416821E-09  -6.9950683167085961E-08
              lFF=3.4688106886984338E+00
      MonZernType=  ANSI
     nMonZernCoef=   1
      MonZernCoef=0.0E+00
             lMon=6.9282032885573641E-01
              pFF=  0.0E+00  0.0E+00  0.0E+00
              xFF=  -1.0E+00  0.0E+00  0.0E+00
              yFF=  0.0E+00  9.9522739998183118E-01  -9.7582899759149466E-02
              zFF=  0.0E+00  -9.7582899759149466E-02  -9.9522739998183118E-01
             pMon=  -2.3999999999999999E+00  -7.337732652466622E-03  -7.4835986709764768E-02
             xMon=  -8.6391615595376037E-01  -5.0361463577064425E-01  -4.6015344918195417E-03
             yMon=  -4.9974555608288629E-01  8.5834085266803206E-01  -1.1621256307526399E-01
             zMon=  6.2476032664411839E-02  -9.8098314352067048E-02  -9.9321370613972015E-01
           IndRef=1.0E+00
           Extinc=1.0E+22
            nCoat=  0
             xObs=  -9.9995422899846431E-01  9.521986474600258E-03  -9.3363893686594353E-04
             nObs=  0
           ApType=  Polygonal
            ApVec=  2.399890367990360D+00 -2.293953243065390D-02   6
                    6.0328686712434365E-01  3.4065359920348393E-01
                    6.6286594505271523E-03  6.9278837725050557E-01
                    -5.9665820767381361E-01  3.5213477804736315E-01
                    -6.0328686712434254E-01  -3.4065359920338639E-01
                    -6.6286594505284846E-03  -6.9278837725070075E-01
                    5.9665820767381472E-01  -3.5213477804726562E-01
         PropType=  Geometric
             zElt=0.0E+00
          nECoord=  6
             TElt=  -8.6391615595376037E-01  -4.9974555608288629E-01  6.2476032664411839E-02  0.0E+00  0.0E+00  0.0E+00
                    -5.0361463577064425E-01  8.5834085266803206E-01  -9.8098314352067048E-02  0.0E+00  0.0E+00  0.0E+00
                    -4.6015344918195417E-03  -1.1621256307526399E-01  -9.9321370613972015E-01  0.0E+00  0.0E+00  0.0E+00
                    0.0E+00  0.0E+00  0.0E+00  -8.6391615595376037E-01  -4.9974555608288629E-01  6.2476032664411839E-02
                    0.0E+00  0.0E+00  0.0E+00  -5.0361463577064425E-01  8.5834085266803206E-01  -9.8098314352067048E-02
                    0.0E+00  0.0E+00  0.0E+00  -4.6015344918195417E-03  -1.1621256307526399E-01  -9.9321370613972015E-01

             iElt=  19
          EltName=  Seg19
          Element=  Segment
          Surface=  FreeForm
            KrElt=-3.8399999999999999E+01
            KcElt=0.0E+00
           psiElt=  0.0E+00  -9.7582899759149466E-02  -9.9522739998183118E-01
           VptElt=  0.0E+00  0.0E+00  0.0E+00
           RptElt=  -1.8E+00  1.0286944479138369E+00  -1.5828175375699521E-01
       FFZernType=  BornWolf
      nFFZernCoef=  15
      FFZernModes=  3  4  5  9 10 11
                   12 13 19 20 21 22
                   23 24 25
       FFZernCoef=  2.1945306445570051E-03  1.8449914637493791E-04  -1.306221092687606E-04  -3.3019132328536497E-04  5.9327622044966422E-05  2.0833740395170291E-06
                    1.751961163569184E-07  -5.4714378163543413E-05  1.1953644617086941E-07  8.7078460399940749E-09  -5.6410601281418402E-08  1.4071082841020341E-09
                    -2.2338130854820161E-09  -4.5284671477416821E-09  -6.9950683167085961E-08
              lFF=3.4688106886984338E+00
      MonZernType=  ANSI
     nMonZernCoef=   1
      MonZernCoef=0.0E+00
             lMon=6.9282032885573641E-01
              pFF=  0.0E+00  0.0E+00  0.0E+00
              xFF=  -1.0E+00  0.0E+00  0.0E+00
              yFF=  0.0E+00  9.9522739998183118E-01  -9.7582899759149466E-02
              zFF=  0.0E+00  -9.7582899759149466E-02  -9.9522739998183118E-01
             pMon=  -1.8E+00  1.0286944479138369E+00  -1.5828175375699521E-01
             xMon=  -8.6475964995219823E-01  4.9154482302292563E-01  -1.028320707460107E-01
             yMon=  4.9999991922653581E-01  8.6183660425950759E-01  -8.5074957137212845E-02
             zMon=  4.6806287911021052E-02  -1.249854172205772E-01  -9.9105389202312755E-01
           IndRef=1.0E+00
           Extinc=1.0E+22
            nCoat=  0
             xObs=  -9.9995422899846431E-01  9.521986474600258E-03  -9.3363893686594353E-04
             nObs=  0
           ApType=  Polygonal
            ApVec=  1.809860674319718D+00  1.021968421567838D+00   6
                    6.0328686712407498E-01  3.4065359917540095E-01
                    6.6286594508275787E-03  6.9278837728193832E-01
                    -5.9665820767408229E-01  3.5213477801928028E-01
                    -6.0328686712423041E-01  -3.4065359919166194E-01
                    -6.6286594505162721E-03  -6.9278837724941611E-01
                    5.9665820767392663E-01  -3.5213477803554116E-01
         PropType=  Geometric
             zElt=0.0E+00
          nECoord=  6
             TElt=  -8.6475964995219823E-01  4.9999991922653581E-01  4.6806287911021052E-02  0.0E+00  0.0E+00  0.0E+00
                    4.9154482302292563E-01  8.6183660425950759E-01  -1.249854172205772E-01  0.0E+00  0.0E+00  0.0E+00
                    -1.028320707460107E-01  -8.5074957137212845E-02  -9.9105389202312755E-01  0.0E+00  0.0E+00  0.0E+00
                    0.0E+00  0.0E+00  0.0E+00  -8.6475964995219823E-01  4.9999991922653581E-01  4.6806287911021052E-02
                    0.0E+00  0.0E+00  0.0E+00  4.9154482302292563E-01  8.6183660425950759E-01  -1.249854172205772E-01
                    0.0E+00  0.0E+00  0.0E+00  -1.028320707460107E-01  -8.5074957137212845E-02  -9.9105389202312755E-01

             iElt=  20
          EltName=  M2
          Element=  Reflector
          Surface=  Zernike
            KrElt=-3.7999999999999998E+00
            KcElt=0.0E+00
           psiElt=  0.0E+00  -9.237058744656157E-02  -9.9572469818458209E-01
           VptElt=  0.0E+00  -3.3991011463495093E+00  -1.716671521861085E+01
           RptElt=  0.0E+00  -3.3991011463495093E+00  -1.716671521861085E+01
         ZernType=  BornWolf
        nZernCoef=  15
        ZernModes=  3  4  5  9 10 11 12 13 19 20 21 22 23 24 25
         ZernCoef=  1.5670203878831107E-03  -6.5427777782179231E-04  -1.2826071057798367E-05  1.2611186399476585E-04  6.7314700514678138E-05  -8.4816511295789792E-08
                    7.8938974450666978E-07  -8.8373323647076674E-06  -1.1067290769763183E-07  -6.5534822774810869E-08  -4.0330583684522439E-09  7.25966718050599E-09
                    -4.5127486120059787E-09  -1.3744671213033494E-08  -5.3336859721464473E-09
             lMon=3.4183090431856283E-01
             pMon=  0.0E+00  -3.3991011463495093E+00  -1.716671521861085E+01
             xMon=  -1.0E+00  0.0E+00  0.0E+00
             yMon=  0.0E+00  9.9572469818458209E-01  -9.237058744656157E-02
             zMon=  0.0E+00  -9.237058744656157E-02  -9.9572469818458209E-01
           IndRef=1.0E+00
           Extinc=0.0E+00
            nCoat=  0
             nObs=  0
           ApType=  None
         PropType=  Geometric
             zElt=1.4E+01
          nECoord=  6
             TElt=  -1.0E+00  0.0E+00  0.0E+00  0.0E+00  0.0E+00  0.0E+00
                    0.0E+00  9.9572469818458209E-01  -9.237058744656157E-02  0.0E+00  0.0E+00  0.0E+00
                    0.0E+00  -9.237058744656157E-02  -9.9572469818458209E-01  0.0E+00  0.0E+00  0.0E+00
                    0.0E+00  0.0E+00  0.0E+00  -1.0E+00  0.0E+00  0.0E+00
                    0.0E+00  0.0E+00  0.0E+00  0.0E+00  9.9572469818458209E-01  -9.237058744656157E-02
                    0.0E+00  0.0E+00  0.0E+00  0.0E+00  -9.237058744656157E-02  -9.9572469818458209E-01

             iElt=  21
          EltName=  M3
          Element=  Reflector
          Surface=  Zernike
            KrElt=-2.0E+00
            KcElt=0.0E+00
           psiElt=  0.0E+00  1.4953534344370953E-01  -9.8875638104700592E-01
           VptElt=  0.0E+00  -3.5457061239769505E+00  -3.1674828474936803E+00
           RptElt=  0.0E+00  -3.5457061239769505E+00  -3.1674828474936803E+00
         ZernType=  BornWolf
        nZernCoef=  15
        ZernModes=  3  4  5  9 10 11 12 13 19 20 21 22 23 24 25
         ZernCoef=  5.3728427036658151E-02  -1.7438289166564988E-03  -1.1789772949028865E-02  1.8422981212865529E-02  1.3009539746025957E-02  -7.0070858296950589E-02
                    5.1120489609540361E-03  -1.4540268609969141E-03  3.8284618749318054E-04  -1.1249601815970407E-02  -1.4977824174340182E-01  7.906750594038825E-02
                    9.8654962896280399E-03  3.1319355461119046E-03  -2.8096520041123968E-04
             lMon=4.7861849240545734E-01
             pMon=  0.0E+00  -3.5457061239769505E+00  -3.1674828474936803E+00
             xMon=  -1.0E+00  0.0E+00  0.0E+00
             yMon=  0.0E+00  9.8875638104700581E-01  1.4953534344370953E-01
             zMon=  0.0E+00  1.4953534344370953E-01  -9.8875638104700592E-01
           IndRef=1.0E+00
           Extinc=0.0E+00
            nCoat=  0
             nObs=  0
           ApType=  None
         PropType=  Geometric
             zElt=6.82539682539683E-01
          nECoord=  6
             TElt=  -1.0E+00  0.0E+00  0.0E+00  0.0E+00  0.0E+00  0.0E+00
                    0.0E+00  9.8875638104700581E-01  1.4953534344370953E-01  0.0E+00  0.0E+00  0.0E+00
                    0.0E+00  1.4953534344370953E-01  -9.8875638104700592E-01  0.0E+00  0.0E+00  0.0E+00
                    0.0E+00  0.0E+00  0.0E+00  -1.0E+00  0.0E+00  0.0E+00
                    0.0E+00  0.0E+00  0.0E+00  0.0E+00  9.8875638104700581E-01  1.4953534344370953E-01
                    0.0E+00  0.0E+00  0.0E+00  0.0E+00  1.4953534344370953E-01  -9.8875638104700592E-01

             iElt=  22
          EltName=  OAP1
          Element=  Reflector
          Surface=  Conic
            KrElt=-2.3999999999999999E+00
            KcElt=-1.0E+00
           psiElt=  2.0791169081775907E-01  -2.7867231867431114E-01  9.3761104282425334E-01
           VptElt=  -2.4949402898131101E-01  -3.1783921937389001E+00  -4.9948797223855301E+00
           RptElt=  0.0E+00  -3.1671446592222101E+00  -5.0327227798430103E+00
           IndRef=1.0E+00
           Extinc=1.0E+22
            nCoat=  0
             nObs=  0
           ApType=  None
         PropType=  Geometric
             zElt=1.0E+22
          nECoord= -6

             iElt=  23
          EltName=  SharedPupil
          Element=  Reference
          Surface=  Flat
            KrElt=-1.0E+22
            KcElt=0.0E+00
           psiElt=  2.0791169081775907E-01  -2.7867231867431114E-01  9.3761104282425334E-01
           VptElt=  5.1977922704439801E-02  -3.2368127388907801E+00  -4.7983200191369404E+00
           RptElt=  5.1977922704439801E-02  -3.2368127388907801E+00  -4.7983200191369404E+00
           IndRef=1.0E+00
           Extinc=0.0E+00
            nCoat=  0
             nObs=  0
           ApType=  None
         PropType=  Geometric
             zElt=0.0E+00
          nECoord= -6

             iElt=  24
          EltName=  Pickoff
          Element=  Reflector
          Surface=  Flat
            KrElt=-1.0E+22
            KcElt=0.0E+00
           psiElt=  -2.0046662123357201E-01  3.7753342084541403E-01  -9.0403631006500795E-01
           VptElt=  8.3164676327103698E-02  -3.2786135866919301E+00  -4.6576783627133E+00
           RptElt=  8.3164676327103698E-02  -3.2786135866919301E+00  -4.6576783627133E+00
           IndRef=1.0E+00
           Extinc=1.0E+22
            nCoat=  0
             nObs=  0
           ApType=  None
         PropType=  Geometric
             zElt=1.0E+22
          nECoord= -6

             iElt=  25
          EltName=  OAPim
          Element=  Reflector
          Surface=  Conic
            KrElt=-1.8E+00
            KcElt=-1.0E+00
           psiElt=  1.9082519739681206E-01  -4.7225818785378709E-01  8.6055676631093025E-01
           VptElt=  -1.52149965387499E-01  -3.17322226722519E+00  -4.8497241872435604E+00
           RptElt=  3.5458376977900698E-02  -3.1605490397284801E+00  -4.8728175542910401E+00
           IndRef=1.0E+00
           Extinc=1.0E+22
            nCoat=  0
             nObs=  0
           ApType=  None
         PropType=  Geometric
             zElt=1.0E+22
          nECoord= -6

             iElt=  26
          EltName=  FP_return
          Element=  Return
          Surface=  Flat
            KrElt=-1.0E+22
            KcElt=0.0E+00
           psiElt=  -1.9082519739681217E-01  4.722581878537786E-01  -8.6055676631093492E-01
           VptElt=  1.9592712269631701E-02  -3.5982546362935901E+00  -4.07522309756372E+00
           RptElt=  1.9592712269631701E-02  -3.5982546362935901E+00  -4.07522309756372E+00
           IndRef=1.0E+00
           Extinc=0.0E+00
            nCoat=  0
             nObs=  0
           ApType=  None
         PropType=  Geometric
             zElt=8.999999999999988E-01
          nECoord= -6

             iElt=  27
          EltName=  ExitPupil
          Element=  Return
          Surface=  Conic
            KrElt=-5.561319360213256E-01
            KcElt=0.0E+00
           psiElt=  -7.953276419623144E-02  -4.7038511356731788E-01  8.7886994734919033E-01
           VptElt=  2.9750559868632856E-02  -3.3335176215265285E+00  -4.5629448847691334E+00
           RptElt=  2.9750559868632856E-02  -3.3335176215265285E+00  -4.5629448847691334E+00
           IndRef=1.0E+00
           Extinc=0.0E+00
            nCoat=  0
             nObs=  0
           ApType=  None
         PropType=  Geometric
             zElt=5.561319360213256E-01
          nECoord= -6

             iElt=  28
          EltName=  Imager
          Element=  FocalPlane
          Surface=  Flat
            KrElt=-1.0E+22
            KcElt=0.0E+00
           psiElt=  -1.7435903653727401E-02  -4.8102570870723999E-01  8.7653308940762498E-01
           VptElt=  1.9592712269631701E-02  -3.5982546362935901E+00  -4.07522309756372E+00
           RptElt=  1.9592712269631701E-02  -3.5982546362935901E+00  -4.07522309756372E+00
           IndRef=1.0E+00
           Extinc=0.0E+00
            nCoat=  0
             nObs=  0
           ApType=  None
         PropType=  Geometric
             zElt=0.0E+00
          nECoord= -6

% ---------------------------------------------------------------------------------------
% Output Coordinate System Definition
% ---------------------------------------------------------------------------------------

         nOutCord=  5
             Tout=  1.0E+00  0.0E+00  0.0E+00  0.0E+00  0.0E+00  0.0E+00  0.0E+00
                    0.0E+00  1.0E+00  0.0E+00  0.0E+00  0.0E+00  0.0E+00  0.0E+00
                    0.0E+00  0.0E+00  0.0E+00  1.0E+00  0.0E+00  0.0E+00  0.0E+00
                    0.0E+00  0.0E+00  0.0E+00  0.0E+00  1.0E+00  0.0E+00  0.0E+00
                    0.0E+00  0.0E+00  0.0E+00  0.0E+00  0.0E+00  0.0E+00  1.0E+00
