% MACOS prescription emitted by macos.design.Telescope (family=tma)
% Source Definition
        ChfRayDir=  0.0000000000000000E+00  3.7815466225269161E-04  9.9999992849952313E-01
        ChfRayPos=  0.0000000000000000E+00  -2.7521255975057001E-03  -7.2777772574131960E+00
          zSource=1.0E+22
        BaseUnits=  m
        WaveUnits=  m
           IndRef=1.0E+00
           Extinc=0.0E+00
          Wavelen=4.9999999999999998E-07
             Flux=1.0E+00
         Aperture=4.0000000000000000E+00
         Obscratn=0.0E+00
         ApStop=  0.0000000000000000E+00  0.0000000000000000E+00  0.0000000000000000E+00
         GridType=  Pie
         nGridpts=  128
            xGrid=  -1.0  0.0000000000000000E+00  0.0000000000000000E+00
            yGrid=  0.0000000000000000E+00  1.0000000000000000E+00  0.0000000000000000E+00

             nSeg=  7
            width=  1.333333333333333E+00
              gap=  2.5E-02
         SegXgrid=  -1.0E+00  0.0E+00  0.0E+00
         SegCoord=    0    0    0
                      1    2    1
                     -1    1    2
                     -2   -1    1
                     -1   -2   -1
                      1   -1   -2
                      2    1   -1
% Element Definitions
             nElt=  17
    iElt=   1
 EltName=  Seg1
 Element=  Segment
 Surface=  FreeForm
    fElt=  7.018551692587094E+00
    eElt=  9.94713526835832E-01
   KrElt=  -1.4E+01
   KcElt=  -9.894550004701795E-01
  psiElt=  0.0E+00  0.0E+00  -1.0E+00
  VptElt=  0.0E+00  0.0E+00  0.0E+00
  RptElt=  0.0E+00  0.0E+00  -5.862319860661103E-07
 FFZernType=  BornWolf
nFFZernCoef=   15
FFZernModes=    3    4    5    9   10   11
  12   13   19   20   21   22
  23   24   25
 FFZernCoef=  6.859468934407656E-04  7.304713221709177E-07  -9.144572782756148E-07  6.818881123548303E-06  -6.290514187044243E-07  1.099731083972651E-07
              -3.593007431142698E-08  -3.32196588853113E-07  -2.818312488257872E-09  -2.632857253303559E-09  -1.96337395011097E-09  5.673745022174966E-09
              2.456996532888483E-09  9.409293417436266E-11  -3.971296865060836E-09
     lFF=  2.19948368680758E+00
MonZernType=  ANSI
nMonZernCoef=    1
MonZernModes=    1
 MonZernCoef=  0d0
    lMon=  7.698003653952626E-01
     pFF=  0.0E+00  0.0E+00  0.0E+00
     xFF=  -1.0E+00  0.0E+00  0.0E+00
     yFF=  0.0E+00  1.0E+00  0.0E+00
     zFF=  0.0E+00  0.0E+00  -1.0E+00
    pMon=  0.0E+00  0.0E+00  -5.862319860661103E-07
    xMon=  -8.660254138985147E-01  4.999999591244484E-01  -1.528314634310124E-04
    yMon=  4.999999824819059E-01  8.660253734422095E-01  -2.647118720236114E-04
    zMon=  0.0E+00  -3.056629375712889E-04  -9.999999532850832E-01
  IndRef=  1d0
    zElt=  0d0
 PropType= 1
  nECoord= 6
    TElt=  -8.660254138985147E-01  4.999999824819059E-01  0.0E+00  0.0E+00  0.0E+00  0.0E+00
            4.999999591244484E-01  8.660253734422095E-01  -3.056629375712889E-04  0.0E+00  0.0E+00  0.0E+00
            -1.528314634310124E-04  -2.647118720236114E-04  -9.999999532850832E-01  0.0E+00  0.0E+00  0.0E+00
            0.0E+00  0.0E+00  0.0E+00  -8.660254138985147E-01  4.999999824819059E-01  0.0E+00
            0.0E+00  0.0E+00  0.0E+00  4.999999591244484E-01  8.660253734422095E-01  -3.056629375712889E-04
            0.0E+00  0.0E+00  0.0E+00  -1.528314634310124E-04  -2.647118720236114E-04  -9.999999532850832E-01
           ApType=  Polygonal
             xObs=  -1.0000000000E+00  0.0000000000E+00  0.0000000000E+00
        PolyApVec=  6
  -6.5416666667E-01  3.7766664839E-01  -5.4538912142E-02
  -2.7755575616E-16  7.5534993184E-01  -5.4654355930E-02
  6.5416666667E-01  3.7766664839E-01  -5.4538912142E-02
  6.5416666667E-01  -3.7769991851E-01  -5.4308024568E-02
  3.8857805862E-16  -7.5538320196E-01  -5.4192580781E-02
  -6.5416666667E-01  -3.7769991851E-01  -5.4308024568E-02
             nObs=  1
          ObsType=  Circle
           ObsVec=  1.0638137960852960E-01  0.0000000000000000E+00  0.0000000000000000E+00

    iElt=   2
 EltName=  Seg2
 Element=  Segment
 Surface=  FreeForm
    fElt=  7.018551692587094E+00
    eElt=  9.94713526835832E-01
   KrElt=  -1.4E+01
   KcElt=  -9.894550004701795E-01
  psiElt=  0.0E+00  0.0E+00  -1.0E+00
  VptElt=  0.0E+00  0.0E+00  0.0E+00
  RptElt=  -6.666666666666666E-01  1.154700548092894E+00  -6.385070402221649E-02
 FFZernType=  BornWolf
nFFZernCoef=   15
FFZernModes=    3    4    5    9   10   11
  12   13   19   20   21   22
  23   24   25
 FFZernCoef=  6.859468934407656E-04  7.304713221709177E-07  -9.144572782756148E-07  6.818881123548303E-06  -6.290514187044243E-07  1.099731083972651E-07
              -3.593007431142698E-08  -3.32196588853113E-07  -2.818312488257872E-09  -2.632857253303559E-09  -1.96337395011097E-09  5.673745022174966E-09
              2.456996532888483E-09  9.409293417436266E-11  -3.971296865060836E-09
     lFF=  2.19948368680758E+00
MonZernType=  ANSI
nMonZernCoef=    1
MonZernModes=    1
 MonZernCoef=  0d0
    lMon=  7.698003653952626E-01
     pFF=  0.0E+00  0.0E+00  0.0E+00
     xFF=  -1.0E+00  0.0E+00  0.0E+00
     yFF=  0.0E+00  1.0E+00  0.0E+00
     zFF=  0.0E+00  0.0E+00  -1.0E+00
    pMon=  -6.666666666666666E-01  1.154700548092894E+00  -6.385070402221649E-02
    xMon=  -8.650575474302451E-01  4.948970248173342E-01  -8.217283286415489E-02
    yMon=  4.994275861905705E-01  8.650339539835527E-01  -4.78366450270207E-02
    zMon=  4.740807722139404E-02  -8.242083039215181E-02  -9.954693771943156E-01
  IndRef=  1d0
    zElt=  0d0
 PropType= 1
  nECoord= 6
    TElt=  -8.650575474302451E-01  4.994275861905705E-01  4.740807722139404E-02  0.0E+00  0.0E+00  0.0E+00
            4.948970248173342E-01  8.650339539835527E-01  -8.242083039215181E-02  0.0E+00  0.0E+00  0.0E+00
            -8.217283286415489E-02  -4.78366450270207E-02  -9.954693771943156E-01  0.0E+00  0.0E+00  0.0E+00
            0.0E+00  0.0E+00  0.0E+00  -8.650575474302451E-01  4.994275861905705E-01  4.740807722139404E-02
            0.0E+00  0.0E+00  0.0E+00  4.948970248173342E-01  8.650339539835527E-01  -8.242083039215181E-02
            0.0E+00  0.0E+00  0.0E+00  -8.217283286415489E-02  -4.78366450270207E-02  -9.954693771943156E-01
           ApType=  Polygonal
             xObs=  -1.0000000000E+00  0.0000000000E+00  0.0000000000E+00
        PolyApVec=  15
  -6.6666624178E-01  3.9933462686E-01  -5.4545535241E-02
  -1.7273730978E+00  1.0117489161E+00  -5.4732727600E-02
  -1.6338260278E+00  1.1567481012E+00  -5.4777048479E-02
  -1.5281394517E+00  1.2931525214E+00  -5.4818742257E-02
  -1.4110986324E+00  1.4199486769E+00  -5.4857499144E-02
  -1.2835731959E+00  1.5361944584E+00  -5.4893031173E-02
  -1.1465106701E+00  1.6410261471E+00  -5.4925074336E-02
  -1.0009294447E+00  1.7336648320E+00  -5.4953390550E-02
  -8.4791120403E-01  1.8134221976E+00  -5.4977769422E-02
  -6.8859289035E-01  1.8797056379E+00  -5.4998029814E-02
  -5.2415825618E-01  1.9320226597E+00  -5.5014021189E-02
  -3.5582906884E-01  1.9699845418E+00  -5.5025624730E-02
  -1.8485603260E-01  1.9933092233E+00  -5.5032754221E-02
  -1.2509495813E-02  2.0018233993E+00  -5.5035356689E-02
  -1.2499173257E-02  7.7701721429E-01  -5.4660978815E-02

    iElt=   3
 EltName=  Seg3
 Element=  Segment
 Surface=  FreeForm
    fElt=  7.018551692587094E+00
    eElt=  9.94713526835832E-01
   KrElt=  -1.4E+01
   KcElt=  -9.894550004701795E-01
  psiElt=  0.0E+00  0.0E+00  -1.0E+00
  VptElt=  0.0E+00  0.0E+00  0.0E+00
  RptElt=  6.666666666666666E-01  1.154700548092894E+00  -6.385070402221649E-02
 FFZernType=  BornWolf
nFFZernCoef=   15
FFZernModes=    3    4    5    9   10   11
  12   13   19   20   21   22
  23   24   25
 FFZernCoef=  6.859468934407656E-04  7.304713221709177E-07  -9.144572782756148E-07  6.818881123548303E-06  -6.290514187044243E-07  1.099731083972651E-07
              -3.593007431142698E-08  -3.32196588853113E-07  -2.818312488257872E-09  -2.632857253303559E-09  -1.96337395011097E-09  5.673745022174966E-09
              2.456996532888483E-09  9.409293417436266E-11  -3.971296865060836E-09
     lFF=  2.19948368680758E+00
MonZernType=  ANSI
nMonZernCoef=    1
MonZernModes=    1
 MonZernCoef=  0d0
    lMon=  7.698003653952626E-01
     pFF=  0.0E+00  0.0E+00  0.0E+00
     xFF=  -1.0E+00  0.0E+00  0.0E+00
     yFF=  0.0E+00  1.0E+00  0.0E+00
     zFF=  0.0E+00  0.0E+00  -1.0E+00
    pMon=  6.666666666666666E-01  1.154700548092894E+00  -6.385070402221649E-02
    xMon=  -3.920753002114354E-03  9.965976152477329E-01  -8.232752260591998E-02
    yMon=  9.988679101413093E-01  0.0E+00  -4.756992842051845E-02
    zMon=  -4.740807722139404E-02  -8.242083039215181E-02  -9.954693771943156E-01
  IndRef=  1d0
    zElt=  0d0
 PropType= 1
  nECoord= 6
    TElt=  -3.920753002114354E-03  9.988679101413093E-01  -4.740807722139404E-02  0.0E+00  0.0E+00  0.0E+00
            9.965976152477329E-01  0.0E+00  -8.242083039215181E-02  0.0E+00  0.0E+00  0.0E+00
            -8.232752260591998E-02  -4.756992842051845E-02  -9.954693771943156E-01  0.0E+00  0.0E+00  0.0E+00
            0.0E+00  0.0E+00  0.0E+00  -3.920753002114354E-03  9.988679101413093E-01  -4.740807722139404E-02
            0.0E+00  0.0E+00  0.0E+00  9.965976152477329E-01  0.0E+00  -8.242083039215181E-02
            0.0E+00  0.0E+00  0.0E+00  -8.232752260591998E-02  -4.756992842051845E-02  -9.954693771943156E-01
           ApType=  Polygonal
             xObs=  -1.0000000000E+00  0.0000000000E+00  0.0000000000E+00
        PolyApVec=  15
  1.2499173257E-02  7.7701721429E-01  -5.4660978815E-02
  1.2509495813E-02  2.0018233993E+00  -5.5035356689E-02
  1.8485603260E-01  1.9933092233E+00  -5.5032754221E-02
  3.5582906884E-01  1.9699845418E+00  -5.5025624730E-02
  5.2415825618E-01  1.9320226597E+00  -5.5014021189E-02
  6.8859289035E-01  1.8797056379E+00  -5.4998029814E-02
  8.4791120403E-01  1.8134221976E+00  -5.4977769422E-02
  1.0009294447E+00  1.7336648320E+00  -5.4953390550E-02
  1.1465106701E+00  1.6410261471E+00  -5.4925074336E-02
  1.2835731959E+00  1.5361944584E+00  -5.4893031173E-02
  1.4110986324E+00  1.4199486769E+00  -5.4857499144E-02
  1.5281394517E+00  1.2931525214E+00  -5.4818742257E-02
  1.6338260278E+00  1.1567481012E+00  -5.4777048479E-02
  1.7273730978E+00  1.0117489161E+00  -5.4732727600E-02
  6.6666624178E-01  3.9933462686E-01  -5.4545535241E-02

    iElt=   4
 EltName=  Seg4
 Element=  Segment
 Surface=  FreeForm
    fElt=  7.018551692587094E+00
    eElt=  9.94713526835832E-01
   KrElt=  -1.4E+01
   KcElt=  -9.894550004701795E-01
  psiElt=  0.0E+00  0.0E+00  -1.0E+00
  VptElt=  0.0E+00  0.0E+00  0.0E+00
  RptElt=  1.333333333333333E+00  0.0E+00  -6.349425669160746E-02
 FFZernType=  BornWolf
nFFZernCoef=   15
FFZernModes=    3    4    5    9   10   11
  12   13   19   20   21   22
  23   24   25
 FFZernCoef=  6.859468934407656E-04  7.304713221709177E-07  -9.144572782756148E-07  6.818881123548303E-06  -6.290514187044243E-07  1.099731083972651E-07
              -3.593007431142698E-08  -3.32196588853113E-07  -2.818312488257872E-09  -2.632857253303559E-09  -1.96337395011097E-09  5.673745022174966E-09
              2.456996532888483E-09  9.409293417436266E-11  -3.971296865060836E-09
     lFF=  2.19948368680758E+00
MonZernType=  ANSI
nMonZernCoef=    1
MonZernModes=    1
 MonZernCoef=  0d0
    lMon=  7.698003653952626E-01
     pFF=  0.0E+00  0.0E+00  0.0E+00
     xFF=  -1.0E+00  0.0E+00  0.0E+00
     yFF=  0.0E+00  1.0E+00  0.0E+00
     zFF=  0.0E+00  0.0E+00  -1.0E+00
    pMon=  1.333333333333333E+00  0.0E+00  -6.349425669160746E-02
    xMon=  8.611444567102512E-01  5.016751226816555E-01  -8.217235520266099E-02
    yMon=  4.994403457202503E-01  -8.650560541372387E-01  -4.730078506058352E-02
    zMon=  -9.481332049898435E-02  -3.073806380996443E-04  -9.95495022475301E-01
  IndRef=  1d0
    zElt=  0d0
 PropType= 1
  nECoord= 6
    TElt=  8.611444567102512E-01  4.994403457202503E-01  -9.481332049898435E-02  0.0E+00  0.0E+00  0.0E+00
            5.016751226816555E-01  -8.650560541372387E-01  -3.073806380996443E-04  0.0E+00  0.0E+00  0.0E+00
            -8.217235520266099E-02  -4.730078506058352E-02  -9.95495022475301E-01  0.0E+00  0.0E+00  0.0E+00
            0.0E+00  0.0E+00  0.0E+00  8.611444567102512E-01  4.994403457202503E-01  -9.481332049898435E-02
            0.0E+00  0.0E+00  0.0E+00  5.016751226816555E-01  -8.650560541372387E-01  -3.073806380996443E-04
            0.0E+00  0.0E+00  0.0E+00  -8.217235520266099E-02  -4.730078506058352E-02  -9.95495022475301E-01
           ApType=  Polygonal
             xObs=  -1.0000000000E+00  0.0000000000E+00  0.0000000000E+00
        PolyApVec=  15
  6.7916588129E-01  3.7768469574E-01  -5.4538917659E-02
  1.7398816111E+00  9.9007869596E-01  -5.4726103817E-02
  1.8186814433E+00  8.3656540620E-01  -5.4679180491E-02
  1.8839682739E+00  6.7683634415E-01  -5.4630357235E-02
  1.9352570145E+00  5.1207831418E-01  -5.4579996809E-02
  1.9721665843E+00  3.4351548643E-01  -5.4528473397E-02
  1.9944227410E+00  1.7240030113E-01  -5.4476169825E-02
  2.0018601191E+00  4.1627712158E-06  -5.4423474712E-02
  1.9944234580E+00  -1.7239200652E-01  -5.4370779590E-02
  1.9721680129E+00  -3.4350728438E-01  -5.4318475989E-02
  1.9352591442E+00  -5.1207026562E-01  -5.4266952531E-02
  1.8839710887E+00  -6.7682850890E-01  -5.4216592040E-02
  1.8186849225E+00  -8.3655784247E-01  -5.4167768700E-02
  1.7398857287E+00  -9.9007145995E-01  -5.4120845275E-02
  6.7916745204E-01  -3.7768187116E-01  -5.4308030084E-02

    iElt=   5
 EltName=  Seg5
 Element=  Segment
 Surface=  FreeForm
    fElt=  7.018551692587094E+00
    eElt=  9.94713526835832E-01
   KrElt=  -1.4E+01
   KcElt=  -9.894550004701795E-01
  psiElt=  0.0E+00  0.0E+00  -1.0E+00
  VptElt=  0.0E+00  0.0E+00  0.0E+00
  RptElt=  6.666666666666666E-01  -1.154700548092894E+00  -6.313690320958187E-02
 FFZernType=  BornWolf
nFFZernCoef=   15
FFZernModes=    3    4    5    9   10   11
  12   13   19   20   21   22
  23   24   25
 FFZernCoef=  6.859468934407656E-04  7.304713221709177E-07  -9.144572782756148E-07  6.818881123548303E-06  -6.290514187044243E-07  1.099731083972651E-07
              -3.593007431142698E-08  -3.32196588853113E-07  -2.818312488257872E-09  -2.632857253303559E-09  -1.96337395011097E-09  5.673745022174966E-09
              2.456996532888483E-09  9.409293417436266E-11  -3.971296865060836E-09
     lFF=  2.19948368680758E+00
MonZernType=  ANSI
nMonZernCoef=    1
MonZernModes=    1
 MonZernCoef=  0d0
    lMon=  7.698003653952626E-01
     pFF=  0.0E+00  0.0E+00  0.0E+00
     xFF=  -1.0E+00  0.0E+00  0.0E+00
     yFF=  0.0E+00  1.0E+00  0.0E+00
     zFF=  0.0E+00  0.0E+00  -1.0E+00
    pMon=  6.666666666666666E-01  -1.154700548092894E+00  -6.313690320958187E-02
    xMon=  8.650502840248886E-01  -4.949612392075425E-01  -8.186194348165445E-02
    yMon=  -4.994404432032857E-01  -8.650562229828089E-01  -4.72966676587504E-02
    zMon=  -4.740516639950977E-02  8.17991611255926E-02  -9.955207920670386E-01
  IndRef=  1d0
    zElt=  0d0
 PropType= 1
  nECoord= 6
    TElt=  8.650502840248886E-01  -4.994404432032857E-01  -4.740516639950977E-02  0.0E+00  0.0E+00  0.0E+00
            -4.949612392075425E-01  -8.650562229828089E-01  8.17991611255926E-02  0.0E+00  0.0E+00  0.0E+00
            -8.186194348165445E-02  -4.72966676587504E-02  -9.955207920670386E-01  0.0E+00  0.0E+00  0.0E+00
            0.0E+00  0.0E+00  0.0E+00  8.650502840248886E-01  -4.994404432032857E-01  -4.740516639950977E-02
            0.0E+00  0.0E+00  0.0E+00  -4.949612392075425E-01  -8.650562229828089E-01  8.17991611255926E-02
            0.0E+00  0.0E+00  0.0E+00  -8.186194348165445E-02  -4.72966676587504E-02  -9.955207920670386E-01
           ApType=  Polygonal
             xObs=  -1.0000000000E+00  0.0000000000E+00  0.0000000000E+00
        PolyApVec=  15
  6.6666707213E-01  -3.9933324063E-01  -5.4301412063E-02
  1.7273710388E+00  -1.0117429210E+00  -5.4114221112E-02
  1.6338244957E+00  -1.1567419469E+00  -5.4069900282E-02
  1.5281384585E+00  -1.2931462542E+00  -5.4028206539E-02
  1.4110981862E+00  -1.4199423439E+00  -5.3989449672E-02
  1.2835733005E+00  -1.5361881073E+00  -5.3953917648E-02
  1.1465113254E+00  -1.6410198257E+00  -5.3921874476E-02
  1.0009306463E+00  -1.7336585881E+00  -5.3893558238E-02
  8.4791294339E-01  -1.8134160782E+00  -5.3869179328E-02
  6.8859515494E-01  -1.8796996893E+00  -5.3848918884E-02
  5.2416102947E-01  -1.9320169269E+00  -5.3832927443E-02
  3.5583233045E-01  -1.9699790683E+00  -5.3821323823E-02
  1.8485975844E-01  -1.9933040505E+00  -5.3814194240E-02
  1.2513658295E-02  -2.0018185665E+00  -5.3811591668E-02
  1.2500788946E-02  -7.7701718829E-01  -5.4185968072E-02

    iElt=   6
 EltName=  Seg6
 Element=  Segment
 Surface=  FreeForm
    fElt=  7.018551692587094E+00
    eElt=  9.94713526835832E-01
   KrElt=  -1.4E+01
   KcElt=  -9.894550004701795E-01
  psiElt=  0.0E+00  0.0E+00  -1.0E+00
  VptElt=  0.0E+00  0.0E+00  0.0E+00
  RptElt=  -6.666666666666666E-01  -1.154700548092894E+00  -6.313690320958187E-02
 FFZernType=  BornWolf
nFFZernCoef=   15
FFZernModes=    3    4    5    9   10   11
  12   13   19   20   21   22
  23   24   25
 FFZernCoef=  6.859468934407656E-04  7.304713221709177E-07  -9.144572782756148E-07  6.818881123548303E-06  -6.290514187044243E-07  1.099731083972651E-07
              -3.593007431142698E-08  -3.32196588853113E-07  -2.818312488257872E-09  -2.632857253303559E-09  -1.96337395011097E-09  5.673745022174966E-09
              2.456996532888483E-09  9.409293417436266E-11  -3.971296865060836E-09
     lFF=  2.19948368680758E+00
MonZernType=  ANSI
nMonZernCoef=    1
MonZernModes=    1
 MonZernCoef=  0d0
    lMon=  7.698003653952626E-01
     pFF=  0.0E+00  0.0E+00  0.0E+00
     xFF=  -1.0E+00  0.0E+00  0.0E+00
     yFF=  0.0E+00  1.0E+00  0.0E+00
     zFF=  0.0E+00  0.0E+00  -1.0E+00
    pMon=  -6.666666666666666E-01  -1.154700548092894E+00  -6.313690320958187E-02
    xMon=  3.890741366779328E-03  -9.966488334609886E-01  -8.170657802446199E-02
    yMon=  -9.988681656406172E-01  0.0E+00  -4.756456317205466E-02
    zMon=  4.740516639950977E-02  8.17991611255926E-02  -9.955207920670386E-01
  IndRef=  1d0
    zElt=  0d0
 PropType= 1
  nECoord= 6
    TElt=  3.890741366779328E-03  -9.988681656406172E-01  4.740516639950977E-02  0.0E+00  0.0E+00  0.0E+00
            -9.966488334609886E-01  0.0E+00  8.17991611255926E-02  0.0E+00  0.0E+00  0.0E+00
            -8.170657802446199E-02  -4.756456317205466E-02  -9.955207920670386E-01  0.0E+00  0.0E+00  0.0E+00
            0.0E+00  0.0E+00  0.0E+00  3.890741366779328E-03  -9.988681656406172E-01  4.740516639950977E-02
            0.0E+00  0.0E+00  0.0E+00  -9.966488334609886E-01  0.0E+00  8.17991611255926E-02
            0.0E+00  0.0E+00  0.0E+00  -8.170657802446199E-02  -4.756456317205466E-02  -9.955207920670386E-01
           ApType=  Polygonal
             xObs=  -1.0000000000E+00  0.0000000000E+00  0.0000000000E+00
        PolyApVec=  15
  -1.2500788946E-02  -7.7701718829E-01  -5.4185968072E-02
  -1.2513658295E-02  -2.0018185665E+00  -5.3811591668E-02
  -1.8485975844E-01  -1.9933040505E+00  -5.3814194240E-02
  -3.5583233045E-01  -1.9699790683E+00  -5.3821323823E-02
  -5.2416102947E-01  -1.9320169269E+00  -5.3832927443E-02
  -6.8859515494E-01  -1.8796996893E+00  -5.3848918884E-02
  -8.4791294339E-01  -1.8134160782E+00  -5.3869179328E-02
  -1.0009306463E+00  -1.7336585881E+00  -5.3893558238E-02
  -1.1465113254E+00  -1.6410198257E+00  -5.3921874476E-02
  -1.2835733005E+00  -1.5361881073E+00  -5.3953917648E-02
  -1.4110981862E+00  -1.4199423439E+00  -5.3989449672E-02
  -1.5281384585E+00  -1.2931462542E+00  -5.4028206539E-02
  -1.6338244957E+00  -1.1567419469E+00  -5.4069900282E-02
  -1.7273710388E+00  -1.0117429210E+00  -5.4114221112E-02
  -6.6666707213E-01  -3.9933324063E-01  -5.4301412063E-02

    iElt=   7
 EltName=  Seg7
 Element=  Segment
 Surface=  FreeForm
    fElt=  7.018551692587094E+00
    eElt=  9.94713526835832E-01
   KrElt=  -1.4E+01
   KcElt=  -9.894550004701795E-01
  psiElt=  0.0E+00  0.0E+00  -1.0E+00
  VptElt=  0.0E+00  0.0E+00  0.0E+00
  RptElt=  -1.333333333333333E+00  0.0E+00  -6.349425669160746E-02
 FFZernType=  BornWolf
nFFZernCoef=   15
FFZernModes=    3    4    5    9   10   11
  12   13   19   20   21   22
  23   24   25
 FFZernCoef=  6.859468934407656E-04  7.304713221709177E-07  -9.144572782756148E-07  6.818881123548303E-06  -6.290514187044243E-07  1.099731083972651E-07
              -3.593007431142698E-08  -3.32196588853113E-07  -2.818312488257872E-09  -2.632857253303559E-09  -1.96337395011097E-09  5.673745022174966E-09
              2.456996532888483E-09  9.409293417436266E-11  -3.971296865060836E-09
     lFF=  2.19948368680758E+00
MonZernType=  ANSI
nMonZernCoef=    1
MonZernModes=    1
 MonZernCoef=  0d0
    lMon=  7.698003653952626E-01
     pFF=  0.0E+00  0.0E+00  0.0E+00
     xFF=  -1.0E+00  0.0E+00  0.0E+00
     yFF=  0.0E+00  1.0E+00  0.0E+00
     zFF=  0.0E+00  0.0E+00  -1.0E+00
    pMon=  -1.333333333333333E+00  0.0E+00  -6.349425669160746E-02
    xMon=  -8.611518169651351E-01  -5.017130238855013E-01  -8.18632383998637E-02
    yMon=  -4.994276548145921E-01  8.650340728438446E-01  -4.783377912717004E-02
    zMon=  9.481332049898435E-02  -3.073806380996443E-04  -9.95495022475301E-01
  IndRef=  1d0
    zElt=  0d0
 PropType= 1
  nECoord= 6
    TElt=  -8.611518169651351E-01  -4.994276548145921E-01  9.481332049898435E-02  0.0E+00  0.0E+00  0.0E+00
            -5.017130238855013E-01  8.650340728438446E-01  -3.073806380996443E-04  0.0E+00  0.0E+00  0.0E+00
            -8.18632383998637E-02  -4.783377912717004E-02  -9.95495022475301E-01  0.0E+00  0.0E+00  0.0E+00
            0.0E+00  0.0E+00  0.0E+00  -8.611518169651351E-01  -4.994276548145921E-01  9.481332049898435E-02
            0.0E+00  0.0E+00  0.0E+00  -5.017130238855013E-01  8.650340728438446E-01  -3.073806380996443E-04
            0.0E+00  0.0E+00  0.0E+00  -8.18632383998637E-02  -4.783377912717004E-02  -9.95495022475301E-01
           ApType=  Polygonal
             xObs=  -1.0000000000E+00  0.0000000000E+00  0.0000000000E+00
        PolyApVec=  15
  -6.7916745204E-01  -3.7768187116E-01  -5.4308030084E-02
  -1.7398857287E+00  -9.9007145995E-01  -5.4120845275E-02
  -1.8186849225E+00  -8.3655784247E-01  -5.4167768700E-02
  -1.8839710887E+00  -6.7682850890E-01  -5.4216592040E-02
  -1.9352591442E+00  -5.1207026562E-01  -5.4266952531E-02
  -1.9721680129E+00  -3.4350728438E-01  -5.4318475989E-02
  -1.9944234580E+00  -1.7239200652E-01  -5.4370779590E-02
  -2.0018601191E+00  4.1627712157E-06  -5.4423474712E-02
  -1.9944227410E+00  1.7240030113E-01  -5.4476169825E-02
  -1.9721665843E+00  3.4351548643E-01  -5.4528473397E-02
  -1.9352570145E+00  5.1207831418E-01  -5.4579996809E-02
  -1.8839682739E+00  6.7683634415E-01  -5.4630357235E-02
  -1.8186814433E+00  8.3656540620E-01  -5.4679180491E-02
  -1.7398816111E+00  9.9007869596E-01  -5.4726103817E-02
  -6.7916588129E-01  3.7768469574E-01  -5.4538917659E-02


             iElt=  8
          EltName=  M2
          Element=  Reflector
          Surface=  Zernike
            KrElt=-1.6507936507936507E+00
            KcElt=-1.5079142383719306E+00
         ZernType=  BornWolf
        nZernCoef=  15
        ZernModes=  3 4 5 9 10 11 12 13 19 20 21 22 23 24 25
         ZernCoef=  -9.2367062136810055E-04 -1.6007597060303400E-06 -1.3731496375718144E-06 -5.5617979809185036E-06 2.2596811989967222E-06 1.8685739455264960E-07
                   -8.1636838817791106E-08 -3.2074555884028156E-07 5.7685232478439894E-10 1.4783299620037604E-08 -2.9385826523208308E-08 1.4865280532305432E-08
                   -9.0657644400552295E-09 2.0475717199359092E-09 -6.1922551459064548E-09
             lMon=2.3203438551706476E-01
             pMon=  0.0000000000000000E+00  0.0000000000000000E+00  -6.2777777777777777E+00
             xMon=  -1.0000000000000000E+00  0.0000000000000000E+00  0.0000000000000000E+00
             yMon=  0.0000000000000000E+00  1.0000000000000000E+00  0.0000000000000000E+00
             zMon=  -0.0000000000000000E+00  0.0000000000000000E+00  -1.0000000000000000E+00
           psiElt=  -0.0000000000000000E+00  0.0000000000000000E+00  -1.0000000000000000E+00
           VptElt=  0.0000000000000000E+00  0.0000000000000000E+00  -6.2777777777777777E+00
           RptElt=  0.0000000000000000E+00  0.0000000000000000E+00  -6.2777777777777777E+00
           IndRef=1.0E+00
           Extinc=0.0E+00
             nObs=  0
           ApType=  None
         PropType=  Geometric
             zElt=6.5777777777777775E+00
          nECoord=  6
             TElt=  -1.0000000000000000E+00  0.0000000000000000E+00  0.0000000000000000E+00  0.0000000000000000E+00  0.0000000000000000E+00  0.0000000000000000E+00
                    0.0000000000000000E+00  1.0000000000000000E+00  0.0000000000000000E+00  0.0000000000000000E+00  0.0000000000000000E+00  0.0000000000000000E+00
                    -0.0000000000000000E+00  0.0000000000000000E+00  -1.0000000000000000E+00  0.0000000000000000E+00  0.0000000000000000E+00  0.0000000000000000E+00
                    0.0000000000000000E+00  0.0000000000000000E+00  0.0000000000000000E+00  -1.0000000000000000E+00  0.0000000000000000E+00  0.0000000000000000E+00
                    0.0000000000000000E+00  0.0000000000000000E+00  0.0000000000000000E+00  0.0000000000000000E+00  1.0000000000000000E+00  0.0000000000000000E+00
                    0.0000000000000000E+00  0.0000000000000000E+00  0.0000000000000000E+00  -0.0000000000000000E+00  0.0000000000000000E+00  -1.0000000000000000E+00
             iElt=  9
          EltName=  FM
          Element=  Reflector
          Surface=  Flat
            KrElt=-1.0000000000000000E+22
            KcElt=0.0000000000000000E+00
           psiElt=  7.0710678118654746E-01  -0.0000000000000000E+00  -7.0710678118654746E-01
           VptElt=  0.0000000000000000E+00  0.0000000000000000E+00  2.9999999999999982E-01
           RptElt=  0.0000000000000000E+00  0.0000000000000000E+00  2.9999999999999982E-01
           IndRef=1.0E+00
           Extinc=0.0E+00
             nObs=  0
           ApType=  None
         PropType=  Geometric
             zElt=2.0999999999999996E+00
          nECoord=  6
             TElt=  -7.0710678118654757E-01  0.0000000000000000E+00  -7.0710678118654757E-01  0.0000000000000000E+00  0.0000000000000000E+00  0.0000000000000000E+00
                    0.0000000000000000E+00  1.0000000000000000E+00  0.0000000000000000E+00  0.0000000000000000E+00  0.0000000000000000E+00  0.0000000000000000E+00
                    7.0710678118654757E-01  -0.0000000000000000E+00  -7.0710678118654757E-01  0.0000000000000000E+00  0.0000000000000000E+00  0.0000000000000000E+00
                    0.0000000000000000E+00  0.0000000000000000E+00  0.0000000000000000E+00  -7.0710678118654757E-01  0.0000000000000000E+00  -7.0710678118654757E-01
                    0.0000000000000000E+00  0.0000000000000000E+00  0.0000000000000000E+00  0.0000000000000000E+00  1.0000000000000000E+00  0.0000000000000000E+00
                    0.0000000000000000E+00  0.0000000000000000E+00  0.0000000000000000E+00  7.0710678118654757E-01  -0.0000000000000000E+00  -7.0710678118654757E-01
             iElt=  10
          EltName=  M3
          Element=  Reflector
          Surface=  Zernike
            KrElt=-3.2624999999999411E+00
            KcElt=-9.8712086113179864E-01
         ZernType=  BornWolf
        nZernCoef=  15
        ZernModes=  3 4 5 9 10 11 12 13 19 20 21 22 23 24 25
         ZernCoef=  6.5032692809730496E-04 -7.4254364348181016E-06 -6.6826984087820576E-07 3.3446083701765609E-07 -5.2072424989881703E-06 -1.8972407862756219E-07
                   6.1735868767721840E-08 9.7807638123637861E-08 -6.0038630302762289E-10 -3.6462060576330283E-09 -2.6879541401085888E-09 -2.2547602983907522E-09
                   8.7736717995297504E-09 5.2888151733955455E-09 4.0860661052521698E-09
             lMon=1.7131343931317472E-01
             pMon=  2.0999999999999992E+00  0.0000000000000000E+00  3.0000000000000027E-01
             xMon=  -2.2204460492503136E-16  0.0000000000000000E+00  1.0000000000000000E+00
             yMon=  0.0000000000000000E+00  1.0000000000000000E+00  0.0000000000000000E+00
             zMon=  -1.0000000000000000E+00  0.0000000000000000E+00  -2.2204460492503136E-16
           psiElt=  -9.9999999999999978E-01  0.0000000000000000E+00  -2.2204460492503131E-16
           VptElt=  2.0999999999999992E+00  0.0000000000000000E+00  3.0000000000000027E-01
           RptElt=  2.0999999999999992E+00  0.0000000000000000E+00  3.0000000000000027E-01
           IndRef=1.0E+00
           Extinc=0.0E+00
             nObs=  0
           ApType=  None
         PropType=  Geometric
             zElt=4.1792134101280443E+00
          nECoord=  6
             TElt=  -2.2204460492503136E-16  0.0000000000000000E+00  1.0000000000000000E+00  0.0000000000000000E+00  0.0000000000000000E+00  0.0000000000000000E+00
                    0.0000000000000000E+00  1.0000000000000000E+00  0.0000000000000000E+00  0.0000000000000000E+00  0.0000000000000000E+00  0.0000000000000000E+00
                    -1.0000000000000000E+00  0.0000000000000000E+00  -2.2204460492503136E-16  0.0000000000000000E+00  0.0000000000000000E+00  0.0000000000000000E+00
                    0.0000000000000000E+00  0.0000000000000000E+00  0.0000000000000000E+00  -2.2204460492503136E-16  0.0000000000000000E+00  1.0000000000000000E+00
                    0.0000000000000000E+00  0.0000000000000000E+00  0.0000000000000000E+00  0.0000000000000000E+00  1.0000000000000000E+00  0.0000000000000000E+00
                    0.0000000000000000E+00  0.0000000000000000E+00  0.0000000000000000E+00  -1.0000000000000000E+00  0.0000000000000000E+00  -2.2204460492503136E-16
             iElt=  11
          EltName=  M4
          Element=  Reflector
          Surface=  Zernike
            KrElt=-1.0000000000000000E+06
            KcElt=0.0000000000000000E+00
         ZernType=  BornWolf
        nZernCoef=  15
        ZernModes=  3 4 5 9 10 11 12 13 19 20 21 22 23 24 25
         ZernCoef=  3.7923458190459349E-09 -1.6041293863035102E-08 -2.6391856087299851E-08 -6.2762789313266440E-09 6.0261795447587973E-09 1.9019482660870936E-08
                   1.5967138179785477E-08 -1.8168591006395086E-09 4.9485317911203524E-09 -1.0310942972938408E-08 -9.7177537819480717E-10 1.9086619654527286E-09
                   -9.6866217382303150E-10 1.1953475083939911E-09 3.4554773292497489E-10
             lMon=7.8783723775472839E-02
             pMon=  -2.0792134101280442E+00  0.0000000000000000E+00  2.9999999999999938E-01
             xMon=  2.2204460492503136E-16  0.0000000000000000E+00  -1.0000000000000000E+00
             yMon=  8.7155742747658180E-02  9.9619469809174555E-01  1.9352462465351429E-17
             zMon=  9.9619469809174555E-01  -8.7155742747658180E-02  2.2119965816619253E-16
           psiElt=  9.9619469809174532E-01  -8.7155742747658166E-02  2.2119965816619248E-16
           VptElt=  -2.0792134101280442E+00  0.0000000000000000E+00  2.9999999999999938E-01
           RptElt=  -2.0792134101280442E+00  0.0000000000000000E+00  2.9999999999999938E-01
           IndRef=1.0E+00
           Extinc=0.0E+00
             nObs=  0
           ApType=  None
         PropType=  Geometric
             zElt=1.5338074031828581E+00
          nECoord=  6
             TElt=  2.2204460492503136E-16  0.0000000000000000E+00  -1.0000000000000000E+00  0.0000000000000000E+00  0.0000000000000000E+00  0.0000000000000000E+00
                    8.7155742747658180E-02  9.9619469809174555E-01  1.9352462465351429E-17  0.0000000000000000E+00  0.0000000000000000E+00  0.0000000000000000E+00
                    9.9619469809174555E-01  -8.7155742747658180E-02  2.2119965816619253E-16  0.0000000000000000E+00  0.0000000000000000E+00  0.0000000000000000E+00
                    0.0000000000000000E+00  0.0000000000000000E+00  0.0000000000000000E+00  2.2204460492503136E-16  0.0000000000000000E+00  -1.0000000000000000E+00
                    0.0000000000000000E+00  0.0000000000000000E+00  0.0000000000000000E+00  8.7155742747658180E-02  9.9619469809174555E-01  1.9352462465351429E-17
                    0.0000000000000000E+00  0.0000000000000000E+00  0.0000000000000000E+00  9.9619469809174555E-01  -8.7155742747658180E-02  2.2119965816619253E-16
             iElt=  12
          EltName=  M5
          Element=  Reflector
          Surface=  Zernike
            KrElt=-2.0000000000000000E+00
            KcElt=0.0000000000000000E+00
         ZernType=  BornWolf
        nZernCoef=  15
        ZernModes=  3 4 5 9 10 11 12 13 19 20 21 22 23 24 25
         ZernCoef=  -5.4803132188636363E-04 -1.7960514481177030E-06 -6.0784226416495758E-07 2.1242389747639259E-06 -1.1395061255915688E-05 -1.0514108096830436E-08
                   -3.1183181587447045E-08 1.8317543014476992E-09 3.3028688482878916E-08 -5.1456094639823758E-08 4.5079173225526183E-08 7.1742521317300167E-09
                   -1.2843720982574441E-08 -3.3267455561766521E-09 -6.2699525051236823E-09
             lMon=1.7075887892559749E-01
             pMon=  -5.6870798784604404E-01  -2.6634286045474997E-01  2.9999999999999971E-01
             xMon=  -2.2204460492503136E-16  0.0000000000000000E+00  1.0000000000000000E+00
             yMon=  2.9538693258783671E-01  9.5537770544238088E-01  6.5589074746483071E-17
             zMon=  -9.5537770544238099E-01  2.9538693258783671E-01  -2.1213646515913647E-16
           psiElt=  -9.5537770544238065E-01  2.9538693258783660E-01  -2.1213646515913639E-16
           VptElt=  -5.6870798784604404E-01  -2.6634286045474997E-01  2.9999999999999971E-01
           RptElt=  -5.6870798784604404E-01  -2.6634286045474997E-01  2.9999999999999971E-01
           IndRef=1.0E+00
           Extinc=0.0E+00
             nObs=  0
           ApType=  None
         PropType=  Geometric
             zElt=1.0160675790064644E+00
          nECoord=  6
             TElt=  -2.2204460492503136E-16  0.0000000000000000E+00  1.0000000000000000E+00  0.0000000000000000E+00  0.0000000000000000E+00  0.0000000000000000E+00
                    2.9538693258783671E-01  9.5537770544238088E-01  6.5589074746483071E-17  0.0000000000000000E+00  0.0000000000000000E+00  0.0000000000000000E+00
                    -9.5537770544238099E-01  2.9538693258783671E-01  -2.1213646515913647E-16  0.0000000000000000E+00  0.0000000000000000E+00  0.0000000000000000E+00
                    0.0000000000000000E+00  0.0000000000000000E+00  0.0000000000000000E+00  -2.2204460492503136E-16  0.0000000000000000E+00  1.0000000000000000E+00
                    0.0000000000000000E+00  0.0000000000000000E+00  0.0000000000000000E+00  2.9538693258783671E-01  9.5537770544238088E-01  6.5589074746483071E-17
                    0.0000000000000000E+00  0.0000000000000000E+00  0.0000000000000000E+00  -9.5537770544238099E-01  2.9538693258783671E-01  -2.1213646515913647E-16
             iElt=  13
          EltName=  M6
          Element=  Reflector
          Surface=  Conic
            KrElt=-1.0000000000000000E+00
            KcElt=0.0000000000000000E+00
           psiElt=  -9.8515729908321747E-01  1.7165400101092787E-01  -2.1874886326394398E-16
           VptElt=  -1.4943060996475876E+00  1.5277700370999575E-01  2.9999999999999949E-01
           RptElt=  -1.4943060996475876E+00  1.5277700370999575E-01  2.9999999999999949E-01
           IndRef=1.0E+00
           Extinc=0.0E+00
             nObs=  0
           ApType=  None
         PropType=  Geometric
             zElt=1.0160675790064644E+00
          nECoord=  6
             TElt=  -2.2204460492503136E-16  0.0000000000000000E+00  1.0000000000000000E+00  0.0000000000000000E+00  0.0000000000000000E+00  0.0000000000000000E+00
                    1.7165400101092790E-01  9.8515729908321770E-01  3.8114844838272416E-17  0.0000000000000000E+00  0.0000000000000000E+00  0.0000000000000000E+00
                    -9.8515729908321770E-01  1.7165400101092790E-01  -2.1874886326394403E-16  0.0000000000000000E+00  0.0000000000000000E+00  0.0000000000000000E+00
                    0.0000000000000000E+00  0.0000000000000000E+00  0.0000000000000000E+00  -2.2204460492503136E-16  0.0000000000000000E+00  1.0000000000000000E+00
                    0.0000000000000000E+00  0.0000000000000000E+00  0.0000000000000000E+00  1.7165400101092790E-01  9.8515729908321770E-01  3.8114844838272416E-17
                    0.0000000000000000E+00  0.0000000000000000E+00  0.0000000000000000E+00  -9.8515729908321770E-01  1.7165400101092790E-01  -2.1874886326394403E-16
             iElt=  14
          EltName=  M7
          Element=  Reflector
          Surface=  Zernike
            KrElt=-2.0000000000000000E+00
            KcElt=0.0000000000000000E+00
         ZernType=  BornWolf
        nZernCoef=  15
        ZernModes=  3 4 5 9 10 11 12 13 19 20 21 22 23 24 25
         ZernCoef=  -7.7175931525370639E-04 -2.0782030814135849E-06 -2.7660838911884345E-07 1.4419733620026589E-08 1.9225849136160706E-06 -9.1925610482226895E-08
                   1.1438102666514273E-07 -1.7331492419846676E-08 3.5028423959592211E-08 -6.6747904354868853E-08 7.6609213938736466E-08 1.0862380923190859E-08
                   -1.4222952502324779E-08 2.8765263748894650E-09 -3.6804210514767895E-09
             lMon=6.3045640309389195E-02
             pMon=  -4.8150213395447705E-01  2.3414930971373199E-01  2.9999999999999971E-01
             xMon=  -2.2204460492503136E-16  0.0000000000000000E+00  1.0000000000000000E+00
             yMon=  4.5140847503596038E-02  9.9898063238816459E-01  1.0023281649917070E-17
             zMon=  -9.9898063238816448E-01  4.5140847503596038E-02  -2.2181825984638797E-16
           psiElt=  -9.9898063238816426E-01  4.5140847503596031E-02  -2.2181825984638792E-16
           VptElt=  -4.8150213395447705E-01  2.3414930971373199E-01  2.9999999999999971E-01
           RptElt=  -4.8150213395447705E-01  2.3414930971373199E-01  2.9999999999999971E-01
           IndRef=1.0E+00
           Extinc=0.0E+00
             nObs=  0
           ApType=  None
         PropType=  Geometric
             zElt=1.9839232179697790E+00
          nECoord=  6
             TElt=  -2.2204460492503136E-16  0.0000000000000000E+00  1.0000000000000000E+00  0.0000000000000000E+00  0.0000000000000000E+00  0.0000000000000000E+00
                    4.5140847503596038E-02  9.9898063238816459E-01  1.0023281649917070E-17  0.0000000000000000E+00  0.0000000000000000E+00  0.0000000000000000E+00
                    -9.9898063238816448E-01  4.5140847503596038E-02  -2.2181825984638797E-16  0.0000000000000000E+00  0.0000000000000000E+00  0.0000000000000000E+00
                    0.0000000000000000E+00  0.0000000000000000E+00  0.0000000000000000E+00  -2.2204460492503136E-16  0.0000000000000000E+00  1.0000000000000000E+00
                    0.0000000000000000E+00  0.0000000000000000E+00  0.0000000000000000E+00  4.5140847503596038E-02  9.9898063238816459E-01  1.0023281649917070E-17
                    0.0000000000000000E+00  0.0000000000000000E+00  0.0000000000000000E+00  -9.9898063238816448E-01  4.5140847503596038E-02  -2.2181825984638797E-16
             iElt=  15
          EltName=  FP_return
          Element=  Return
          Surface=  Flat
            KrElt=-1.0000000000000000E+22
            KcElt=0.0000000000000000E+00
           psiElt=  9.8429985789594909E-01  -1.7650436183282983E-01  1.4005166513640564E-16
           VptElt=  -2.4321971940721294E+00  5.8394737577513811E-01  2.9999999999999943E-01
           RptElt=  -2.4321971940721294E+00  5.8394737577513811E-01  2.9999999999999943E-01
           IndRef=1.0E+00
           Extinc=0.0E+00
             nObs=  0
           ApType=  Circular
            ApVec=  2.2000000000000002E+00  0.0000000000000000E+00  0.0000000000000000E+00
         PropType=  Geometric
             zElt=1.9659626580554159E+00
          nECoord=  6
             TElt=  1.4228556878569679E-16  3.0814879110195774E-33  -1.0000000000000000E+00  0.0000000000000000E+00  0.0000000000000000E+00  0.0000000000000000E+00
                    1.7650436183282983E-01  9.8429985789594909E-01  2.5114023516540627E-17  0.0000000000000000E+00  0.0000000000000000E+00  0.0000000000000000E+00
                    9.8429985789594909E-01  -1.7650436183282983E-01  1.4005166513640564E-16  0.0000000000000000E+00  0.0000000000000000E+00  0.0000000000000000E+00
                    0.0000000000000000E+00  0.0000000000000000E+00  0.0000000000000000E+00  1.4228556878569679E-16  3.0814879110195774E-33  -1.0000000000000000E+00
                    0.0000000000000000E+00  0.0000000000000000E+00  0.0000000000000000E+00  1.7650436183282983E-01  9.8429985789594909E-01  2.5114023516540627E-17
                    0.0000000000000000E+00  0.0000000000000000E+00  0.0000000000000000E+00  9.8429985789594909E-01  -1.7650436183282983E-01  1.4005166513640564E-16
             iElt=  16
          EltName=  ExitPupil
          Element=  Return
          Surface=  Conic
            KrElt=-1.9659626580554159E+00
            KcElt=0.0000000000000000E+00
           psiElt=  -9.8812806626166461E-01  1.5362732255372796E-01  1.2531683671199805E-03
           VptElt=  -4.8957431442518917E-01  2.8192179637747433E-01  2.9753631778598527E-01
           RptElt=  -4.8957431442518917E-01  2.8192179637747433E-01  2.9753631778598527E-01
           IndRef=1.0E+00
           Extinc=0.0E+00
             nObs=  0
           ApType=  Circular
            ApVec=  2.2000000000000002E+00  0.0000000000000000E+00  0.0000000000000000E+00
         PropType=  FarField
             zElt=1.9659626580554159E+00
          nECoord=  6
             TElt=  1.2682236261825405E-03  0.0000000000000000E+00  9.9999919580409380E-01  0.0000000000000000E+00  0.0000000000000000E+00  0.0000000000000000E+00
                    1.5362719900726407E-01  9.8812886091084950E-01  -1.9483380008980365E-04  0.0000000000000000E+00  0.0000000000000000E+00  0.0000000000000000E+00
                    -9.8812806626166461E-01  1.5362732255372796E-01  1.2531683671199805E-03  0.0000000000000000E+00  0.0000000000000000E+00  0.0000000000000000E+00
                    0.0000000000000000E+00  0.0000000000000000E+00  0.0000000000000000E+00  1.2682236261825405E-03  0.0000000000000000E+00  9.9999919580409380E-01
                    0.0000000000000000E+00  0.0000000000000000E+00  0.0000000000000000E+00  1.5362719900726407E-01  9.8812886091084950E-01  -1.9483380008980365E-04
                    0.0000000000000000E+00  0.0000000000000000E+00  0.0000000000000000E+00  -9.8812806626166461E-01  1.5362732255372796E-01  1.2531683671199805E-03
             iElt=  17
          EltName=  FP
          Element=  FocalPlane
          Surface=  Flat
            KrElt=-1.0000000000000000E+22
            KcElt=0.0000000000000000E+00
           psiElt=  -9.9046636256391840E-01  1.3775479893419512E-01  5.5029665201071616E-11
           VptElt=  -2.4321971940721294E+00  5.8394737577513811E-01  2.9999999999999943E-01
           RptElt=  -2.4321971940721294E+00  5.8394737577513811E-01  2.9999999999999943E-01
           IndRef=1.0E+00
           Extinc=0.0E+00
             nObs=  0
           ApType=  None
         PropType=  Geometric
             zElt=1.0000000000000000E+20
          nECoord=  6
             TElt=  5.5559347879944135E-11  0.0000000000000000E+00  1.0000000000000000E+00  0.0000000000000000E+00  0.0000000000000000E+00  0.0000000000000000E+00
                    1.3775479893419512E-01  9.9046636256391840E-01  -7.6535667961167035E-12  0.0000000000000000E+00  0.0000000000000000E+00  0.0000000000000000E+00
                    -9.9046636256391840E-01  1.3775479893419512E-01  5.5029665201071616E-11  0.0000000000000000E+00  0.0000000000000000E+00  0.0000000000000000E+00
                    0.0000000000000000E+00  0.0000000000000000E+00  0.0000000000000000E+00  5.5559347879944135E-11  0.0000000000000000E+00  1.0000000000000000E+00
                    0.0000000000000000E+00  0.0000000000000000E+00  0.0000000000000000E+00  1.3775479893419512E-01  9.9046636256391840E-01  -7.6535667961167035E-12
                    0.0000000000000000E+00  0.0000000000000000E+00  0.0000000000000000E+00  -9.9046636256391840E-01  1.3775479893419512E-01  5.5029665201071616E-11
% Output Coordinate System Definition
         nOutCord=  5
             Tout=  1.0000000000000000E+00  0.0000000000000000E+00  0.0000000000000000E+00  0.0000000000000000E+00  0.0000000000000000E+00  0.0000000000000000E+00  0.0E+00
                    0.0000000000000000E+00  1.0000000000000000E+00  0.0000000000000000E+00  0.0000000000000000E+00  0.0000000000000000E+00  0.0000000000000000E+00  0.0E+00
                    0.0000000000000000E+00  0.0000000000000000E+00  0.0000000000000000E+00  1.0000000000000000E+00  0.0000000000000000E+00  0.0000000000000000E+00  0.0E+00
                    0.0000000000000000E+00  0.0000000000000000E+00  0.0000000000000000E+00  0.0000000000000000E+00  1.0000000000000000E+00  0.0000000000000000E+00  0.0E+00
                    0.0000000000000000E+00  0.0000000000000000E+00  0.0000000000000000E+00  0.0000000000000000E+00  0.0000000000000000E+00  0.0000000000000000E+00  1.0E+00
