% MACOS prescription emitted by macos.design.Telescope (family=tma)
% Source Definition
        ChfRayDir=  0.0000000000000000E+00  3.7815466225269161E-04  9.9999992849952313E-01
        ChfRayPos=  0.0000000000000000E+00  -2.7521255975057001E-03  -7.2777772574131960E+00
          zSource=1.0E+22
        BaseUnits=  m
        WaveUnits=  m
           IndRef=1.0E+00
           Extinc=0.0E+00
          Wavelen=4.9999999999999998E-07
             Flux=1.0E+00
         Aperture=4.0000000000000000E+00
         Obscratn=0.0E+00
         ApStop=  0.0000000000000000E+00  0.0000000000000000E+00  0.0000000000000000E+00
         GridType=  Hex
         nGridpts=  128
            xGrid=  -1.0  0.0000000000000000E+00  0.0000000000000000E+00
            yGrid=  0.0000000000000000E+00  1.0000000000000000E+00  0.0000000000000000E+00

             nSeg=  19
            width=  8.0E-01
              gap=  2.5E-02
         SegXgrid=  -1.0  0.0E+00  0.0E+00
         SegCoord=    0    0    0
                      1    2    1
                     -1    1    2
                     -2   -1    1
                     -1   -2   -1
                      1   -1   -2
                      2    1   -1
                      2    4    2
                      0    3    3
                     -2    2    4
                     -3    0    3
                     -4   -2    2
                     -3   -3    0
                     -2   -4   -2
                      0   -3   -3
                      2   -2   -4
                      3    0   -3
                      4    2   -2
                      3    3    0
% Element Definitions
             nElt=  29
    iElt=   1
 EltName=  Seg1
 Element=  Segment
 Surface=  FreeForm
    fElt=  7.018551692587094E+00
    eElt=  9.94713526835832E-01
   KrElt=  -1.4E+01
   KcElt=  -9.894550004701795E-01
  psiElt=  0.0E+00  0.0E+00  -1.0E+00
  VptElt=  0.0E+00  0.0E+00  0.0E+00
  RptElt=  0.0E+00  0.0E+00  0.0E+00
 FFZernType=  ANSI
nFFZernCoef=    1
 FFZernCoef=  0d0
     lFF=  0.0E+00
MonZernType=  ANSI
nMonZernCoef=    1
MonZernModes=    1
 MonZernCoef=  0d0
    lMon=  4.618802192371576E-01
     pFF=  0.0E+00  0.0E+00  0.0E+00
     xFF=  0.0E+00  0.0E+00  0.0E+00
     yFF=  0.0E+00  0.0E+00  0.0E+00
     zFF=  0.0E+00  0.0E+00  0.0E+00
    pMon=  0.0E+00  0.0E+00  0.0E+00
    xMon=  -8.660254037844387E-01  5.000000000000001E-01  0.0E+00
    yMon=  5.000000000000001E-01  8.660254037844387E-01  0.0E+00
    zMon=  0.0E+00  0.0E+00  -1.0E+00
  IndRef=  1d0
    zElt=  0d0
 PropType= 1
  nECoord= 6
    TElt=  -8.660254037844387E-01  5.000000000000001E-01  0.0E+00  0.0E+00  0.0E+00  0.0E+00
            5.000000000000001E-01  8.660254037844387E-01  0.0E+00  0.0E+00  0.0E+00  0.0E+00
            0.0E+00  0.0E+00  -1.0E+00  0.0E+00  0.0E+00  0.0E+00
            0.0E+00  0.0E+00  0.0E+00  -8.660254037844387E-01  5.000000000000001E-01  0.0E+00
            0.0E+00  0.0E+00  0.0E+00  5.000000000000001E-01  8.660254037844387E-01  0.0E+00
            0.0E+00  0.0E+00  0.0E+00  0.0E+00  0.0E+00  -1.0E+00
         FFZernType=  BornWolf
        nFFZernCoef=  15
        FFZernModes=  3 4 5 9 10 11 12 13 19 20 21 22 23 24 25
         FFZernCoef=  6.8594689344076559E-04 7.3047132217091768E-07 -9.1445727827561480E-07 6.8188811235483025E-06 -6.2905141870442425E-07 1.0997310839726513E-07
                   -3.5930074311426978E-08 -3.3219658885311298E-07 -2.8183124882578717E-09 -2.6328572533035591E-09 -1.9633739501109700E-09 5.6737450221749659E-09
                   2.4569965328884834E-09 9.4092934174362664E-11 -3.9712968650608364E-09
             lFF=2.1994836868075804E+00
             pFF=  0.0000000000000000E+00  0.0000000000000000E+00  0.0000000000000000E+00
             xFF=  -1.0000000000000000E+00  0.0000000000000000E+00  0.0000000000000000E+00
             yFF=  0.0000000000000000E+00  1.0000000000000000E+00  0.0000000000000000E+00
             zFF=  -0.0000000000000000E+00  0.0000000000000000E+00  -1.0000000000000000E+00
           ApType=  Polygonal
             xObs=  -1.0000000000E+00  0.0000000000E+00  0.0000000000E+00
        PolyApVec=  6
  -2.7755575616E-17  4.6188021535E-01  -5.7745976973E-02
  4.0000000000E-01  2.3094010768E-01  -5.7745976973E-02
  4.0000000000E-01  -2.3094010768E-01  -5.7745976973E-02
  1.6653345369E-16  -4.6188021535E-01  -5.7745976973E-02
  -4.0000000000E-01  -2.3094010768E-01  -5.7745976973E-02
  -4.0000000000E-01  2.3094010768E-01  -5.7745976973E-02
             nObs=  1
          ObsType=  Circle
           ObsVec=  1.0638137960852960E-01  0.0000000000000000E+00  0.0000000000000000E+00
    iElt=   2
 EltName=  Seg2
 Element=  Segment
 Surface=  FreeForm
    fElt=  7.018551692587094E+00
    eElt=  9.94713526835832E-01
   KrElt=  -1.4E+01
   KcElt=  -9.894550004701795E-01
  psiElt=  0.0E+00  0.0E+00  -1.0E+00
  VptElt=  0.0E+00  0.0E+00  0.0E+00
  RptElt=  -4.0E-01  6.928203288557364E-01  -2.285733990696448E-02
 FFZernType=  ANSI
nFFZernCoef=    1
 FFZernCoef=  0d0
     lFF=  0.0E+00
MonZernType=  ANSI
nMonZernCoef=    1
MonZernModes=    1
 MonZernCoef=  0d0
    lMon=  4.618802192371576E-01
     pFF=  0.0E+00  0.0E+00  0.0E+00
     xFF=  0.0E+00  0.0E+00  0.0E+00
     yFF=  0.0E+00  0.0E+00  0.0E+00
     zFF=  0.0E+00  0.0E+00  0.0E+00
    pMon=  -4.0E-01  6.928203288557364E-01  -2.285733990696448E-02
    xMon=  -8.656732782150667E-01  4.981673150717439E-01  -4.938726129873855E-02
    yMon=  4.997960362064857E-01  8.656721281311672E-01  -2.856026556496665E-02
    zMon=  2.852538477681361E-02  -4.940741615452106E-02  -9.983712784592057E-01
  IndRef=  1d0
    zElt=  0d0
 PropType= 1
  nECoord= 6
    TElt=  -8.656732782150667E-01  4.997960362064857E-01  2.852538477681361E-02  0.0E+00  0.0E+00  0.0E+00
            4.981673150717439E-01  8.656721281311672E-01  -4.940741615452106E-02  0.0E+00  0.0E+00  0.0E+00
            -4.938726129873855E-02  -2.856026556496665E-02  -9.983712784592057E-01  0.0E+00  0.0E+00  0.0E+00
            0.0E+00  0.0E+00  0.0E+00  -8.656732782150667E-01  4.997960362064857E-01  2.852538477681361E-02
            0.0E+00  0.0E+00  0.0E+00  4.981673150717439E-01  8.656721281311672E-01  -4.940741615452106E-02
            0.0E+00  0.0E+00  0.0E+00  -4.938726129873855E-02  -2.856026556496665E-02  -9.983712784592057E-01
         FFZernType=  BornWolf
        nFFZernCoef=  15
        FFZernModes=  3 4 5 9 10 11 12 13 19 20 21 22 23 24 25
         FFZernCoef=  6.8594689344076559E-04 7.3047132217091768E-07 -9.1445727827561480E-07 6.8188811235483025E-06 -6.2905141870442425E-07 1.0997310839726513E-07
                   -3.5930074311426978E-08 -3.3219658885311298E-07 -2.8183124882578717E-09 -2.6328572533035591E-09 -1.9633739501109700E-09 5.6737450221749659E-09
                   2.4569965328884834E-09 9.4092934174362664E-11 -3.9712968650608364E-09
             lFF=2.1994836868075804E+00
             pFF=  0.0000000000000000E+00  0.0000000000000000E+00  0.0000000000000000E+00
             xFF=  -1.0000000000000000E+00  0.0000000000000000E+00  0.0000000000000000E+00
             yFF=  0.0000000000000000E+00  1.0000000000000000E+00  0.0000000000000000E+00
             zFF=  -0.0000000000000000E+00  0.0000000000000000E+00  -1.0000000000000000E+00
           ApType=  Polygonal
             xObs=  -1.0000000000E+00  0.0000000000E+00  0.0000000000E+00
        PolyApVec=  6
  -4.0000000000E-01  1.1547005442E+00  -5.7745976973E-02
  -1.6653345369E-16  9.2376043653E-01  -5.7745976973E-02
  -5.5511151231E-17  4.6188022118E-01  -5.7745976973E-02
  -4.0000000000E-01  2.3094011350E-01  -5.7745976973E-02
  -8.0000000000E-01  4.6188022118E-01  -5.7745976973E-02
  -8.0000000000E-01  9.2376043653E-01  -5.7745976973E-02
    iElt=   3
 EltName=  Seg3
 Element=  Segment
 Surface=  FreeForm
    fElt=  7.018551692587094E+00
    eElt=  9.94713526835832E-01
   KrElt=  -1.4E+01
   KcElt=  -9.894550004701795E-01
  psiElt=  0.0E+00  0.0E+00  -1.0E+00
  VptElt=  0.0E+00  0.0E+00  0.0E+00
  RptElt=  4.0E-01  6.928203288557364E-01  -2.285733990696448E-02
 FFZernType=  ANSI
nFFZernCoef=    1
 FFZernCoef=  0d0
     lFF=  0.0E+00
MonZernType=  ANSI
nMonZernCoef=    1
MonZernModes=    1
 MonZernCoef=  0d0
    lMon=  4.618802192371576E-01
     pFF=  0.0E+00  0.0E+00  0.0E+00
     xFF=  0.0E+00  0.0E+00  0.0E+00
     yFF=  0.0E+00  0.0E+00  0.0E+00
     zFF=  0.0E+00  0.0E+00  0.0E+00
    pMon=  4.0E-01  6.928203288557364E-01  -2.285733990696448E-02
    xMon=  -1.411088908460796E-03  9.987787078371936E-01  -4.938726150697614E-02
    yMon=  9.995920724232596E-01  0.0E+00  -2.8560265204876E-02
    zMon=  -2.852538477681361E-02  -4.940741615452106E-02  -9.983712784592057E-01
  IndRef=  1d0
    zElt=  0d0
 PropType= 1
  nECoord= 6
    TElt=  -1.411088908460796E-03  9.995920724232596E-01  -2.852538477681361E-02  0.0E+00  0.0E+00  0.0E+00
            9.987787078371936E-01  0.0E+00  -4.940741615452106E-02  0.0E+00  0.0E+00  0.0E+00
            -4.938726150697614E-02  -2.8560265204876E-02  -9.983712784592057E-01  0.0E+00  0.0E+00  0.0E+00
            0.0E+00  0.0E+00  0.0E+00  -1.411088908460796E-03  9.995920724232596E-01  -2.852538477681361E-02
            0.0E+00  0.0E+00  0.0E+00  9.987787078371936E-01  0.0E+00  -4.940741615452106E-02
            0.0E+00  0.0E+00  0.0E+00  -4.938726150697614E-02  -2.8560265204876E-02  -9.983712784592057E-01
         FFZernType=  BornWolf
        nFFZernCoef=  15
        FFZernModes=  3 4 5 9 10 11 12 13 19 20 21 22 23 24 25
         FFZernCoef=  6.8594689344076559E-04 7.3047132217091768E-07 -9.1445727827561480E-07 6.8188811235483025E-06 -6.2905141870442425E-07 1.0997310839726513E-07
                   -3.5930074311426978E-08 -3.3219658885311298E-07 -2.8183124882578717E-09 -2.6328572533035591E-09 -1.9633739501109700E-09 5.6737450221749659E-09
                   2.4569965328884834E-09 9.4092934174362664E-11 -3.9712968650608364E-09
             lFF=2.1994836868075804E+00
             pFF=  0.0000000000000000E+00  0.0000000000000000E+00  0.0000000000000000E+00
             xFF=  -1.0000000000000000E+00  0.0000000000000000E+00  0.0000000000000000E+00
             yFF=  0.0000000000000000E+00  1.0000000000000000E+00  0.0000000000000000E+00
             zFF=  -0.0000000000000000E+00  0.0000000000000000E+00  -1.0000000000000000E+00
           ApType=  Polygonal
             xObs=  -1.0000000000E+00  0.0000000000E+00  0.0000000000E+00
        PolyApVec=  6
  4.0000000000E-01  1.1547005442E+00  -5.7745976973E-02
  8.0000000000E-01  9.2376043653E-01  -5.7745976973E-02
  8.0000000000E-01  4.6188022118E-01  -5.7745976973E-02
  4.0000000000E-01  2.3094011350E-01  -5.7745976973E-02
  2.7755575616E-16  4.6188022118E-01  -5.7745976973E-02
  1.1102230246E-16  9.2376043653E-01  -5.7745976973E-02
    iElt=   4
 EltName=  Seg4
 Element=  Segment
 Surface=  FreeForm
    fElt=  7.018551692587094E+00
    eElt=  9.94713526835832E-01
   KrElt=  -1.4E+01
   KcElt=  -9.894550004701795E-01
  psiElt=  0.0E+00  0.0E+00  -1.0E+00
  VptElt=  0.0E+00  0.0E+00  0.0E+00
  RptElt=  8.0E-01  0.0E+00  -2.28573396185392E-02
 FFZernType=  ANSI
nFFZernCoef=    1
 FFZernCoef=  0d0
     lFF=  0.0E+00
MonZernType=  ANSI
nMonZernCoef=    1
MonZernModes=    1
 MonZernCoef=  0d0
    lMon=  4.618802192371576E-01
     pFF=  0.0E+00  0.0E+00  0.0E+00
     xFF=  0.0E+00  0.0E+00  0.0E+00
     yFF=  0.0E+00  0.0E+00  0.0E+00
     zFF=  0.0E+00  0.0E+00  0.0E+00
    pMon=  8.0E-01  0.0E+00  -2.28573396185392E-02
    xMon=  8.642621893154587E-01  5.006113927603221E-01  -4.938726109252108E-02
    yMon=  4.997960362116299E-01  -8.656721281400773E-01  -2.85602652048698E-02
    zMon=  -5.705076955478641E-02  0.0E+00  -9.983712784797081E-01
  IndRef=  1d0
    zElt=  0d0
 PropType= 1
  nECoord= 6
    TElt=  8.642621893154587E-01  4.997960362116299E-01  -5.705076955478641E-02  0.0E+00  0.0E+00  0.0E+00
            5.006113927603221E-01  -8.656721281400773E-01  0.0E+00  0.0E+00  0.0E+00  0.0E+00
            -4.938726109252108E-02  -2.85602652048698E-02  -9.983712784797081E-01  0.0E+00  0.0E+00  0.0E+00
            0.0E+00  0.0E+00  0.0E+00  8.642621893154587E-01  4.997960362116299E-01  -5.705076955478641E-02
            0.0E+00  0.0E+00  0.0E+00  5.006113927603221E-01  -8.656721281400773E-01  0.0E+00
            0.0E+00  0.0E+00  0.0E+00  -4.938726109252108E-02  -2.85602652048698E-02  -9.983712784797081E-01
         FFZernType=  BornWolf
        nFFZernCoef=  15
        FFZernModes=  3 4 5 9 10 11 12 13 19 20 21 22 23 24 25
         FFZernCoef=  6.8594689344076559E-04 7.3047132217091768E-07 -9.1445727827561480E-07 6.8188811235483025E-06 -6.2905141870442425E-07 1.0997310839726513E-07
                   -3.5930074311426978E-08 -3.3219658885311298E-07 -2.8183124882578717E-09 -2.6328572533035591E-09 -1.9633739501109700E-09 5.6737450221749659E-09
                   2.4569965328884834E-09 9.4092934174362664E-11 -3.9712968650608364E-09
             lFF=2.1994836868075804E+00
             pFF=  0.0000000000000000E+00  0.0000000000000000E+00  0.0000000000000000E+00
             xFF=  -1.0000000000000000E+00  0.0000000000000000E+00  0.0000000000000000E+00
             yFF=  0.0000000000000000E+00  1.0000000000000000E+00  0.0000000000000000E+00
             zFF=  -0.0000000000000000E+00  0.0000000000000000E+00  -1.0000000000000000E+00
           ApType=  Polygonal
             xObs=  -1.0000000000E+00  0.0000000000E+00  0.0000000000E+00
        PolyApVec=  6
  8.0000000000E-01  4.6188021535E-01  -5.7745976973E-02
  1.2000000000E+00  2.3094010768E-01  -5.7745976973E-02
  1.2000000000E+00  -2.3094010768E-01  -5.7745976973E-02
  8.0000000000E-01  -4.6188021535E-01  -5.7745976973E-02
  4.0000000000E-01  -2.3094010768E-01  -5.7745976973E-02
  4.0000000000E-01  2.3094010768E-01  -5.7745976973E-02
    iElt=   5
 EltName=  Seg5
 Element=  Segment
 Surface=  FreeForm
    fElt=  7.018551692587094E+00
    eElt=  9.94713526835832E-01
   KrElt=  -1.4E+01
   KcElt=  -9.894550004701795E-01
  psiElt=  0.0E+00  0.0E+00  -1.0E+00
  VptElt=  0.0E+00  0.0E+00  0.0E+00
  RptElt=  4.0E-01  -6.928203288557364E-01  -2.285733990696448E-02
 FFZernType=  ANSI
nFFZernCoef=    1
 FFZernCoef=  0d0
     lFF=  0.0E+00
MonZernType=  ANSI
nMonZernCoef=    1
MonZernModes=    1
 MonZernCoef=  0d0
    lMon=  4.618802192371576E-01
     pFF=  0.0E+00  0.0E+00  0.0E+00
     xFF=  0.0E+00  0.0E+00  0.0E+00
     yFF=  0.0E+00  0.0E+00  0.0E+00
     zFF=  0.0E+00  0.0E+00  0.0E+00
    pMon=  4.0E-01  -6.928203288557364E-01  -2.285733990696448E-02
    xMon=  8.656732782150667E-01  -4.981673150717439E-01  -4.938726129873855E-02
    yMon=  -4.997960362064857E-01  -8.656721281311672E-01  -2.856026556496665E-02
    zMon=  -2.852538477681361E-02  4.940741615452106E-02  -9.983712784592057E-01
  IndRef=  1d0
    zElt=  0d0
 PropType= 1
  nECoord= 6
    TElt=  8.656732782150667E-01  -4.997960362064857E-01  -2.852538477681361E-02  0.0E+00  0.0E+00  0.0E+00
            -4.981673150717439E-01  -8.656721281311672E-01  4.940741615452106E-02  0.0E+00  0.0E+00  0.0E+00
            -4.938726129873855E-02  -2.856026556496665E-02  -9.983712784592057E-01  0.0E+00  0.0E+00  0.0E+00
            0.0E+00  0.0E+00  0.0E+00  8.656732782150667E-01  -4.997960362064857E-01  -2.852538477681361E-02
            0.0E+00  0.0E+00  0.0E+00  -4.981673150717439E-01  -8.656721281311672E-01  4.940741615452106E-02
            0.0E+00  0.0E+00  0.0E+00  -4.938726129873855E-02  -2.856026556496665E-02  -9.983712784592057E-01
         FFZernType=  BornWolf
        nFFZernCoef=  15
        FFZernModes=  3 4 5 9 10 11 12 13 19 20 21 22 23 24 25
         FFZernCoef=  6.8594689344076559E-04 7.3047132217091768E-07 -9.1445727827561480E-07 6.8188811235483025E-06 -6.2905141870442425E-07 1.0997310839726513E-07
                   -3.5930074311426978E-08 -3.3219658885311298E-07 -2.8183124882578717E-09 -2.6328572533035591E-09 -1.9633739501109700E-09 5.6737450221749659E-09
                   2.4569965328884834E-09 9.4092934174362664E-11 -3.9712968650608364E-09
             lFF=2.1994836868075804E+00
             pFF=  0.0000000000000000E+00  0.0000000000000000E+00  0.0000000000000000E+00
             xFF=  -1.0000000000000000E+00  0.0000000000000000E+00  0.0000000000000000E+00
             yFF=  0.0000000000000000E+00  1.0000000000000000E+00  0.0000000000000000E+00
             zFF=  -0.0000000000000000E+00  0.0000000000000000E+00  -1.0000000000000000E+00
           ApType=  Polygonal
             xObs=  -1.0000000000E+00  0.0000000000E+00  0.0000000000E+00
        PolyApVec=  6
  4.0000000000E-01  -2.3094011350E-01  -5.7745976973E-02
  8.0000000000E-01  -4.6188022118E-01  -5.7745976973E-02
  8.0000000000E-01  -9.2376043653E-01  -5.7745976973E-02
  4.0000000000E-01  -1.1547005442E+00  -5.7745976973E-02
  2.2204460493E-16  -9.2376043653E-01  -5.7745976973E-02
  2.7755575616E-17  -4.6188022118E-01  -5.7745976973E-02
    iElt=   6
 EltName=  Seg6
 Element=  Segment
 Surface=  FreeForm
    fElt=  7.018551692587094E+00
    eElt=  9.94713526835832E-01
   KrElt=  -1.4E+01
   KcElt=  -9.894550004701795E-01
  psiElt=  0.0E+00  0.0E+00  -1.0E+00
  VptElt=  0.0E+00  0.0E+00  0.0E+00
  RptElt=  -4.0E-01  -6.928203288557364E-01  -2.285733990696448E-02
 FFZernType=  ANSI
nFFZernCoef=    1
 FFZernCoef=  0d0
     lFF=  0.0E+00
MonZernType=  ANSI
nMonZernCoef=    1
MonZernModes=    1
 MonZernCoef=  0d0
    lMon=  4.618802192371576E-01
     pFF=  0.0E+00  0.0E+00  0.0E+00
     xFF=  0.0E+00  0.0E+00  0.0E+00
     yFF=  0.0E+00  0.0E+00  0.0E+00
     zFF=  0.0E+00  0.0E+00  0.0E+00
    pMon=  -4.0E-01  -6.928203288557364E-01  -2.285733990696448E-02
    xMon=  1.411088908460796E-03  -9.987787078371936E-01  -4.938726150697614E-02
    yMon=  -9.995920724232596E-01  0.0E+00  -2.8560265204876E-02
    zMon=  2.852538477681361E-02  4.940741615452106E-02  -9.983712784592057E-01
  IndRef=  1d0
    zElt=  0d0
 PropType= 1
  nECoord= 6
    TElt=  1.411088908460796E-03  -9.995920724232596E-01  2.852538477681361E-02  0.0E+00  0.0E+00  0.0E+00
            -9.987787078371936E-01  0.0E+00  4.940741615452106E-02  0.0E+00  0.0E+00  0.0E+00
            -4.938726150697614E-02  -2.8560265204876E-02  -9.983712784592057E-01  0.0E+00  0.0E+00  0.0E+00
            0.0E+00  0.0E+00  0.0E+00  1.411088908460796E-03  -9.995920724232596E-01  2.852538477681361E-02
            0.0E+00  0.0E+00  0.0E+00  -9.987787078371936E-01  0.0E+00  4.940741615452106E-02
            0.0E+00  0.0E+00  0.0E+00  -4.938726150697614E-02  -2.8560265204876E-02  -9.983712784592057E-01
         FFZernType=  BornWolf
        nFFZernCoef=  15
        FFZernModes=  3 4 5 9 10 11 12 13 19 20 21 22 23 24 25
         FFZernCoef=  6.8594689344076559E-04 7.3047132217091768E-07 -9.1445727827561480E-07 6.8188811235483025E-06 -6.2905141870442425E-07 1.0997310839726513E-07
                   -3.5930074311426978E-08 -3.3219658885311298E-07 -2.8183124882578717E-09 -2.6328572533035591E-09 -1.9633739501109700E-09 5.6737450221749659E-09
                   2.4569965328884834E-09 9.4092934174362664E-11 -3.9712968650608364E-09
             lFF=2.1994836868075804E+00
             pFF=  0.0000000000000000E+00  0.0000000000000000E+00  0.0000000000000000E+00
             xFF=  -1.0000000000000000E+00  0.0000000000000000E+00  0.0000000000000000E+00
             yFF=  0.0000000000000000E+00  1.0000000000000000E+00  0.0000000000000000E+00
             zFF=  -0.0000000000000000E+00  0.0000000000000000E+00  -1.0000000000000000E+00
           ApType=  Polygonal
             xObs=  -1.0000000000E+00  0.0000000000E+00  0.0000000000E+00
        PolyApVec=  6
  -4.0000000000E-01  -2.3094011350E-01  -5.7745976973E-02
  -1.9428902931E-16  -4.6188022118E-01  -5.7745976973E-02
  -1.1102230246E-16  -9.2376043653E-01  -5.7745976973E-02
  -4.0000000000E-01  -1.1547005442E+00  -5.7745976973E-02
  -8.0000000000E-01  -9.2376043653E-01  -5.7745976973E-02
  -8.0000000000E-01  -4.6188022118E-01  -5.7745976973E-02
    iElt=   7
 EltName=  Seg7
 Element=  Segment
 Surface=  FreeForm
    fElt=  7.018551692587094E+00
    eElt=  9.94713526835832E-01
   KrElt=  -1.4E+01
   KcElt=  -9.894550004701795E-01
  psiElt=  0.0E+00  0.0E+00  -1.0E+00
  VptElt=  0.0E+00  0.0E+00  0.0E+00
  RptElt=  -8.0E-01  0.0E+00  -2.28573396185392E-02
 FFZernType=  ANSI
nFFZernCoef=    1
 FFZernCoef=  0d0
     lFF=  0.0E+00
MonZernType=  ANSI
nMonZernCoef=    1
MonZernModes=    1
 MonZernCoef=  0d0
    lMon=  4.618802192371576E-01
     pFF=  0.0E+00  0.0E+00  0.0E+00
     xFF=  0.0E+00  0.0E+00  0.0E+00
     yFF=  0.0E+00  0.0E+00  0.0E+00
     zFF=  0.0E+00  0.0E+00  0.0E+00
    pMon=  -8.0E-01  0.0E+00  -2.28573396185392E-02
    xMon=  -8.642621893154587E-01  -5.006113927603221E-01  -4.938726109252108E-02
    yMon=  -4.997960362116299E-01  8.656721281400773E-01  -2.85602652048698E-02
    zMon=  5.705076955478641E-02  0.0E+00  -9.983712784797081E-01
  IndRef=  1d0
    zElt=  0d0
 PropType= 1
  nECoord= 6
    TElt=  -8.642621893154587E-01  -4.997960362116299E-01  5.705076955478641E-02  0.0E+00  0.0E+00  0.0E+00
            -5.006113927603221E-01  8.656721281400773E-01  0.0E+00  0.0E+00  0.0E+00  0.0E+00
            -4.938726109252108E-02  -2.85602652048698E-02  -9.983712784797081E-01  0.0E+00  0.0E+00  0.0E+00
            0.0E+00  0.0E+00  0.0E+00  -8.642621893154587E-01  -4.997960362116299E-01  5.705076955478641E-02
            0.0E+00  0.0E+00  0.0E+00  -5.006113927603221E-01  8.656721281400773E-01  0.0E+00
            0.0E+00  0.0E+00  0.0E+00  -4.938726109252108E-02  -2.85602652048698E-02  -9.983712784797081E-01
         FFZernType=  BornWolf
        nFFZernCoef=  15
        FFZernModes=  3 4 5 9 10 11 12 13 19 20 21 22 23 24 25
         FFZernCoef=  6.8594689344076559E-04 7.3047132217091768E-07 -9.1445727827561480E-07 6.8188811235483025E-06 -6.2905141870442425E-07 1.0997310839726513E-07
                   -3.5930074311426978E-08 -3.3219658885311298E-07 -2.8183124882578717E-09 -2.6328572533035591E-09 -1.9633739501109700E-09 5.6737450221749659E-09
                   2.4569965328884834E-09 9.4092934174362664E-11 -3.9712968650608364E-09
             lFF=2.1994836868075804E+00
             pFF=  0.0000000000000000E+00  0.0000000000000000E+00  0.0000000000000000E+00
             xFF=  -1.0000000000000000E+00  0.0000000000000000E+00  0.0000000000000000E+00
             yFF=  0.0000000000000000E+00  1.0000000000000000E+00  0.0000000000000000E+00
             zFF=  -0.0000000000000000E+00  0.0000000000000000E+00  -1.0000000000000000E+00
           ApType=  Polygonal
             xObs=  -1.0000000000E+00  0.0000000000E+00  0.0000000000E+00
        PolyApVec=  6
  -8.0000000000E-01  4.6188021535E-01  -5.7745976973E-02
  -4.0000000000E-01  2.3094010768E-01  -5.7745976973E-02
  -4.0000000000E-01  -2.3094010768E-01  -5.7745976973E-02
  -8.0000000000E-01  -4.6188021535E-01  -5.7745976973E-02
  -1.2000000000E+00  -2.3094010768E-01  -5.7745976973E-02
  -1.2000000000E+00  2.3094010768E-01  -5.7745976973E-02
    iElt=   8
 EltName=  Seg8
 Element=  Segment
 Surface=  FreeForm
    fElt=  7.018551692587094E+00
    eElt=  9.94713526835832E-01
   KrElt=  -1.4E+01
   KcElt=  -9.894550004701795E-01
  psiElt=  0.0E+00  0.0E+00  -1.0E+00
  VptElt=  0.0E+00  0.0E+00  0.0E+00
  RptElt=  -8.0E-01  1.385640657711473E+00  -9.143172092728724E-02
 FFZernType=  ANSI
nFFZernCoef=    1
 FFZernCoef=  0d0
     lFF=  0.0E+00
MonZernType=  ANSI
nMonZernCoef=    1
MonZernModes=    1
 MonZernCoef=  0d0
    lMon=  4.618802192371576E-01
     pFF=  0.0E+00  0.0E+00  0.0E+00
     xFF=  0.0E+00  0.0E+00  0.0E+00
     yFF=  0.0E+00  0.0E+00  0.0E+00
     zFF=  0.0E+00  0.0E+00  0.0E+00
    pMon=  -8.0E-01  1.385640657711473E+00  -9.143172092728724E-02
    xMon=  -8.646329487288711E-01  4.927173712383587E-01  -9.818073157386296E-02
    yMon=  4.991855552914146E-01  8.646147441692131E-01  -5.705370762367793E-02
    zMon=  5.677715527234121E-02  -9.834091846819162E-02  -9.935317903288313E-01
  IndRef=  1d0
    zElt=  0d0
 PropType= 1
  nECoord= 6
    TElt=  -8.646329487288711E-01  4.991855552914146E-01  5.677715527234121E-02  0.0E+00  0.0E+00  0.0E+00
            4.927173712383587E-01  8.646147441692131E-01  -9.834091846819162E-02  0.0E+00  0.0E+00  0.0E+00
            -9.818073157386296E-02  -5.705370762367793E-02  -9.935317903288313E-01  0.0E+00  0.0E+00  0.0E+00
            0.0E+00  0.0E+00  0.0E+00  -8.646329487288711E-01  4.991855552914146E-01  5.677715527234121E-02
            0.0E+00  0.0E+00  0.0E+00  4.927173712383587E-01  8.646147441692131E-01  -9.834091846819162E-02
            0.0E+00  0.0E+00  0.0E+00  -9.818073157386296E-02  -5.705370762367793E-02  -9.935317903288313E-01
         FFZernType=  BornWolf
        nFFZernCoef=  15
        FFZernModes=  3 4 5 9 10 11 12 13 19 20 21 22 23 24 25
         FFZernCoef=  6.8594689344076559E-04 7.3047132217091768E-07 -9.1445727827561480E-07 6.8188811235483025E-06 -6.2905141870442425E-07 1.0997310839726513E-07
                   -3.5930074311426978E-08 -3.3219658885311298E-07 -2.8183124882578717E-09 -2.6328572533035591E-09 -1.9633739501109700E-09 5.6737450221749659E-09
                   2.4569965328884834E-09 9.4092934174362664E-11 -3.9712968650608364E-09
             lFF=2.1994836868075804E+00
             pFF=  0.0000000000000000E+00  0.0000000000000000E+00  0.0000000000000000E+00
             xFF=  -1.0000000000000000E+00  0.0000000000000000E+00  0.0000000000000000E+00
             yFF=  0.0000000000000000E+00  1.0000000000000000E+00  0.0000000000000000E+00
             zFF=  -0.0000000000000000E+00  0.0000000000000000E+00  -1.0000000000000000E+00
           ApType=  Polygonal
             xObs=  -1.0000000000E+00  0.0000000000E+00  0.0000000000E+00
        PolyApVec=  6
  -8.0000000000E-01  1.8475208731E+00  -5.7745976973E-02
  -4.0000000000E-01  1.6165807654E+00  -5.7745976973E-02
  -4.0000000000E-01  1.1547005500E+00  -5.7745976973E-02
  -8.0000000000E-01  9.2376044236E-01  -5.7745976973E-02
  -1.2000000000E+00  1.1547005500E+00  -5.7745976973E-02
  -1.2000000000E+00  1.6165807654E+00  -5.7745976973E-02
    iElt=   9
 EltName=  Seg9
 Element=  Segment
 Surface=  FreeForm
    fElt=  7.018551692587094E+00
    eElt=  9.94713526835832E-01
   KrElt=  -1.4E+01
   KcElt=  -9.894550004701795E-01
  psiElt=  0.0E+00  0.0E+00  -1.0E+00
  VptElt=  0.0E+00  0.0E+00  0.0E+00
  RptElt=  0.0E+00  1.385640657711473E+00  -6.857320063871519E-02
 FFZernType=  ANSI
nFFZernCoef=    1
 FFZernCoef=  0d0
     lFF=  0.0E+00
MonZernType=  ANSI
nMonZernCoef=    1
MonZernModes=    1
 MonZernCoef=  0d0
    lMon=  4.618802192371576E-01
     pFF=  0.0E+00  0.0E+00  0.0E+00
     xFF=  0.0E+00  0.0E+00  0.0E+00
     yFF=  0.0E+00  0.0E+00  0.0E+00
     zFF=  0.0E+00  0.0E+00  0.0E+00
    pMon=  0.0E+00  1.385640657711473E+00  -6.857320063871519E-02
    xMon=  0.0E+00  9.951372358261454E-01  -9.84981313137399E-02
    yMon=  1.0E+00  0.0E+00  0.0E+00
    zMon=  0.0E+00  -9.84981313137399E-02  -9.951372358261454E-01
  IndRef=  1d0
    zElt=  0d0
 PropType= 1
  nECoord= 6
    TElt=  0.0E+00  1.0E+00  0.0E+00  0.0E+00  0.0E+00  0.0E+00
            9.951372358261454E-01  0.0E+00  -9.84981313137399E-02  0.0E+00  0.0E+00  0.0E+00
            -9.84981313137399E-02  0.0E+00  -9.951372358261454E-01  0.0E+00  0.0E+00  0.0E+00
            0.0E+00  0.0E+00  0.0E+00  0.0E+00  1.0E+00  0.0E+00
            0.0E+00  0.0E+00  0.0E+00  9.951372358261454E-01  0.0E+00  -9.84981313137399E-02
            0.0E+00  0.0E+00  0.0E+00  -9.84981313137399E-02  0.0E+00  -9.951372358261454E-01
         FFZernType=  BornWolf
        nFFZernCoef=  15
        FFZernModes=  3 4 5 9 10 11 12 13 19 20 21 22 23 24 25
         FFZernCoef=  6.8594689344076559E-04 7.3047132217091768E-07 -9.1445727827561480E-07 6.8188811235483025E-06 -6.2905141870442425E-07 1.0997310839726513E-07
                   -3.5930074311426978E-08 -3.3219658885311298E-07 -2.8183124882578717E-09 -2.6328572533035591E-09 -1.9633739501109700E-09 5.6737450221749659E-09
                   2.4569965328884834E-09 9.4092934174362664E-11 -3.9712968650608364E-09
             lFF=2.1994836868075804E+00
             pFF=  0.0000000000000000E+00  0.0000000000000000E+00  0.0000000000000000E+00
             xFF=  -1.0000000000000000E+00  0.0000000000000000E+00  0.0000000000000000E+00
             yFF=  0.0000000000000000E+00  1.0000000000000000E+00  0.0000000000000000E+00
             zFF=  -0.0000000000000000E+00  0.0000000000000000E+00  -1.0000000000000000E+00
           ApType=  Polygonal
             xObs=  -1.0000000000E+00  0.0000000000E+00  0.0000000000E+00
        PolyApVec=  6
  0.0000000000E+00  1.8475208731E+00  -5.7745976973E-02
  4.0000000000E-01  1.6165807654E+00  -5.7745976973E-02
  4.0000000000E-01  1.1547005500E+00  -5.7745976973E-02
  2.2204460493E-16  9.2376044236E-01  -5.7745976973E-02
  -4.0000000000E-01  1.1547005500E+00  -5.7745976973E-02
  -4.0000000000E-01  1.6165807654E+00  -5.7745976973E-02
    iElt=  10
 EltName=  Seg10
 Element=  Segment
 Surface=  FreeForm
    fElt=  7.018551692587094E+00
    eElt=  9.94713526835832E-01
   KrElt=  -1.4E+01
   KcElt=  -9.894550004701795E-01
  psiElt=  0.0E+00  0.0E+00  -1.0E+00
  VptElt=  0.0E+00  0.0E+00  0.0E+00
  RptElt=  8.0E-01  1.385640657711473E+00  -9.143172092728724E-02
 FFZernType=  ANSI
nFFZernCoef=    1
 FFZernCoef=  0d0
     lFF=  0.0E+00
MonZernType=  ANSI
nMonZernCoef=    1
MonZernModes=    1
 MonZernCoef=  0d0
    lMon=  4.618802192371576E-01
     pFF=  0.0E+00  0.0E+00  0.0E+00
     xFF=  0.0E+00  0.0E+00  0.0E+00
     yFF=  0.0E+00  0.0E+00  0.0E+00
     zFF=  0.0E+00  0.0E+00  0.0E+00
    pMon=  8.0E-01  1.385640657711473E+00  -9.143172092728724E-02
    xMon=  -5.610713939160426E-03  9.951527841265544E-01  -9.818073199085667E-02
    yMon=  9.983711106238368E-01  0.0E+00  -5.705370690609536E-02
    zMon=  -5.677715527234121E-02  -9.834091846819162E-02  -9.935317903288313E-01
  IndRef=  1d0
    zElt=  0d0
 PropType= 1
  nECoord= 6
    TElt=  -5.610713939160426E-03  9.983711106238368E-01  -5.677715527234121E-02  0.0E+00  0.0E+00  0.0E+00
            9.951527841265544E-01  0.0E+00  -9.834091846819162E-02  0.0E+00  0.0E+00  0.0E+00
            -9.818073199085667E-02  -5.705370690609536E-02  -9.935317903288313E-01  0.0E+00  0.0E+00  0.0E+00
            0.0E+00  0.0E+00  0.0E+00  -5.610713939160426E-03  9.983711106238368E-01  -5.677715527234121E-02
            0.0E+00  0.0E+00  0.0E+00  9.951527841265544E-01  0.0E+00  -9.834091846819162E-02
            0.0E+00  0.0E+00  0.0E+00  -9.818073199085667E-02  -5.705370690609536E-02  -9.935317903288313E-01
         FFZernType=  BornWolf
        nFFZernCoef=  15
        FFZernModes=  3 4 5 9 10 11 12 13 19 20 21 22 23 24 25
         FFZernCoef=  6.8594689344076559E-04 7.3047132217091768E-07 -9.1445727827561480E-07 6.8188811235483025E-06 -6.2905141870442425E-07 1.0997310839726513E-07
                   -3.5930074311426978E-08 -3.3219658885311298E-07 -2.8183124882578717E-09 -2.6328572533035591E-09 -1.9633739501109700E-09 5.6737450221749659E-09
                   2.4569965328884834E-09 9.4092934174362664E-11 -3.9712968650608364E-09
             lFF=2.1994836868075804E+00
             pFF=  0.0000000000000000E+00  0.0000000000000000E+00  0.0000000000000000E+00
             xFF=  -1.0000000000000000E+00  0.0000000000000000E+00  0.0000000000000000E+00
             yFF=  0.0000000000000000E+00  1.0000000000000000E+00  0.0000000000000000E+00
             zFF=  -0.0000000000000000E+00  0.0000000000000000E+00  -1.0000000000000000E+00
           ApType=  Polygonal
             xObs=  -1.0000000000E+00  0.0000000000E+00  0.0000000000E+00
        PolyApVec=  6
  8.0000000000E-01  1.8475208731E+00  -5.7745976973E-02
  1.2000000000E+00  1.6165807654E+00  -5.7745976973E-02
  1.2000000000E+00  1.1547005500E+00  -5.7745976973E-02
  8.0000000000E-01  9.2376044236E-01  -5.7745976973E-02
  4.0000000000E-01  1.1547005500E+00  -5.7745976973E-02
  4.0000000000E-01  1.6165807654E+00  -5.7745976973E-02
    iElt=  11
 EltName=  Seg11
 Element=  Segment
 Surface=  FreeForm
    fElt=  7.018551692587094E+00
    eElt=  9.94713526835832E-01
   KrElt=  -1.4E+01
   KcElt=  -9.894550004701795E-01
  psiElt=  0.0E+00  0.0E+00  -1.0E+00
  VptElt=  0.0E+00  0.0E+00  0.0E+00
  RptElt=  1.2E+00  6.928203288557364E-01  -6.857319977340959E-02
 FFZernType=  ANSI
nFFZernCoef=    1
 FFZernCoef=  0d0
     lFF=  0.0E+00
MonZernType=  ANSI
nMonZernCoef=    1
MonZernModes=    1
 MonZernCoef=  0d0
    lMon=  4.618802192371576E-01
     pFF=  0.0E+00  0.0E+00  0.0E+00
     xFF=  0.0E+00  0.0E+00  0.0E+00
     yFF=  0.0E+00  0.0E+00  0.0E+00
     zFF=  0.0E+00  0.0E+00  0.0E+00
    pMon=  1.2E+00  6.928203288557364E-01  -6.857319977340959E-02
    xMon=  8.618141265477822E-01  4.975686179127775E-01  -9.849813069826151E-02
    yMon=  5.0E-01  -8.660254037844386E-01  3.605440850951827E-10
    zMon=  -8.530188323057891E-02  -4.924906565985274E-02  -9.951372358870652E-01
  IndRef=  1d0
    zElt=  0d0
 PropType= 1
  nECoord= 6
    TElt=  8.618141265477822E-01  5.0E-01  -8.530188323057891E-02  0.0E+00  0.0E+00  0.0E+00
            4.975686179127775E-01  -8.660254037844386E-01  -4.924906565985274E-02  0.0E+00  0.0E+00  0.0E+00
            -9.849813069826151E-02  3.605440850951827E-10  -9.951372358870652E-01  0.0E+00  0.0E+00  0.0E+00
            0.0E+00  0.0E+00  0.0E+00  8.618141265477822E-01  5.0E-01  -8.530188323057891E-02
            0.0E+00  0.0E+00  0.0E+00  4.975686179127775E-01  -8.660254037844386E-01  -4.924906565985274E-02
            0.0E+00  0.0E+00  0.0E+00  -9.849813069826151E-02  3.605440850951827E-10  -9.951372358870652E-01
         FFZernType=  BornWolf
        nFFZernCoef=  15
        FFZernModes=  3 4 5 9 10 11 12 13 19 20 21 22 23 24 25
         FFZernCoef=  6.8594689344076559E-04 7.3047132217091768E-07 -9.1445727827561480E-07 6.8188811235483025E-06 -6.2905141870442425E-07 1.0997310839726513E-07
                   -3.5930074311426978E-08 -3.3219658885311298E-07 -2.8183124882578717E-09 -2.6328572533035591E-09 -1.9633739501109700E-09 5.6737450221749659E-09
                   2.4569965328884834E-09 9.4092934174362664E-11 -3.9712968650608364E-09
             lFF=2.1994836868075804E+00
             pFF=  0.0000000000000000E+00  0.0000000000000000E+00  0.0000000000000000E+00
             xFF=  -1.0000000000000000E+00  0.0000000000000000E+00  0.0000000000000000E+00
             yFF=  0.0000000000000000E+00  1.0000000000000000E+00  0.0000000000000000E+00
             zFF=  -0.0000000000000000E+00  0.0000000000000000E+00  -1.0000000000000000E+00
           ApType=  Polygonal
             xObs=  -1.0000000000E+00  0.0000000000E+00  0.0000000000E+00
        PolyApVec=  6
  1.2000000000E+00  1.1547005442E+00  -5.7745976973E-02
  1.6000000000E+00  9.2376043653E-01  -5.7745976973E-02
  1.6000000000E+00  4.6188022118E-01  -5.7745976973E-02
  1.2000000000E+00  2.3094011350E-01  -5.7745976973E-02
  8.0000000000E-01  4.6188022118E-01  -5.7745976973E-02
  8.0000000000E-01  9.2376043653E-01  -5.7745976973E-02
    iElt=  12
 EltName=  Seg12
 Element=  Segment
 Surface=  FreeForm
    fElt=  7.018551692587094E+00
    eElt=  9.94713526835832E-01
   KrElt=  -1.4E+01
   KcElt=  -9.894550004701795E-01
  psiElt=  0.0E+00  0.0E+00  -1.0E+00
  VptElt=  0.0E+00  0.0E+00  0.0E+00
  RptElt=  1.6E+00  0.0E+00  -9.14317197735266E-02
 FFZernType=  ANSI
nFFZernCoef=    1
 FFZernCoef=  0d0
     lFF=  0.0E+00
MonZernType=  ANSI
nMonZernCoef=    1
MonZernModes=    1
 MonZernCoef=  0d0
    lMon=  4.618802192371576E-01
     pFF=  0.0E+00  0.0E+00  0.0E+00
     xFF=  0.0E+00  0.0E+00  0.0E+00
     yFF=  0.0E+00  0.0E+00  0.0E+00
     zFF=  0.0E+00  0.0E+00  0.0E+00
    pMon=  1.6E+00  0.0E+00  -9.14317197735266E-02
    xMon=  8.59022234824324E-01  5.024354128679533E-01  -9.81807311728382E-02
    yMon=  4.991855553119198E-01  -8.646147442047292E-01  -5.705370690604594E-02
    zMon=  -1.135543105538232E-01  0.0E+00  -9.935317904096708E-01
  IndRef=  1d0
    zElt=  0d0
 PropType= 1
  nECoord= 6
    TElt=  8.59022234824324E-01  4.991855553119198E-01  -1.135543105538232E-01  0.0E+00  0.0E+00  0.0E+00
            5.024354128679533E-01  -8.646147442047292E-01  0.0E+00  0.0E+00  0.0E+00  0.0E+00
            -9.81807311728382E-02  -5.705370690604594E-02  -9.935317904096708E-01  0.0E+00  0.0E+00  0.0E+00
            0.0E+00  0.0E+00  0.0E+00  8.59022234824324E-01  4.991855553119198E-01  -1.135543105538232E-01
            0.0E+00  0.0E+00  0.0E+00  5.024354128679533E-01  -8.646147442047292E-01  0.0E+00
            0.0E+00  0.0E+00  0.0E+00  -9.81807311728382E-02  -5.705370690604594E-02  -9.935317904096708E-01
         FFZernType=  BornWolf
        nFFZernCoef=  15
        FFZernModes=  3 4 5 9 10 11 12 13 19 20 21 22 23 24 25
         FFZernCoef=  6.8594689344076559E-04 7.3047132217091768E-07 -9.1445727827561480E-07 6.8188811235483025E-06 -6.2905141870442425E-07 1.0997310839726513E-07
                   -3.5930074311426978E-08 -3.3219658885311298E-07 -2.8183124882578717E-09 -2.6328572533035591E-09 -1.9633739501109700E-09 5.6737450221749659E-09
                   2.4569965328884834E-09 9.4092934174362664E-11 -3.9712968650608364E-09
             lFF=2.1994836868075804E+00
             pFF=  0.0000000000000000E+00  0.0000000000000000E+00  0.0000000000000000E+00
             xFF=  -1.0000000000000000E+00  0.0000000000000000E+00  0.0000000000000000E+00
             yFF=  0.0000000000000000E+00  1.0000000000000000E+00  0.0000000000000000E+00
             zFF=  -0.0000000000000000E+00  0.0000000000000000E+00  -1.0000000000000000E+00
           ApType=  Polygonal
             xObs=  -1.0000000000E+00  0.0000000000E+00  0.0000000000E+00
        PolyApVec=  6
  1.6000000000E+00  4.6188021535E-01  -5.7745976973E-02
  2.0000000000E+00  2.3094010768E-01  -5.7745976973E-02
  2.0000000000E+00  -2.3094010768E-01  -5.7745976973E-02
  1.6000000000E+00  -4.6188021535E-01  -5.7745976973E-02
  1.2000000000E+00  -2.3094010768E-01  -5.7745976973E-02
  1.2000000000E+00  2.3094010768E-01  -5.7745976973E-02
    iElt=  13
 EltName=  Seg13
 Element=  Segment
 Surface=  FreeForm
    fElt=  7.018551692587094E+00
    eElt=  9.94713526835832E-01
   KrElt=  -1.4E+01
   KcElt=  -9.894550004701795E-01
  psiElt=  0.0E+00  0.0E+00  -1.0E+00
  VptElt=  0.0E+00  0.0E+00  0.0E+00
  RptElt=  1.2E+00  -6.928203288557364E-01  -6.857319977340959E-02
 FFZernType=  ANSI
nFFZernCoef=    1
 FFZernCoef=  0d0
     lFF=  0.0E+00
MonZernType=  ANSI
nMonZernCoef=    1
MonZernModes=    1
 MonZernCoef=  0d0
    lMon=  4.618802192371576E-01
     pFF=  0.0E+00  0.0E+00  0.0E+00
     xFF=  0.0E+00  0.0E+00  0.0E+00
     yFF=  0.0E+00  0.0E+00  0.0E+00
     zFF=  0.0E+00  0.0E+00  0.0E+00
    pMon=  1.2E+00  -6.928203288557364E-01  -6.857319977340959E-02
    xMon=  8.618141265477822E-01  -4.975686179127775E-01  -9.849813069826151E-02
    yMon=  -5.0E-01  -8.660254037844386E-01  -3.605440850951827E-10
    zMon=  -8.530188323057891E-02  4.924906565985274E-02  -9.951372358870652E-01
  IndRef=  1d0
    zElt=  0d0
 PropType= 1
  nECoord= 6
    TElt=  8.618141265477822E-01  -5.0E-01  -8.530188323057891E-02  0.0E+00  0.0E+00  0.0E+00
            -4.975686179127775E-01  -8.660254037844386E-01  4.924906565985274E-02  0.0E+00  0.0E+00  0.0E+00
            -9.849813069826151E-02  -3.605440850951827E-10  -9.951372358870652E-01  0.0E+00  0.0E+00  0.0E+00
            0.0E+00  0.0E+00  0.0E+00  8.618141265477822E-01  -5.0E-01  -8.530188323057891E-02
            0.0E+00  0.0E+00  0.0E+00  -4.975686179127775E-01  -8.660254037844386E-01  4.924906565985274E-02
            0.0E+00  0.0E+00  0.0E+00  -9.849813069826151E-02  -3.605440850951827E-10  -9.951372358870652E-01
         FFZernType=  BornWolf
        nFFZernCoef=  15
        FFZernModes=  3 4 5 9 10 11 12 13 19 20 21 22 23 24 25
         FFZernCoef=  6.8594689344076559E-04 7.3047132217091768E-07 -9.1445727827561480E-07 6.8188811235483025E-06 -6.2905141870442425E-07 1.0997310839726513E-07
                   -3.5930074311426978E-08 -3.3219658885311298E-07 -2.8183124882578717E-09 -2.6328572533035591E-09 -1.9633739501109700E-09 5.6737450221749659E-09
                   2.4569965328884834E-09 9.4092934174362664E-11 -3.9712968650608364E-09
             lFF=2.1994836868075804E+00
             pFF=  0.0000000000000000E+00  0.0000000000000000E+00  0.0000000000000000E+00
             xFF=  -1.0000000000000000E+00  0.0000000000000000E+00  0.0000000000000000E+00
             yFF=  0.0000000000000000E+00  1.0000000000000000E+00  0.0000000000000000E+00
             zFF=  -0.0000000000000000E+00  0.0000000000000000E+00  -1.0000000000000000E+00
           ApType=  Polygonal
             xObs=  -1.0000000000E+00  0.0000000000E+00  0.0000000000E+00
        PolyApVec=  6
  1.2000000000E+00  -2.3094011350E-01  -5.7745976973E-02
  1.6000000000E+00  -4.6188022118E-01  -5.7745976973E-02
  1.6000000000E+00  -9.2376043653E-01  -5.7745976973E-02
  1.2000000000E+00  -1.1547005442E+00  -5.7745976973E-02
  8.0000000000E-01  -9.2376043653E-01  -5.7745976973E-02
  8.0000000000E-01  -4.6188022118E-01  -5.7745976973E-02
    iElt=  14
 EltName=  Seg14
 Element=  Segment
 Surface=  FreeForm
    fElt=  7.018551692587094E+00
    eElt=  9.94713526835832E-01
   KrElt=  -1.4E+01
   KcElt=  -9.894550004701795E-01
  psiElt=  0.0E+00  0.0E+00  -1.0E+00
  VptElt=  0.0E+00  0.0E+00  0.0E+00
  RptElt=  8.000000000000002E-01  -1.385640657711473E+00  -9.143172092728724E-02
 FFZernType=  ANSI
nFFZernCoef=    1
 FFZernCoef=  0d0
     lFF=  0.0E+00
MonZernType=  ANSI
nMonZernCoef=    1
MonZernModes=    1
 MonZernCoef=  0d0
    lMon=  4.618802192371576E-01
     pFF=  0.0E+00  0.0E+00  0.0E+00
     xFF=  0.0E+00  0.0E+00  0.0E+00
     yFF=  0.0E+00  0.0E+00  0.0E+00
     zFF=  0.0E+00  0.0E+00  0.0E+00
    pMon=  8.000000000000002E-01  -1.385640657711473E+00  -9.143172092728724E-02
    xMon=  8.646329487288711E-01  -4.927173712383587E-01  -9.818073157386298E-02
    yMon=  -4.991855552914146E-01  -8.646147441692131E-01  -5.705370762367792E-02
    zMon=  -5.677715527234122E-02  9.834091846819162E-02  -9.935317903288313E-01
  IndRef=  1d0
    zElt=  0d0
 PropType= 1
  nECoord= 6
    TElt=  8.646329487288711E-01  -4.991855552914146E-01  -5.677715527234122E-02  0.0E+00  0.0E+00  0.0E+00
            -4.927173712383587E-01  -8.646147441692131E-01  9.834091846819162E-02  0.0E+00  0.0E+00  0.0E+00
            -9.818073157386298E-02  -5.705370762367792E-02  -9.935317903288313E-01  0.0E+00  0.0E+00  0.0E+00
            0.0E+00  0.0E+00  0.0E+00  8.646329487288711E-01  -4.991855552914146E-01  -5.677715527234122E-02
            0.0E+00  0.0E+00  0.0E+00  -4.927173712383587E-01  -8.646147441692131E-01  9.834091846819162E-02
            0.0E+00  0.0E+00  0.0E+00  -9.818073157386298E-02  -5.705370762367792E-02  -9.935317903288313E-01
         FFZernType=  BornWolf
        nFFZernCoef=  15
        FFZernModes=  3 4 5 9 10 11 12 13 19 20 21 22 23 24 25
         FFZernCoef=  6.8594689344076559E-04 7.3047132217091768E-07 -9.1445727827561480E-07 6.8188811235483025E-06 -6.2905141870442425E-07 1.0997310839726513E-07
                   -3.5930074311426978E-08 -3.3219658885311298E-07 -2.8183124882578717E-09 -2.6328572533035591E-09 -1.9633739501109700E-09 5.6737450221749659E-09
                   2.4569965328884834E-09 9.4092934174362664E-11 -3.9712968650608364E-09
             lFF=2.1994836868075804E+00
             pFF=  0.0000000000000000E+00  0.0000000000000000E+00  0.0000000000000000E+00
             xFF=  -1.0000000000000000E+00  0.0000000000000000E+00  0.0000000000000000E+00
             yFF=  0.0000000000000000E+00  1.0000000000000000E+00  0.0000000000000000E+00
             zFF=  -0.0000000000000000E+00  0.0000000000000000E+00  -1.0000000000000000E+00
           ApType=  Polygonal
             xObs=  -1.0000000000E+00  0.0000000000E+00  0.0000000000E+00
        PolyApVec=  6
  8.0000000000E-01  -9.2376044236E-01  -5.7745976973E-02
  1.2000000000E+00  -1.1547005500E+00  -5.7745976973E-02
  1.2000000000E+00  -1.6165807654E+00  -5.7745976973E-02
  8.0000000000E-01  -1.8475208731E+00  -5.7745976973E-02
  4.0000000000E-01  -1.6165807654E+00  -5.7745976973E-02
  4.0000000000E-01  -1.1547005500E+00  -5.7745976973E-02
    iElt=  15
 EltName=  Seg15
 Element=  Segment
 Surface=  FreeForm
    fElt=  7.018551692587094E+00
    eElt=  9.94713526835832E-01
   KrElt=  -1.4E+01
   KcElt=  -9.894550004701795E-01
  psiElt=  0.0E+00  0.0E+00  -1.0E+00
  VptElt=  0.0E+00  0.0E+00  0.0E+00
  RptElt=  1.110223024625157E-16  -1.385640657711473E+00  -6.857320063871519E-02
 FFZernType=  ANSI
nFFZernCoef=    1
 FFZernCoef=  0d0
     lFF=  0.0E+00
MonZernType=  ANSI
nMonZernCoef=    1
MonZernModes=    1
 MonZernCoef=  0d0
    lMon=  4.618802192371576E-01
     pFF=  0.0E+00  0.0E+00  0.0E+00
     xFF=  0.0E+00  0.0E+00  0.0E+00
     yFF=  0.0E+00  0.0E+00  0.0E+00
     zFF=  0.0E+00  0.0E+00  0.0E+00
    pMon=  1.110223024625157E-16  -1.385640657711473E+00  -6.857320063871519E-02
    xMon=  -7.811467269512363E-19  -9.951372358261454E-01  -9.84981313137399E-02
    yMon=  -1.0E+00  0.0E+00  7.93057407823402E-18
    zMon=  -7.892009566728285E-18  9.84981313137399E-02  -9.951372358261454E-01
  IndRef=  1d0
    zElt=  0d0
 PropType= 1
  nECoord= 6
    TElt=  -7.811467269512363E-19  -1.0E+00  -7.892009566728285E-18  0.0E+00  0.0E+00  0.0E+00
            -9.951372358261454E-01  0.0E+00  9.84981313137399E-02  0.0E+00  0.0E+00  0.0E+00
            -9.84981313137399E-02  7.93057407823402E-18  -9.951372358261454E-01  0.0E+00  0.0E+00  0.0E+00
            0.0E+00  0.0E+00  0.0E+00  -7.811467269512363E-19  -1.0E+00  -7.892009566728285E-18
            0.0E+00  0.0E+00  0.0E+00  -9.951372358261454E-01  0.0E+00  9.84981313137399E-02
            0.0E+00  0.0E+00  0.0E+00  -9.84981313137399E-02  7.93057407823402E-18  -9.951372358261454E-01
         FFZernType=  BornWolf
        nFFZernCoef=  15
        FFZernModes=  3 4 5 9 10 11 12 13 19 20 21 22 23 24 25
         FFZernCoef=  6.8594689344076559E-04 7.3047132217091768E-07 -9.1445727827561480E-07 6.8188811235483025E-06 -6.2905141870442425E-07 1.0997310839726513E-07
                   -3.5930074311426978E-08 -3.3219658885311298E-07 -2.8183124882578717E-09 -2.6328572533035591E-09 -1.9633739501109700E-09 5.6737450221749659E-09
                   2.4569965328884834E-09 9.4092934174362664E-11 -3.9712968650608364E-09
             lFF=2.1994836868075804E+00
             pFF=  0.0000000000000000E+00  0.0000000000000000E+00  0.0000000000000000E+00
             xFF=  -1.0000000000000000E+00  0.0000000000000000E+00  0.0000000000000000E+00
             yFF=  0.0000000000000000E+00  1.0000000000000000E+00  0.0000000000000000E+00
             zFF=  -0.0000000000000000E+00  0.0000000000000000E+00  -1.0000000000000000E+00
           ApType=  Polygonal
             xObs=  -1.0000000000E+00  0.0000000000E+00  0.0000000000E+00
        PolyApVec=  6
  -5.5511151231E-17  -9.2376044236E-01  -5.7745976973E-02
  4.0000000000E-01  -1.1547005500E+00  -5.7745976973E-02
  4.0000000000E-01  -1.6165807654E+00  -5.7745976973E-02
  2.2204460493E-16  -1.8475208731E+00  -5.7745976973E-02
  -4.0000000000E-01  -1.6165807654E+00  -5.7745976973E-02
  -4.0000000000E-01  -1.1547005500E+00  -5.7745976973E-02
    iElt=  16
 EltName=  Seg16
 Element=  Segment
 Surface=  FreeForm
    fElt=  7.018551692587094E+00
    eElt=  9.94713526835832E-01
   KrElt=  -1.4E+01
   KcElt=  -9.894550004701795E-01
  psiElt=  0.0E+00  0.0E+00  -1.0E+00
  VptElt=  0.0E+00  0.0E+00  0.0E+00
  RptElt=  -7.999999999999999E-01  -1.385640657711473E+00  -9.143172092728724E-02
 FFZernType=  ANSI
nFFZernCoef=    1
 FFZernCoef=  0d0
     lFF=  0.0E+00
MonZernType=  ANSI
nMonZernCoef=    1
MonZernModes=    1
 MonZernCoef=  0d0
    lMon=  4.618802192371576E-01
     pFF=  0.0E+00  0.0E+00  0.0E+00
     xFF=  0.0E+00  0.0E+00  0.0E+00
     yFF=  0.0E+00  0.0E+00  0.0E+00
     zFF=  0.0E+00  0.0E+00  0.0E+00
    pMon=  -7.999999999999999E-01  -1.385640657711473E+00  -9.143172092728724E-02
    xMon=  5.610713939160425E-03  -9.951527841265544E-01  -9.818073199085667E-02
    yMon=  -9.983711106238368E-01  0.0E+00  -5.705370690609535E-02
    zMon=  5.677715527234121E-02  9.834091846819162E-02  -9.935317903288313E-01
  IndRef=  1d0
    zElt=  0d0
 PropType= 1
  nECoord= 6
    TElt=  5.610713939160425E-03  -9.983711106238368E-01  5.677715527234121E-02  0.0E+00  0.0E+00  0.0E+00
            -9.951527841265544E-01  0.0E+00  9.834091846819162E-02  0.0E+00  0.0E+00  0.0E+00
            -9.818073199085667E-02  -5.705370690609535E-02  -9.935317903288313E-01  0.0E+00  0.0E+00  0.0E+00
            0.0E+00  0.0E+00  0.0E+00  5.610713939160425E-03  -9.983711106238368E-01  5.677715527234121E-02
            0.0E+00  0.0E+00  0.0E+00  -9.951527841265544E-01  0.0E+00  9.834091846819162E-02
            0.0E+00  0.0E+00  0.0E+00  -9.818073199085667E-02  -5.705370690609535E-02  -9.935317903288313E-01
         FFZernType=  BornWolf
        nFFZernCoef=  15
        FFZernModes=  3 4 5 9 10 11 12 13 19 20 21 22 23 24 25
         FFZernCoef=  6.8594689344076559E-04 7.3047132217091768E-07 -9.1445727827561480E-07 6.8188811235483025E-06 -6.2905141870442425E-07 1.0997310839726513E-07
                   -3.5930074311426978E-08 -3.3219658885311298E-07 -2.8183124882578717E-09 -2.6328572533035591E-09 -1.9633739501109700E-09 5.6737450221749659E-09
                   2.4569965328884834E-09 9.4092934174362664E-11 -3.9712968650608364E-09
             lFF=2.1994836868075804E+00
             pFF=  0.0000000000000000E+00  0.0000000000000000E+00  0.0000000000000000E+00
             xFF=  -1.0000000000000000E+00  0.0000000000000000E+00  0.0000000000000000E+00
             yFF=  0.0000000000000000E+00  1.0000000000000000E+00  0.0000000000000000E+00
             zFF=  -0.0000000000000000E+00  0.0000000000000000E+00  -1.0000000000000000E+00
           ApType=  Polygonal
             xObs=  -1.0000000000E+00  0.0000000000E+00  0.0000000000E+00
        PolyApVec=  6
  -8.0000000000E-01  -9.2376044236E-01  -5.7745976973E-02
  -4.0000000000E-01  -1.1547005500E+00  -5.7745976973E-02
  -4.0000000000E-01  -1.6165807654E+00  -5.7745976973E-02
  -8.0000000000E-01  -1.8475208731E+00  -5.7745976973E-02
  -1.2000000000E+00  -1.6165807654E+00  -5.7745976973E-02
  -1.2000000000E+00  -1.1547005500E+00  -5.7745976973E-02
    iElt=  17
 EltName=  Seg17
 Element=  Segment
 Surface=  FreeForm
    fElt=  7.018551692587094E+00
    eElt=  9.94713526835832E-01
   KrElt=  -1.4E+01
   KcElt=  -9.894550004701795E-01
  psiElt=  0.0E+00  0.0E+00  -1.0E+00
  VptElt=  0.0E+00  0.0E+00  0.0E+00
  RptElt=  -1.2E+00  -6.928203288557364E-01  -6.857319977340959E-02
 FFZernType=  ANSI
nFFZernCoef=    1
 FFZernCoef=  0d0
     lFF=  0.0E+00
MonZernType=  ANSI
nMonZernCoef=    1
MonZernModes=    1
 MonZernCoef=  0d0
    lMon=  4.618802192371576E-01
     pFF=  0.0E+00  0.0E+00  0.0E+00
     xFF=  0.0E+00  0.0E+00  0.0E+00
     yFF=  0.0E+00  0.0E+00  0.0E+00
     zFF=  0.0E+00  0.0E+00  0.0E+00
    pMon=  -1.2E+00  -6.928203288557364E-01  -6.857319977340959E-02
    xMon=  -8.618141265477822E-01  -4.975686179127775E-01  -9.849813069826148E-02
    yMon=  -5.0E-01  8.660254037844386E-01  3.605440990407847E-10
    zMon=  8.530188323057888E-02  4.924906565985274E-02  -9.951372358870652E-01
  IndRef=  1d0
    zElt=  0d0
 PropType= 1
  nECoord= 6
    TElt=  -8.618141265477822E-01  -5.0E-01  8.530188323057888E-02  0.0E+00  0.0E+00  0.0E+00
            -4.975686179127775E-01  8.660254037844386E-01  4.924906565985274E-02  0.0E+00  0.0E+00  0.0E+00
            -9.849813069826148E-02  3.605440990407847E-10  -9.951372358870652E-01  0.0E+00  0.0E+00  0.0E+00
            0.0E+00  0.0E+00  0.0E+00  -8.618141265477822E-01  -5.0E-01  8.530188323057888E-02
            0.0E+00  0.0E+00  0.0E+00  -4.975686179127775E-01  8.660254037844386E-01  4.924906565985274E-02
            0.0E+00  0.0E+00  0.0E+00  -9.849813069826148E-02  3.605440990407847E-10  -9.951372358870652E-01
         FFZernType=  BornWolf
        nFFZernCoef=  15
        FFZernModes=  3 4 5 9 10 11 12 13 19 20 21 22 23 24 25
         FFZernCoef=  6.8594689344076559E-04 7.3047132217091768E-07 -9.1445727827561480E-07 6.8188811235483025E-06 -6.2905141870442425E-07 1.0997310839726513E-07
                   -3.5930074311426978E-08 -3.3219658885311298E-07 -2.8183124882578717E-09 -2.6328572533035591E-09 -1.9633739501109700E-09 5.6737450221749659E-09
                   2.4569965328884834E-09 9.4092934174362664E-11 -3.9712968650608364E-09
             lFF=2.1994836868075804E+00
             pFF=  0.0000000000000000E+00  0.0000000000000000E+00  0.0000000000000000E+00
             xFF=  -1.0000000000000000E+00  0.0000000000000000E+00  0.0000000000000000E+00
             yFF=  0.0000000000000000E+00  1.0000000000000000E+00  0.0000000000000000E+00
             zFF=  -0.0000000000000000E+00  0.0000000000000000E+00  -1.0000000000000000E+00
           ApType=  Polygonal
             xObs=  -1.0000000000E+00  0.0000000000E+00  0.0000000000E+00
        PolyApVec=  6
  -1.2000000000E+00  -2.3094011350E-01  -5.7745976973E-02
  -8.0000000000E-01  -4.6188022118E-01  -5.7745976973E-02
  -8.0000000000E-01  -9.2376043653E-01  -5.7745976973E-02
  -1.2000000000E+00  -1.1547005442E+00  -5.7745976973E-02
  -1.6000000000E+00  -9.2376043653E-01  -5.7745976973E-02
  -1.6000000000E+00  -4.6188022118E-01  -5.7745976973E-02
    iElt=  18
 EltName=  Seg18
 Element=  Segment
 Surface=  FreeForm
    fElt=  7.018551692587094E+00
    eElt=  9.94713526835832E-01
   KrElt=  -1.4E+01
   KcElt=  -9.894550004701795E-01
  psiElt=  0.0E+00  0.0E+00  -1.0E+00
  VptElt=  0.0E+00  0.0E+00  0.0E+00
  RptElt=  -1.6E+00  0.0E+00  -9.14317197735266E-02
 FFZernType=  ANSI
nFFZernCoef=    1
 FFZernCoef=  0d0
     lFF=  0.0E+00
MonZernType=  ANSI
nMonZernCoef=    1
MonZernModes=    1
 MonZernCoef=  0d0
    lMon=  4.618802192371576E-01
     pFF=  0.0E+00  0.0E+00  0.0E+00
     xFF=  0.0E+00  0.0E+00  0.0E+00
     yFF=  0.0E+00  0.0E+00  0.0E+00
     zFF=  0.0E+00  0.0E+00  0.0E+00
    pMon=  -1.6E+00  0.0E+00  -9.14317197735266E-02
    xMon=  -8.59022234824324E-01  -5.024354128679533E-01  -9.81807311728382E-02
    yMon=  -4.991855553119198E-01  8.646147442047292E-01  -5.705370690604594E-02
    zMon=  1.135543105538232E-01  0.0E+00  -9.935317904096708E-01
  IndRef=  1d0
    zElt=  0d0
 PropType= 1
  nECoord= 6
    TElt=  -8.59022234824324E-01  -4.991855553119198E-01  1.135543105538232E-01  0.0E+00  0.0E+00  0.0E+00
            -5.024354128679533E-01  8.646147442047292E-01  0.0E+00  0.0E+00  0.0E+00  0.0E+00
            -9.81807311728382E-02  -5.705370690604594E-02  -9.935317904096708E-01  0.0E+00  0.0E+00  0.0E+00
            0.0E+00  0.0E+00  0.0E+00  -8.59022234824324E-01  -4.991855553119198E-01  1.135543105538232E-01
            0.0E+00  0.0E+00  0.0E+00  -5.024354128679533E-01  8.646147442047292E-01  0.0E+00
            0.0E+00  0.0E+00  0.0E+00  -9.81807311728382E-02  -5.705370690604594E-02  -9.935317904096708E-01
         FFZernType=  BornWolf
        nFFZernCoef=  15
        FFZernModes=  3 4 5 9 10 11 12 13 19 20 21 22 23 24 25
         FFZernCoef=  6.8594689344076559E-04 7.3047132217091768E-07 -9.1445727827561480E-07 6.8188811235483025E-06 -6.2905141870442425E-07 1.0997310839726513E-07
                   -3.5930074311426978E-08 -3.3219658885311298E-07 -2.8183124882578717E-09 -2.6328572533035591E-09 -1.9633739501109700E-09 5.6737450221749659E-09
                   2.4569965328884834E-09 9.4092934174362664E-11 -3.9712968650608364E-09
             lFF=2.1994836868075804E+00
             pFF=  0.0000000000000000E+00  0.0000000000000000E+00  0.0000000000000000E+00
             xFF=  -1.0000000000000000E+00  0.0000000000000000E+00  0.0000000000000000E+00
             yFF=  0.0000000000000000E+00  1.0000000000000000E+00  0.0000000000000000E+00
             zFF=  -0.0000000000000000E+00  0.0000000000000000E+00  -1.0000000000000000E+00
           ApType=  Polygonal
             xObs=  -1.0000000000E+00  0.0000000000E+00  0.0000000000E+00
        PolyApVec=  6
  -1.6000000000E+00  4.6188021535E-01  -5.7745976973E-02
  -1.2000000000E+00  2.3094010768E-01  -5.7745976973E-02
  -1.2000000000E+00  -2.3094010768E-01  -5.7745976973E-02
  -1.6000000000E+00  -4.6188021535E-01  -5.7745976973E-02
  -2.0000000000E+00  -2.3094010768E-01  -5.7745976973E-02
  -2.0000000000E+00  2.3094010768E-01  -5.7745976973E-02
    iElt=  19
 EltName=  Seg19
 Element=  Segment
 Surface=  FreeForm
    fElt=  7.018551692587094E+00
    eElt=  9.94713526835832E-01
   KrElt=  -1.4E+01
   KcElt=  -9.894550004701795E-01
  psiElt=  0.0E+00  0.0E+00  -1.0E+00
  VptElt=  0.0E+00  0.0E+00  0.0E+00
  RptElt=  -1.2E+00  6.928203288557364E-01  -6.857319977340959E-02
 FFZernType=  ANSI
nFFZernCoef=    1
 FFZernCoef=  0d0
     lFF=  0.0E+00
MonZernType=  ANSI
nMonZernCoef=    1
MonZernModes=    1
 MonZernCoef=  0d0
    lMon=  4.618802192371576E-01
     pFF=  0.0E+00  0.0E+00  0.0E+00
     xFF=  0.0E+00  0.0E+00  0.0E+00
     yFF=  0.0E+00  0.0E+00  0.0E+00
     zFF=  0.0E+00  0.0E+00  0.0E+00
    pMon=  -1.2E+00  6.928203288557364E-01  -6.857319977340959E-02
    xMon=  -8.618141265477822E-01  4.975686179127775E-01  -9.849813069826151E-02
    yMon=  5.0E-01  8.660254037844386E-01  -3.605440850951827E-10
    zMon=  8.530188323057891E-02  -4.924906565985274E-02  -9.951372358870652E-01
  IndRef=  1d0
    zElt=  0d0
 PropType= 1
  nECoord= 6
    TElt=  -8.618141265477822E-01  5.0E-01  8.530188323057891E-02  0.0E+00  0.0E+00  0.0E+00
            4.975686179127775E-01  8.660254037844386E-01  -4.924906565985274E-02  0.0E+00  0.0E+00  0.0E+00
            -9.849813069826151E-02  -3.605440850951827E-10  -9.951372358870652E-01  0.0E+00  0.0E+00  0.0E+00
            0.0E+00  0.0E+00  0.0E+00  -8.618141265477822E-01  5.0E-01  8.530188323057891E-02
            0.0E+00  0.0E+00  0.0E+00  4.975686179127775E-01  8.660254037844386E-01  -4.924906565985274E-02
            0.0E+00  0.0E+00  0.0E+00  -9.849813069826151E-02  -3.605440850951827E-10  -9.951372358870652E-01
         FFZernType=  BornWolf
        nFFZernCoef=  15
        FFZernModes=  3 4 5 9 10 11 12 13 19 20 21 22 23 24 25
         FFZernCoef=  6.8594689344076559E-04 7.3047132217091768E-07 -9.1445727827561480E-07 6.8188811235483025E-06 -6.2905141870442425E-07 1.0997310839726513E-07
                   -3.5930074311426978E-08 -3.3219658885311298E-07 -2.8183124882578717E-09 -2.6328572533035591E-09 -1.9633739501109700E-09 5.6737450221749659E-09
                   2.4569965328884834E-09 9.4092934174362664E-11 -3.9712968650608364E-09
             lFF=2.1994836868075804E+00
             pFF=  0.0000000000000000E+00  0.0000000000000000E+00  0.0000000000000000E+00
             xFF=  -1.0000000000000000E+00  0.0000000000000000E+00  0.0000000000000000E+00
             yFF=  0.0000000000000000E+00  1.0000000000000000E+00  0.0000000000000000E+00
             zFF=  -0.0000000000000000E+00  0.0000000000000000E+00  -1.0000000000000000E+00
           ApType=  Polygonal
             xObs=  -1.0000000000E+00  0.0000000000E+00  0.0000000000E+00
        PolyApVec=  6
  -1.2000000000E+00  1.1547005442E+00  -5.7745976973E-02
  -8.0000000000E-01  9.2376043653E-01  -5.7745976973E-02
  -8.0000000000E-01  4.6188022118E-01  -5.7745976973E-02
  -1.2000000000E+00  2.3094011350E-01  -5.7745976973E-02
  -1.6000000000E+00  4.6188022118E-01  -5.7745976973E-02
  -1.6000000000E+00  9.2376043653E-01  -5.7745976973E-02

             iElt=  20
          EltName=  M2
          Element=  Reflector
          Surface=  Zernike
            KrElt=-1.6507936507936507E+00
            KcElt=-1.5079142383719306E+00
         ZernType=  BornWolf
        nZernCoef=  15
        ZernModes=  3 4 5 9 10 11 12 13 19 20 21 22 23 24 25
         ZernCoef=  -9.2367062136810055E-04 -1.6007597060303400E-06 -1.3731496375718144E-06 -5.5617979809185036E-06 2.2596811989967222E-06 1.8685739455264960E-07
                   -8.1636838817791106E-08 -3.2074555884028156E-07 5.7685232478439894E-10 1.4783299620037604E-08 -2.9385826523208308E-08 1.4865280532305432E-08
                   -9.0657644400552295E-09 2.0475717199359092E-09 -6.1922551459064548E-09
             lMon=2.3203438551706476E-01
             pMon=  0.0000000000000000E+00  0.0000000000000000E+00  -6.2777777777777777E+00
             xMon=  -1.0000000000000000E+00  0.0000000000000000E+00  0.0000000000000000E+00
             yMon=  0.0000000000000000E+00  1.0000000000000000E+00  0.0000000000000000E+00
             zMon=  -0.0000000000000000E+00  0.0000000000000000E+00  -1.0000000000000000E+00
           psiElt=  -0.0000000000000000E+00  0.0000000000000000E+00  -1.0000000000000000E+00
           VptElt=  0.0000000000000000E+00  0.0000000000000000E+00  -6.2777777777777777E+00
           RptElt=  0.0000000000000000E+00  0.0000000000000000E+00  -6.2777777777777777E+00
           IndRef=1.0E+00
           Extinc=0.0E+00
             nObs=  0
           ApType=  None
         PropType=  Geometric
             zElt=6.5777777777777775E+00
          nECoord=  6
             TElt=  -1.0000000000000000E+00  0.0000000000000000E+00  0.0000000000000000E+00  0.0000000000000000E+00  0.0000000000000000E+00  0.0000000000000000E+00
                    0.0000000000000000E+00  1.0000000000000000E+00  0.0000000000000000E+00  0.0000000000000000E+00  0.0000000000000000E+00  0.0000000000000000E+00
                    -0.0000000000000000E+00  0.0000000000000000E+00  -1.0000000000000000E+00  0.0000000000000000E+00  0.0000000000000000E+00  0.0000000000000000E+00
                    0.0000000000000000E+00  0.0000000000000000E+00  0.0000000000000000E+00  -1.0000000000000000E+00  0.0000000000000000E+00  0.0000000000000000E+00
                    0.0000000000000000E+00  0.0000000000000000E+00  0.0000000000000000E+00  0.0000000000000000E+00  1.0000000000000000E+00  0.0000000000000000E+00
                    0.0000000000000000E+00  0.0000000000000000E+00  0.0000000000000000E+00  -0.0000000000000000E+00  0.0000000000000000E+00  -1.0000000000000000E+00
             iElt=  21
          EltName=  FM
          Element=  Reflector
          Surface=  Flat
            KrElt=-1.0000000000000000E+22
            KcElt=0.0000000000000000E+00
           psiElt=  7.0710678118654746E-01  -0.0000000000000000E+00  -7.0710678118654746E-01
           VptElt=  0.0000000000000000E+00  0.0000000000000000E+00  2.9999999999999982E-01
           RptElt=  0.0000000000000000E+00  0.0000000000000000E+00  2.9999999999999982E-01
           IndRef=1.0E+00
           Extinc=0.0E+00
             nObs=  0
           ApType=  None
         PropType=  Geometric
             zElt=2.0999999999999996E+00
          nECoord=  6
             TElt=  -7.0710678118654757E-01  0.0000000000000000E+00  -7.0710678118654757E-01  0.0000000000000000E+00  0.0000000000000000E+00  0.0000000000000000E+00
                    0.0000000000000000E+00  1.0000000000000000E+00  0.0000000000000000E+00  0.0000000000000000E+00  0.0000000000000000E+00  0.0000000000000000E+00
                    7.0710678118654757E-01  -0.0000000000000000E+00  -7.0710678118654757E-01  0.0000000000000000E+00  0.0000000000000000E+00  0.0000000000000000E+00
                    0.0000000000000000E+00  0.0000000000000000E+00  0.0000000000000000E+00  -7.0710678118654757E-01  0.0000000000000000E+00  -7.0710678118654757E-01
                    0.0000000000000000E+00  0.0000000000000000E+00  0.0000000000000000E+00  0.0000000000000000E+00  1.0000000000000000E+00  0.0000000000000000E+00
                    0.0000000000000000E+00  0.0000000000000000E+00  0.0000000000000000E+00  7.0710678118654757E-01  -0.0000000000000000E+00  -7.0710678118654757E-01
             iElt=  22
          EltName=  M3
          Element=  Reflector
          Surface=  Zernike
            KrElt=-3.2624999999999411E+00
            KcElt=-9.8712086113179864E-01
         ZernType=  BornWolf
        nZernCoef=  15
        ZernModes=  3 4 5 9 10 11 12 13 19 20 21 22 23 24 25
         ZernCoef=  6.5032692809730496E-04 -7.4254364348181016E-06 -6.6826984087820576E-07 3.3446083701765609E-07 -5.2072424989881703E-06 -1.8972407862756219E-07
                   6.1735868767721840E-08 9.7807638123637861E-08 -6.0038630302762289E-10 -3.6462060576330283E-09 -2.6879541401085888E-09 -2.2547602983907522E-09
                   8.7736717995297504E-09 5.2888151733955455E-09 4.0860661052521698E-09
             lMon=1.7131343931317472E-01
             pMon=  2.0999999999999992E+00  0.0000000000000000E+00  3.0000000000000027E-01
             xMon=  -2.2204460492503136E-16  0.0000000000000000E+00  1.0000000000000000E+00
             yMon=  0.0000000000000000E+00  1.0000000000000000E+00  0.0000000000000000E+00
             zMon=  -1.0000000000000000E+00  0.0000000000000000E+00  -2.2204460492503136E-16
           psiElt=  -9.9999999999999978E-01  0.0000000000000000E+00  -2.2204460492503131E-16
           VptElt=  2.0999999999999992E+00  0.0000000000000000E+00  3.0000000000000027E-01
           RptElt=  2.0999999999999992E+00  0.0000000000000000E+00  3.0000000000000027E-01
           IndRef=1.0E+00
           Extinc=0.0E+00
             nObs=  0
           ApType=  None
         PropType=  Geometric
             zElt=4.1792134101280443E+00
          nECoord=  6
             TElt=  -2.2204460492503136E-16  0.0000000000000000E+00  1.0000000000000000E+00  0.0000000000000000E+00  0.0000000000000000E+00  0.0000000000000000E+00
                    0.0000000000000000E+00  1.0000000000000000E+00  0.0000000000000000E+00  0.0000000000000000E+00  0.0000000000000000E+00  0.0000000000000000E+00
                    -1.0000000000000000E+00  0.0000000000000000E+00  -2.2204460492503136E-16  0.0000000000000000E+00  0.0000000000000000E+00  0.0000000000000000E+00
                    0.0000000000000000E+00  0.0000000000000000E+00  0.0000000000000000E+00  -2.2204460492503136E-16  0.0000000000000000E+00  1.0000000000000000E+00
                    0.0000000000000000E+00  0.0000000000000000E+00  0.0000000000000000E+00  0.0000000000000000E+00  1.0000000000000000E+00  0.0000000000000000E+00
                    0.0000000000000000E+00  0.0000000000000000E+00  0.0000000000000000E+00  -1.0000000000000000E+00  0.0000000000000000E+00  -2.2204460492503136E-16
             iElt=  23
          EltName=  M4
          Element=  Reflector
          Surface=  Zernike
            KrElt=-1.0000000000000000E+06
            KcElt=0.0000000000000000E+00
         ZernType=  BornWolf
        nZernCoef=  15
        ZernModes=  3 4 5 9 10 11 12 13 19 20 21 22 23 24 25
         ZernCoef=  3.7923458190459349E-09 -1.6041293863035102E-08 -2.6391856087299851E-08 -6.2762789313266440E-09 6.0261795447587973E-09 1.9019482660870936E-08
                   1.5967138179785477E-08 -1.8168591006395086E-09 4.9485317911203524E-09 -1.0310942972938408E-08 -9.7177537819480717E-10 1.9086619654527286E-09
                   -9.6866217382303150E-10 1.1953475083939911E-09 3.4554773292497489E-10
             lMon=7.8783723775472839E-02
             pMon=  -2.0792134101280442E+00  0.0000000000000000E+00  2.9999999999999938E-01
             xMon=  2.2204460492503136E-16  0.0000000000000000E+00  -1.0000000000000000E+00
             yMon=  8.7155742747658180E-02  9.9619469809174555E-01  1.9352462465351429E-17
             zMon=  9.9619469809174555E-01  -8.7155742747658180E-02  2.2119965816619253E-16
           psiElt=  9.9619469809174532E-01  -8.7155742747658166E-02  2.2119965816619248E-16
           VptElt=  -2.0792134101280442E+00  0.0000000000000000E+00  2.9999999999999938E-01
           RptElt=  -2.0792134101280442E+00  0.0000000000000000E+00  2.9999999999999938E-01
           IndRef=1.0E+00
           Extinc=0.0E+00
             nObs=  0
           ApType=  None
         PropType=  Geometric
             zElt=1.5338074031828581E+00
          nECoord=  6
             TElt=  2.2204460492503136E-16  0.0000000000000000E+00  -1.0000000000000000E+00  0.0000000000000000E+00  0.0000000000000000E+00  0.0000000000000000E+00
                    8.7155742747658180E-02  9.9619469809174555E-01  1.9352462465351429E-17  0.0000000000000000E+00  0.0000000000000000E+00  0.0000000000000000E+00
                    9.9619469809174555E-01  -8.7155742747658180E-02  2.2119965816619253E-16  0.0000000000000000E+00  0.0000000000000000E+00  0.0000000000000000E+00
                    0.0000000000000000E+00  0.0000000000000000E+00  0.0000000000000000E+00  2.2204460492503136E-16  0.0000000000000000E+00  -1.0000000000000000E+00
                    0.0000000000000000E+00  0.0000000000000000E+00  0.0000000000000000E+00  8.7155742747658180E-02  9.9619469809174555E-01  1.9352462465351429E-17
                    0.0000000000000000E+00  0.0000000000000000E+00  0.0000000000000000E+00  9.9619469809174555E-01  -8.7155742747658180E-02  2.2119965816619253E-16
             iElt=  24
          EltName=  M5
          Element=  Reflector
          Surface=  Zernike
            KrElt=-2.0000000000000000E+00
            KcElt=0.0000000000000000E+00
         ZernType=  BornWolf
        nZernCoef=  15
        ZernModes=  3 4 5 9 10 11 12 13 19 20 21 22 23 24 25
         ZernCoef=  -5.4803132188636363E-04 -1.7960514481177030E-06 -6.0784226416495758E-07 2.1242389747639259E-06 -1.1395061255915688E-05 -1.0514108096830436E-08
                   -3.1183181587447045E-08 1.8317543014476992E-09 3.3028688482878916E-08 -5.1456094639823758E-08 4.5079173225526183E-08 7.1742521317300167E-09
                   -1.2843720982574441E-08 -3.3267455561766521E-09 -6.2699525051236823E-09
             lMon=1.7075887892559749E-01
             pMon=  -5.6870798784604404E-01  -2.6634286045474997E-01  2.9999999999999971E-01
             xMon=  -2.2204460492503136E-16  0.0000000000000000E+00  1.0000000000000000E+00
             yMon=  2.9538693258783671E-01  9.5537770544238088E-01  6.5589074746483071E-17
             zMon=  -9.5537770544238099E-01  2.9538693258783671E-01  -2.1213646515913647E-16
           psiElt=  -9.5537770544238065E-01  2.9538693258783660E-01  -2.1213646515913639E-16
           VptElt=  -5.6870798784604404E-01  -2.6634286045474997E-01  2.9999999999999971E-01
           RptElt=  -5.6870798784604404E-01  -2.6634286045474997E-01  2.9999999999999971E-01
           IndRef=1.0E+00
           Extinc=0.0E+00
             nObs=  0
           ApType=  None
         PropType=  Geometric
             zElt=1.0160675790064644E+00
          nECoord=  6
             TElt=  -2.2204460492503136E-16  0.0000000000000000E+00  1.0000000000000000E+00  0.0000000000000000E+00  0.0000000000000000E+00  0.0000000000000000E+00
                    2.9538693258783671E-01  9.5537770544238088E-01  6.5589074746483071E-17  0.0000000000000000E+00  0.0000000000000000E+00  0.0000000000000000E+00
                    -9.5537770544238099E-01  2.9538693258783671E-01  -2.1213646515913647E-16  0.0000000000000000E+00  0.0000000000000000E+00  0.0000000000000000E+00
                    0.0000000000000000E+00  0.0000000000000000E+00  0.0000000000000000E+00  -2.2204460492503136E-16  0.0000000000000000E+00  1.0000000000000000E+00
                    0.0000000000000000E+00  0.0000000000000000E+00  0.0000000000000000E+00  2.9538693258783671E-01  9.5537770544238088E-01  6.5589074746483071E-17
                    0.0000000000000000E+00  0.0000000000000000E+00  0.0000000000000000E+00  -9.5537770544238099E-01  2.9538693258783671E-01  -2.1213646515913647E-16
             iElt=  25
          EltName=  M6
          Element=  Reflector
          Surface=  Conic
            KrElt=-1.0000000000000000E+00
            KcElt=0.0000000000000000E+00
           psiElt=  -9.8515729908321747E-01  1.7165400101092787E-01  -2.1874886326394398E-16
           VptElt=  -1.4943060996475876E+00  1.5277700370999575E-01  2.9999999999999949E-01
           RptElt=  -1.4943060996475876E+00  1.5277700370999575E-01  2.9999999999999949E-01
           IndRef=1.0E+00
           Extinc=0.0E+00
             nObs=  0
           ApType=  None
         PropType=  Geometric
             zElt=1.0160675790064644E+00
          nECoord=  6
             TElt=  -2.2204460492503136E-16  0.0000000000000000E+00  1.0000000000000000E+00  0.0000000000000000E+00  0.0000000000000000E+00  0.0000000000000000E+00
                    1.7165400101092790E-01  9.8515729908321770E-01  3.8114844838272416E-17  0.0000000000000000E+00  0.0000000000000000E+00  0.0000000000000000E+00
                    -9.8515729908321770E-01  1.7165400101092790E-01  -2.1874886326394403E-16  0.0000000000000000E+00  0.0000000000000000E+00  0.0000000000000000E+00
                    0.0000000000000000E+00  0.0000000000000000E+00  0.0000000000000000E+00  -2.2204460492503136E-16  0.0000000000000000E+00  1.0000000000000000E+00
                    0.0000000000000000E+00  0.0000000000000000E+00  0.0000000000000000E+00  1.7165400101092790E-01  9.8515729908321770E-01  3.8114844838272416E-17
                    0.0000000000000000E+00  0.0000000000000000E+00  0.0000000000000000E+00  -9.8515729908321770E-01  1.7165400101092790E-01  -2.1874886326394403E-16
             iElt=  26
          EltName=  M7
          Element=  Reflector
          Surface=  Zernike
            KrElt=-2.0000000000000000E+00
            KcElt=0.0000000000000000E+00
         ZernType=  BornWolf
        nZernCoef=  15
        ZernModes=  3 4 5 9 10 11 12 13 19 20 21 22 23 24 25
         ZernCoef=  -7.7175931525370639E-04 -2.0782030814135849E-06 -2.7660838911884345E-07 1.4419733620026589E-08 1.9225849136160706E-06 -9.1925610482226895E-08
                   1.1438102666514273E-07 -1.7331492419846676E-08 3.5028423959592211E-08 -6.6747904354868853E-08 7.6609213938736466E-08 1.0862380923190859E-08
                   -1.4222952502324779E-08 2.8765263748894650E-09 -3.6804210514767895E-09
             lMon=6.3045640309389195E-02
             pMon=  -4.8150213395447705E-01  2.3414930971373199E-01  2.9999999999999971E-01
             xMon=  -2.2204460492503136E-16  0.0000000000000000E+00  1.0000000000000000E+00
             yMon=  4.5140847503596038E-02  9.9898063238816459E-01  1.0023281649917070E-17
             zMon=  -9.9898063238816448E-01  4.5140847503596038E-02  -2.2181825984638797E-16
           psiElt=  -9.9898063238816426E-01  4.5140847503596031E-02  -2.2181825984638792E-16
           VptElt=  -4.8150213395447705E-01  2.3414930971373199E-01  2.9999999999999971E-01
           RptElt=  -4.8150213395447705E-01  2.3414930971373199E-01  2.9999999999999971E-01
           IndRef=1.0E+00
           Extinc=0.0E+00
             nObs=  0
           ApType=  None
         PropType=  Geometric
             zElt=1.9839232179697790E+00
          nECoord=  6
             TElt=  -2.2204460492503136E-16  0.0000000000000000E+00  1.0000000000000000E+00  0.0000000000000000E+00  0.0000000000000000E+00  0.0000000000000000E+00
                    4.5140847503596038E-02  9.9898063238816459E-01  1.0023281649917070E-17  0.0000000000000000E+00  0.0000000000000000E+00  0.0000000000000000E+00
                    -9.9898063238816448E-01  4.5140847503596038E-02  -2.2181825984638797E-16  0.0000000000000000E+00  0.0000000000000000E+00  0.0000000000000000E+00
                    0.0000000000000000E+00  0.0000000000000000E+00  0.0000000000000000E+00  -2.2204460492503136E-16  0.0000000000000000E+00  1.0000000000000000E+00
                    0.0000000000000000E+00  0.0000000000000000E+00  0.0000000000000000E+00  4.5140847503596038E-02  9.9898063238816459E-01  1.0023281649917070E-17
                    0.0000000000000000E+00  0.0000000000000000E+00  0.0000000000000000E+00  -9.9898063238816448E-01  4.5140847503596038E-02  -2.2181825984638797E-16
             iElt=  27
          EltName=  FP_return
          Element=  Return
          Surface=  Flat
            KrElt=-1.0000000000000000E+22
            KcElt=0.0000000000000000E+00
           psiElt=  9.8429985789594909E-01  -1.7650436183282983E-01  1.4005166513640564E-16
           VptElt=  -2.4321971940721294E+00  5.8394737577513811E-01  2.9999999999999943E-01
           RptElt=  -2.4321971940721294E+00  5.8394737577513811E-01  2.9999999999999943E-01
           IndRef=1.0E+00
           Extinc=0.0E+00
             nObs=  0
           ApType=  Circular
            ApVec=  2.2000000000000002E+00  0.0000000000000000E+00  0.0000000000000000E+00
         PropType=  Geometric
             zElt=1.9659626580554159E+00
          nECoord=  6
             TElt=  1.4228556878569679E-16  3.0814879110195774E-33  -1.0000000000000000E+00  0.0000000000000000E+00  0.0000000000000000E+00  0.0000000000000000E+00
                    1.7650436183282983E-01  9.8429985789594909E-01  2.5114023516540627E-17  0.0000000000000000E+00  0.0000000000000000E+00  0.0000000000000000E+00
                    9.8429985789594909E-01  -1.7650436183282983E-01  1.4005166513640564E-16  0.0000000000000000E+00  0.0000000000000000E+00  0.0000000000000000E+00
                    0.0000000000000000E+00  0.0000000000000000E+00  0.0000000000000000E+00  1.4228556878569679E-16  3.0814879110195774E-33  -1.0000000000000000E+00
                    0.0000000000000000E+00  0.0000000000000000E+00  0.0000000000000000E+00  1.7650436183282983E-01  9.8429985789594909E-01  2.5114023516540627E-17
                    0.0000000000000000E+00  0.0000000000000000E+00  0.0000000000000000E+00  9.8429985789594909E-01  -1.7650436183282983E-01  1.4005166513640564E-16
             iElt=  28
          EltName=  ExitPupil
          Element=  Return
          Surface=  Conic
            KrElt=-1.9659626580554159E+00
            KcElt=0.0000000000000000E+00
           psiElt=  -9.8812806626166461E-01  1.5362732255372796E-01  1.2531683671199805E-03
           VptElt=  -4.8957431442518917E-01  2.8192179637747433E-01  2.9753631778598527E-01
           RptElt=  -4.8957431442518917E-01  2.8192179637747433E-01  2.9753631778598527E-01
           IndRef=1.0E+00
           Extinc=0.0E+00
             nObs=  0
           ApType=  Circular
            ApVec=  2.2000000000000002E+00  0.0000000000000000E+00  0.0000000000000000E+00
         PropType=  FarField
             zElt=1.9659626580554159E+00
          nECoord=  6
             TElt=  1.2682236261825405E-03  0.0000000000000000E+00  9.9999919580409380E-01  0.0000000000000000E+00  0.0000000000000000E+00  0.0000000000000000E+00
                    1.5362719900726407E-01  9.8812886091084950E-01  -1.9483380008980365E-04  0.0000000000000000E+00  0.0000000000000000E+00  0.0000000000000000E+00
                    -9.8812806626166461E-01  1.5362732255372796E-01  1.2531683671199805E-03  0.0000000000000000E+00  0.0000000000000000E+00  0.0000000000000000E+00
                    0.0000000000000000E+00  0.0000000000000000E+00  0.0000000000000000E+00  1.2682236261825405E-03  0.0000000000000000E+00  9.9999919580409380E-01
                    0.0000000000000000E+00  0.0000000000000000E+00  0.0000000000000000E+00  1.5362719900726407E-01  9.8812886091084950E-01  -1.9483380008980365E-04
                    0.0000000000000000E+00  0.0000000000000000E+00  0.0000000000000000E+00  -9.8812806626166461E-01  1.5362732255372796E-01  1.2531683671199805E-03
             iElt=  29
          EltName=  FP
          Element=  FocalPlane
          Surface=  Flat
            KrElt=-1.0000000000000000E+22
            KcElt=0.0000000000000000E+00
           psiElt=  -9.9046636256391840E-01  1.3775479893419512E-01  5.5029665201071616E-11
           VptElt=  -2.4321971940721294E+00  5.8394737577513811E-01  2.9999999999999943E-01
           RptElt=  -2.4321971940721294E+00  5.8394737577513811E-01  2.9999999999999943E-01
           IndRef=1.0E+00
           Extinc=0.0E+00
             nObs=  0
           ApType=  None
         PropType=  Geometric
             zElt=1.0000000000000000E+20
          nECoord=  6
             TElt=  5.5559347879944135E-11  0.0000000000000000E+00  1.0000000000000000E+00  0.0000000000000000E+00  0.0000000000000000E+00  0.0000000000000000E+00
                    1.3775479893419512E-01  9.9046636256391840E-01  -7.6535667961167035E-12  0.0000000000000000E+00  0.0000000000000000E+00  0.0000000000000000E+00
                    -9.9046636256391840E-01  1.3775479893419512E-01  5.5029665201071616E-11  0.0000000000000000E+00  0.0000000000000000E+00  0.0000000000000000E+00
                    0.0000000000000000E+00  0.0000000000000000E+00  0.0000000000000000E+00  5.5559347879944135E-11  0.0000000000000000E+00  1.0000000000000000E+00
                    0.0000000000000000E+00  0.0000000000000000E+00  0.0000000000000000E+00  1.3775479893419512E-01  9.9046636256391840E-01  -7.6535667961167035E-12
                    0.0000000000000000E+00  0.0000000000000000E+00  0.0000000000000000E+00  -9.9046636256391840E-01  1.3775479893419512E-01  5.5029665201071616E-11
% Output Coordinate System Definition
         nOutCord=  5
             Tout=  1.0000000000000000E+00  0.0000000000000000E+00  0.0000000000000000E+00  0.0000000000000000E+00  0.0000000000000000E+00  0.0000000000000000E+00  0.0E+00
                    0.0000000000000000E+00  1.0000000000000000E+00  0.0000000000000000E+00  0.0000000000000000E+00  0.0000000000000000E+00  0.0000000000000000E+00  0.0E+00
                    0.0000000000000000E+00  0.0000000000000000E+00  0.0000000000000000E+00  1.0000000000000000E+00  0.0000000000000000E+00  0.0000000000000000E+00  0.0E+00
                    0.0000000000000000E+00  0.0000000000000000E+00  0.0000000000000000E+00  0.0000000000000000E+00  1.0000000000000000E+00  0.0000000000000000E+00  0.0E+00
                    0.0000000000000000E+00  0.0000000000000000E+00  0.0000000000000000E+00  0.0000000000000000E+00  0.0000000000000000E+00  0.0000000000000000E+00  1.0E+00
