% MACOS prescription emitted by macos.design.Telescope (family=tma)
% Source Definition
        ChfRayDir=  0.0000000000000000E+00  1.4544405305415350E-03  9.9999894230081221E-01
        ChfRayPos=  0.0000000000000000E+00  -8.3416442192823324E-03  -5.7352880514311293E+00
          zSource=1.0E+22
        BaseUnits=  m
        WaveUnits=  m
           IndRef=1.0E+00
           Extinc=0.0E+00
          Wavelen=4.9999999999999998E-07
             Flux=1.0E+00
         Aperture=4.0000000000000000E+00
         Obscratn=0.0E+00
         ApStop=  0.0000000000000000E+00  0.0000000000000000E+00  0.0000000000000000E+00
         GridType=  Circular
         nGridpts=  41
            xGrid=  1.0000000000000000E+00  0.0000000000000000E+00  0.0000000000000000E+00
            yGrid=  0.0000000000000000E+00  1.0000000000000000E+00  0.0000000000000000E+00
% Element Definitions
             nElt=  10
             iElt=  1
          EltName=  M1
          Element=  Reflector
          Surface=  Zernike
            KrElt=-1.0000000000000000E+01
            KcElt=-9.9681874665081815E-01
         ZernType=  BornWolf
        nZernCoef=  15
        ZernModes=  3 4 5 9 10 11 12 13 19 20 21 22 23 24 25
         ZernCoef=  1.7734086488594393E-05 9.5256719338606811E-08 -3.2286088323244288E-07 2.8617787225280931E-07 -1.2938894198124243E-07 2.9103831389948415E-08
                   1.1213210193058937E-07 -1.7172829389383754E-07 -4.4574025571272845E-08 -1.2519690113866090E-07 -2.8340001707615590E-07 -2.0936956442916363E-09
                   2.7960436764215985E-08 5.7416292198376780E-08 1.0639480475242813E-08
             lMon=2.2011751165535105E+00
             pMon=  0.0000000000000000E+00  0.0000000000000000E+00  0.0000000000000000E+00
             xMon=  -1.0000000000000000E+00  0.0000000000000000E+00  0.0000000000000000E+00
             yMon=  0.0000000000000000E+00  1.0000000000000000E+00  0.0000000000000000E+00
             zMon=  -0.0000000000000000E+00  0.0000000000000000E+00  -1.0000000000000000E+00
           psiElt=  -0.0000000000000000E+00  0.0000000000000000E+00  -1.0000000000000000E+00
           VptElt=  0.0000000000000000E+00  0.0000000000000000E+00  0.0000000000000000E+00
           RptElt=  0.0000000000000000E+00  0.0000000000000000E+00  0.0000000000000000E+00
           IndRef=1.0E+00
           Extinc=0.0E+00
             nObs=  0
           ApType=  None
         PropType=  Geometric
             zElt=4.7352941176470589E+00
          nECoord=  6
             TElt=  -1.0000000000000000E+00  0.0000000000000000E+00  0.0000000000000000E+00  0.0000000000000000E+00  0.0000000000000000E+00  0.0000000000000000E+00
                    0.0000000000000000E+00  1.0000000000000000E+00  0.0000000000000000E+00  0.0000000000000000E+00  0.0000000000000000E+00  0.0000000000000000E+00
                    -0.0000000000000000E+00  0.0000000000000000E+00  -1.0000000000000000E+00  0.0000000000000000E+00  0.0000000000000000E+00  0.0000000000000000E+00
                    0.0000000000000000E+00  0.0000000000000000E+00  0.0000000000000000E+00  -1.0000000000000000E+00  0.0000000000000000E+00  0.0000000000000000E+00
                    0.0000000000000000E+00  0.0000000000000000E+00  0.0000000000000000E+00  0.0000000000000000E+00  1.0000000000000000E+00  0.0000000000000000E+00
                    0.0000000000000000E+00  0.0000000000000000E+00  0.0000000000000000E+00  -0.0000000000000000E+00  0.0000000000000000E+00  -1.0000000000000000E+00
             iElt=  2
          EltName=  M2
          Element=  Reflector
          Surface=  Zernike
            KrElt=-5.6470588235294117E-01
            KcElt=-1.2078471515000408E+00
         ZernType=  BornWolf
        nZernCoef=  15
        ZernModes=  3 4 5 9 10 11 12 13 19 20 21 22 23 24 25
         ZernCoef=  -1.1416271964454278E-04 -8.0445341849619619E-06 -1.2208336132451651E-06 -2.0592228240323765E-06 -6.2992665308388285E-07 1.0531925598236061E-07
                   1.0443420208534028E-07 -3.0662420154614654E-07 -3.4598075237865775E-08 -1.6945829546602521E-07 -3.4830936786110514E-07 1.6942707278595189E-09
                   3.6796153095897080E-08 7.1803703170887620E-08 1.5386574198225235E-08
             lMon=1.2044247240689325E-01
             pMon=  0.0000000000000000E+00  0.0000000000000000E+00  -4.7352941176470589E+00
             xMon=  -1.0000000000000000E+00  0.0000000000000000E+00  0.0000000000000000E+00
             yMon=  0.0000000000000000E+00  1.0000000000000000E+00  0.0000000000000000E+00
             zMon=  -0.0000000000000000E+00  0.0000000000000000E+00  -1.0000000000000000E+00
           psiElt=  -0.0000000000000000E+00  0.0000000000000000E+00  -1.0000000000000000E+00
           VptElt=  0.0000000000000000E+00  0.0000000000000000E+00  -4.7352941176470589E+00
           RptElt=  0.0000000000000000E+00  0.0000000000000000E+00  -4.7352941176470589E+00
           IndRef=1.0E+00
           Extinc=0.0E+00
             nObs=  0
           ApType=  None
         PropType=  Geometric
             zElt=5.0352941176470587E+00
          nECoord=  6
             TElt=  -1.0000000000000000E+00  0.0000000000000000E+00  0.0000000000000000E+00  0.0000000000000000E+00  0.0000000000000000E+00  0.0000000000000000E+00
                    0.0000000000000000E+00  1.0000000000000000E+00  0.0000000000000000E+00  0.0000000000000000E+00  0.0000000000000000E+00  0.0000000000000000E+00
                    -0.0000000000000000E+00  0.0000000000000000E+00  -1.0000000000000000E+00  0.0000000000000000E+00  0.0000000000000000E+00  0.0000000000000000E+00
                    0.0000000000000000E+00  0.0000000000000000E+00  0.0000000000000000E+00  -1.0000000000000000E+00  0.0000000000000000E+00  0.0000000000000000E+00
                    0.0000000000000000E+00  0.0000000000000000E+00  0.0000000000000000E+00  0.0000000000000000E+00  1.0000000000000000E+00  0.0000000000000000E+00
                    0.0000000000000000E+00  0.0000000000000000E+00  0.0000000000000000E+00  -0.0000000000000000E+00  0.0000000000000000E+00  -1.0000000000000000E+00
             iElt=  3
          EltName=  FM
          Element=  Reflector
          Surface=  Flat
            KrElt=-1.0000000000000000E+22
            KcElt=0.0000000000000000E+00
           psiElt=  7.0710678118654746E-01  -0.0000000000000000E+00  -7.0710678118654746E-01
           VptElt=  0.0000000000000000E+00  0.0000000000000000E+00  2.9999999999999982E-01
           RptElt=  0.0000000000000000E+00  0.0000000000000000E+00  2.9999999999999982E-01
           IndRef=1.0E+00
           Extinc=0.0E+00
             nObs=  0
           ApType=  None
         PropType=  Geometric
             zElt=2.0999999999999996E+00
          nECoord=  6
             TElt=  -7.0710678118654757E-01  0.0000000000000000E+00  -7.0710678118654757E-01  0.0000000000000000E+00  0.0000000000000000E+00  0.0000000000000000E+00
                    0.0000000000000000E+00  1.0000000000000000E+00  0.0000000000000000E+00  0.0000000000000000E+00  0.0000000000000000E+00  0.0000000000000000E+00
                    7.0710678118654757E-01  -0.0000000000000000E+00  -7.0710678118654757E-01  0.0000000000000000E+00  0.0000000000000000E+00  0.0000000000000000E+00
                    0.0000000000000000E+00  0.0000000000000000E+00  0.0000000000000000E+00  -7.0710678118654757E-01  0.0000000000000000E+00  -7.0710678118654757E-01
                    0.0000000000000000E+00  0.0000000000000000E+00  0.0000000000000000E+00  0.0000000000000000E+00  1.0000000000000000E+00  0.0000000000000000E+00
                    0.0000000000000000E+00  0.0000000000000000E+00  0.0000000000000000E+00  7.0710678118654757E-01  -0.0000000000000000E+00  -7.0710678118654757E-01
             iElt=  4
          EltName=  M3
          Element=  Reflector
          Surface=  Zernike
            KrElt=-2.7473684210527631E+00
            KcElt=-7.5538918447000669E-01
         ZernType=  BornWolf
        nZernCoef=  15
        ZernModes=  3 4 5 9 10 11 12 13 19 20 21 22 23 24 25
         ZernCoef=  5.7586696814434912E-03 -9.2592975761060995E-06 -9.6160218543039313E-07 2.5967023069272107E-06 1.9379450387391538E-06 3.1917537252484758E-07
                   -2.6726020005087434E-07 -1.6004627378417608E-09 -4.8145072062684390E-08 -1.0201386123267966E-07 3.7715189273785235E-07 1.8748574660533855E-07
                   1.9316125606975157E-08 3.1965993538576659E-08 1.0895010260775601E-08
             lMon=1.7526063727970814E-01
             pMon=  2.0999999999999992E+00  0.0000000000000000E+00  3.0000000000000027E-01
             xMon=  -2.2204460492503136E-16  0.0000000000000000E+00  1.0000000000000000E+00
             yMon=  0.0000000000000000E+00  1.0000000000000000E+00  0.0000000000000000E+00
             zMon=  -1.0000000000000000E+00  0.0000000000000000E+00  -2.2204460492503136E-16
           psiElt=  -9.9999999999999978E-01  0.0000000000000000E+00  -2.2204460492503131E-16
           VptElt=  2.0999999999999992E+00  0.0000000000000000E+00  3.0000000000000027E-01
           RptElt=  2.0999999999999992E+00  0.0000000000000000E+00  3.0000000000000027E-01
           IndRef=1.0E+00
           Extinc=0.0E+00
             nObs=  0
           ApType=  None
         PropType=  Geometric
             zElt=3.0567783523520902E+00
          nECoord=  6
             TElt=  -2.2204460492503136E-16  0.0000000000000000E+00  1.0000000000000000E+00  0.0000000000000000E+00  0.0000000000000000E+00  0.0000000000000000E+00
                    0.0000000000000000E+00  1.0000000000000000E+00  0.0000000000000000E+00  0.0000000000000000E+00  0.0000000000000000E+00  0.0000000000000000E+00
                    -1.0000000000000000E+00  0.0000000000000000E+00  -2.2204460492503136E-16  0.0000000000000000E+00  0.0000000000000000E+00  0.0000000000000000E+00
                    0.0000000000000000E+00  0.0000000000000000E+00  0.0000000000000000E+00  -2.2204460492503136E-16  0.0000000000000000E+00  1.0000000000000000E+00
                    0.0000000000000000E+00  0.0000000000000000E+00  0.0000000000000000E+00  0.0000000000000000E+00  1.0000000000000000E+00  0.0000000000000000E+00
                    0.0000000000000000E+00  0.0000000000000000E+00  0.0000000000000000E+00  -1.0000000000000000E+00  0.0000000000000000E+00  -2.2204460492503136E-16
             iElt=  5
          EltName=  M4
          Element=  Reflector
          Surface=  Zernike
            KrElt=-2.0000000000000000E+01
            KcElt=0.0000000000000000E+00
         ZernType=  BornWolf
        nZernCoef=  15
        ZernModes=  3 4 5 9 10 11 12 13 19 20 21 22 23 24 25
         ZernCoef=  0.0000000000000000E+00 0.0000000000000000E+00 0.0000000000000000E+00 0.0000000000000000E+00 0.0000000000000000E+00 0.0000000000000000E+00
                   0.0000000000000000E+00 0.0000000000000000E+00 0.0000000000000000E+00 0.0000000000000000E+00 0.0000000000000000E+00 0.0000000000000000E+00
                   0.0000000000000000E+00 0.0000000000000000E+00 0.0000000000000000E+00
             lMon=9.5308192820396445E-02
             pMon=  -9.5677835235209030E-01  0.0000000000000000E+00  2.9999999999999960E-01
             xMon=  2.2204460492503136E-16  0.0000000000000000E+00  -1.0000000000000000E+00
             yMon=  1.3917310096006547E-01  9.9026806874157025E-01  3.0902636218869244E-17
             zMon=  9.9026806874157036E-01  -1.3917310096006547E-01  2.1988368209359579E-16
           psiElt=  9.9026806874157014E-01  -1.3917310096006544E-01  2.1988368209359574E-16
           VptElt=  -9.5677835235209030E-01  0.0000000000000000E+00  2.9999999999999960E-01
           RptElt=  -9.5677835235209030E-01  0.0000000000000000E+00  2.9999999999999960E-01
           IndRef=1.0E+00
           Extinc=0.0E+00
             nObs=  0
           ApType=  None
         PropType=  Geometric
             zElt=1.0000000000000000E+00
          nECoord=  6
             TElt=  2.2204460492503136E-16  0.0000000000000000E+00  -1.0000000000000000E+00  0.0000000000000000E+00  0.0000000000000000E+00  0.0000000000000000E+00
                    1.3917310096006547E-01  9.9026806874157025E-01  3.0902636218869244E-17  0.0000000000000000E+00  0.0000000000000000E+00  0.0000000000000000E+00
                    9.9026806874157036E-01  -1.3917310096006547E-01  2.1988368209359579E-16  0.0000000000000000E+00  0.0000000000000000E+00  0.0000000000000000E+00
                    0.0000000000000000E+00  0.0000000000000000E+00  0.0000000000000000E+00  2.2204460492503136E-16  0.0000000000000000E+00  -1.0000000000000000E+00
                    0.0000000000000000E+00  0.0000000000000000E+00  0.0000000000000000E+00  1.3917310096006547E-01  9.9026806874157025E-01  3.0902636218869244E-17
                    0.0000000000000000E+00  0.0000000000000000E+00  0.0000000000000000E+00  9.9026806874157036E-01  -1.3917310096006547E-01  2.1988368209359579E-16
             iElt=  6
          EltName=  M5
          Element=  Reflector
          Surface=  Zernike
            KrElt=-2.5640558270632172E+00
            KcElt=-2.1683375978504538E+00
         ZernType=  BornWolf
        nZernCoef=  15
        ZernModes=  3 4 5 9 10 11 12 13 19 20 21 22 23 24 25
         ZernCoef=  -2.2528459214639753E-03 -7.3544376269913541E-05 -4.3909898469961198E-06 -4.7702297518913282E-06 1.8692419465491346E-06 9.8284336473049107E-07
                   -3.2530664827761082E-07 5.3940824062377677E-07 -2.3551278510831283E-08 2.0598150413167447E-08 -2.7591298760094142E-07 2.8622287481781788E-08
                   -2.8184338816682222E-10 6.0392683516454697E-10 -2.4329508822169315E-09
             lMon=1.7015405835530506E-01
             pMon=  4.4833435862283713E-03  -2.7563735581699911E-01  2.9999999999999982E-01
             xMon=  -2.2204460492503136E-16  0.0000000000000000E+00  1.0000000000000000E+00
             yMon=  1.3917310096006544E-01  9.9026806874157025E-01  3.0902636218869238E-17
             zMon=  -9.9026806874157036E-01  1.3917310096006544E-01  -2.1988368209359579E-16
           psiElt=  -9.9026806874157036E-01  1.3917310096006544E-01  -2.1988368209359579E-16
           VptElt=  4.4833435862283713E-03  -2.7563735581699911E-01  2.9999999999999982E-01
           RptElt=  4.4833435862283713E-03  -2.7563735581699911E-01  2.9999999999999982E-01
           IndRef=1.0E+00
           Extinc=0.0E+00
             nObs=  0
           ApType=  None
         PropType=  Geometric
             zElt=1.5000000000000000E+00
          nECoord=  6
             TElt=  -2.2204460492503136E-16  0.0000000000000000E+00  1.0000000000000000E+00  0.0000000000000000E+00  0.0000000000000000E+00  0.0000000000000000E+00
                    1.3917310096006544E-01  9.9026806874157025E-01  3.0902636218869238E-17  0.0000000000000000E+00  0.0000000000000000E+00  0.0000000000000000E+00
                    -9.9026806874157036E-01  1.3917310096006544E-01  -2.1988368209359579E-16  0.0000000000000000E+00  0.0000000000000000E+00  0.0000000000000000E+00
                    0.0000000000000000E+00  0.0000000000000000E+00  0.0000000000000000E+00  -2.2204460492503136E-16  0.0000000000000000E+00  1.0000000000000000E+00
                    0.0000000000000000E+00  0.0000000000000000E+00  0.0000000000000000E+00  1.3917310096006544E-01  9.9026806874157025E-01  3.0902636218869238E-17
                    0.0000000000000000E+00  0.0000000000000000E+00  0.0000000000000000E+00  -9.9026806874157036E-01  1.3917310096006544E-01  -2.1988368209359579E-16
             iElt=  7
          EltName=  M6
          Element=  Reflector
          Surface=  Zernike
            KrElt=-2.5830106503217101E+00
            KcElt=3.9994272113674256E+00
         ZernType=  BornWolf
        nZernCoef=  15
        ZernModes=  3 4 5 9 10 11 12 13 19 20 21 22 23 24 25
         ZernCoef=  5.1853239528152672E-03 2.1663199566018689E-06 4.2250456106165844E-06 -3.5256945925150242E-06 -8.5101915489822233E-06 -2.3244802979589352E-06
                   9.5650838784231432E-08 -4.0373438130352793E-08 1.5424706903352006E-07 -5.1114798665404215E-08 -9.8481213024343064E-08 -1.6056385274700720E-07
                   -2.0244865700301397E-08 -4.8703475173333234E-08 -4.7416422861453481E-09
             lMon=9.7469981348246595E-02
             pMon=  -1.4955166564137714E+00  -2.7563735581699911E-01  2.9999999999999949E-01
             xMon=  2.2204460492503136E-16  0.0000000000000000E+00  -1.0000000000000000E+00
             yMon=  1.3917310096006547E-01  9.9026806874157025E-01  3.0902636218869244E-17
             zMon=  9.9026806874157036E-01  -1.3917310096006547E-01  2.1988368209359579E-16
           psiElt=  9.9026806874157036E-01  -1.3917310096006547E-01  2.1988368209359579E-16
           VptElt=  -1.4955166564137714E+00  -2.7563735581699911E-01  2.9999999999999949E-01
           RptElt=  -1.4955166564137714E+00  -2.7563735581699911E-01  2.9999999999999949E-01
           IndRef=1.0E+00
           Extinc=0.0E+00
             nObs=  0
           ApType=  None
         PropType=  Geometric
             zElt=1.1488256353126620E+00
          nECoord=  6
             TElt=  2.2204460492503136E-16  0.0000000000000000E+00  -1.0000000000000000E+00  0.0000000000000000E+00  0.0000000000000000E+00  0.0000000000000000E+00
                    1.3917310096006547E-01  9.9026806874157025E-01  3.0902636218869244E-17  0.0000000000000000E+00  0.0000000000000000E+00  0.0000000000000000E+00
                    9.9026806874157036E-01  -1.3917310096006547E-01  2.1988368209359579E-16  0.0000000000000000E+00  0.0000000000000000E+00  0.0000000000000000E+00
                    0.0000000000000000E+00  0.0000000000000000E+00  0.0000000000000000E+00  2.2204460492503136E-16  0.0000000000000000E+00  -1.0000000000000000E+00
                    0.0000000000000000E+00  0.0000000000000000E+00  0.0000000000000000E+00  1.3917310096006547E-01  9.9026806874157025E-01  3.0902636218869244E-17
                    0.0000000000000000E+00  0.0000000000000000E+00  0.0000000000000000E+00  9.9026806874157036E-01  -1.3917310096006547E-01  2.1988368209359579E-16
             iElt=  8
          EltName=  FP_return
          Element=  Return
          Surface=  Flat
            KrElt=-1.0000000000000000E+22
            KcElt=0.0000000000000000E+00
           psiElt=  -9.9220364626652335E-01  1.2462714124706499E-01  -2.9704077989076594E-16
           VptElt=  -3.8297513911043701E-01  -4.1537970542628694E-01  2.9999999999999982E-01
           RptElt=  -3.8297513911043701E-01  -4.1537970542628694E-01  2.9999999999999982E-01
           IndRef=1.0E+00
           Extinc=0.0E+00
             nObs=  0
           ApType=  Circular
            ApVec=  2.2000000000000002E+00  0.0000000000000000E+00  0.0000000000000000E+00
         PropType=  Geometric
             zElt=5.2324084033768981E-01
          nECoord=  6
             TElt=  -2.9937481182262821E-16  0.0000000000000000E+00  1.0000000000000000E+00  0.0000000000000000E+00  0.0000000000000000E+00  0.0000000000000000E+00
                    1.2462714124706499E-01  9.9220364626652335E-01  3.7310226958832185E-17  0.0000000000000000E+00  0.0000000000000000E+00  0.0000000000000000E+00
                    -9.9220364626652335E-01  1.2462714124706499E-01  -2.9704077989076594E-16  0.0000000000000000E+00  0.0000000000000000E+00  0.0000000000000000E+00
                    0.0000000000000000E+00  0.0000000000000000E+00  0.0000000000000000E+00  -2.9937481182262821E-16  0.0000000000000000E+00  1.0000000000000000E+00
                    0.0000000000000000E+00  0.0000000000000000E+00  0.0000000000000000E+00  1.2462714124706499E-01  9.9220364626652335E-01  3.7310226958832185E-17
                    0.0000000000000000E+00  0.0000000000000000E+00  0.0000000000000000E+00  -9.9220364626652335E-01  1.2462714124706499E-01  -2.9704077989076594E-16
             iElt=  9
          EltName=  ExitPupil
          Element=  Return
          Surface=  Conic
            KrElt=-5.2324084033768981E-01
            KcElt=0.0000000000000000E+00
           psiElt=  9.9873688872738375E-01  -5.0109113837685300E-02  3.7018651443714804E-03
           VptElt=  -9.0555506804440311E-01  -3.8916057059327952E-01  2.9806303297104209E-01
           RptElt=  -9.0555506804440311E-01  -3.8916057059327952E-01  2.9806303297104209E-01
           IndRef=1.0E+00
           Extinc=0.0E+00
             nObs=  0
           ApType=  Circular
            ApVec=  2.2000000000000002E+00  0.0000000000000000E+00  0.0000000000000000E+00
         PropType=  FarField
             zElt=5.2324084033768981E-01
          nECoord=  6
             TElt=  3.7065214646588595E-03  2.7105054312137611E-20  -9.9999313082572328E-01  0.0000000000000000E+00  0.0000000000000000E+00  0.0000000000000000E+00
                    5.0108769629449504E-02  9.9874374927225551E-01  1.8573050601441488E-04  0.0000000000000000E+00  0.0000000000000000E+00  0.0000000000000000E+00
                    9.9873688872738386E-01  -5.0109113837685307E-02  3.7018651443714808E-03  0.0000000000000000E+00  0.0000000000000000E+00  0.0000000000000000E+00
                    0.0000000000000000E+00  0.0000000000000000E+00  0.0000000000000000E+00  3.7065214646588595E-03  2.7105054312137611E-20  -9.9999313082572328E-01
                    0.0000000000000000E+00  0.0000000000000000E+00  0.0000000000000000E+00  5.0108769629449504E-02  9.9874374927225551E-01  1.8573050601441488E-04
                    0.0000000000000000E+00  0.0000000000000000E+00  0.0000000000000000E+00  9.9873688872738386E-01  -5.0109113837685307E-02  3.7018651443714808E-03
             iElt=  10
          EltName=  FP
          Element=  FocalPlane
          Surface=  Flat
            KrElt=-1.0000000000000000E+22
            KcElt=0.0000000000000000E+00
           psiElt=  9.8762806170282369E-01  -1.5681457756574732E-01  1.7335072796664453E-11
           VptElt=  -3.8297513911043701E-01  -4.1537970542628694E-01  2.9999999999999982E-01
           RptElt=  -3.8297513911043701E-01  -4.1537970542628694E-01  2.9999999999999982E-01
           IndRef=1.0E+00
           Extinc=0.0E+00
             nObs=  0
           ApType=  None
         PropType=  Geometric
             zElt=1.0000000000000000E+20
          nECoord=  6
             TElt=  1.7552227876935882E-11  -4.0389678347315804E-28  -9.9999999999999989E-01  0.0000000000000000E+00  0.0000000000000000E+00  0.0000000000000000E+00
                    1.5681457756574729E-01  9.8762806170282358E-01  2.7524451998594335E-12  0.0000000000000000E+00  0.0000000000000000E+00  0.0000000000000000E+00
                    9.8762806170282347E-01  -1.5681457756574729E-01  1.7335072796664450E-11  0.0000000000000000E+00  0.0000000000000000E+00  0.0000000000000000E+00
                    0.0000000000000000E+00  0.0000000000000000E+00  0.0000000000000000E+00  1.7552227876935882E-11  -4.0389678347315804E-28  -9.9999999999999989E-01
                    0.0000000000000000E+00  0.0000000000000000E+00  0.0000000000000000E+00  1.5681457756574729E-01  9.8762806170282358E-01  2.7524451998594335E-12
                    0.0000000000000000E+00  0.0000000000000000E+00  0.0000000000000000E+00  9.8762806170282347E-01  -1.5681457756574729E-01  1.7335072796664450E-11
% Output Coordinate System Definition
         nOutCord=  5
             Tout=  1.0000000000000000E+00  0.0000000000000000E+00  0.0000000000000000E+00  0.0000000000000000E+00  0.0000000000000000E+00  0.0000000000000000E+00  0.0E+00
                    0.0000000000000000E+00  1.0000000000000000E+00  0.0000000000000000E+00  0.0000000000000000E+00  0.0000000000000000E+00  0.0000000000000000E+00  0.0E+00
                    0.0000000000000000E+00  0.0000000000000000E+00  0.0000000000000000E+00  1.0000000000000000E+00  0.0000000000000000E+00  0.0000000000000000E+00  0.0E+00
                    0.0000000000000000E+00  0.0000000000000000E+00  0.0000000000000000E+00  0.0000000000000000E+00  1.0000000000000000E+00  0.0000000000000000E+00  0.0E+00
                    0.0000000000000000E+00  0.0000000000000000E+00  0.0000000000000000E+00  0.0000000000000000E+00  0.0000000000000000E+00  0.0000000000000000E+00  1.0E+00
